[(35.0, 367.0), (28.0, 376.0), (45.0, 375.0), (-7.0, 333.0), (77.0, 326.0), (7.0, 187.0), (58.0, 189.0), (-16.0, 96.0), (85.0, 95.0), (-10.0, 11.0), (91.0, 10.0), (0, 0), (87.0, -1.0), (-22.0, -27.0), (103.0, -22.0)]
[(34.0, 368.0), (27.0, 377.0), (44.0, 376.0), (-8.0, 334.0), (76.0, 329.0), (6.0, 189.0), (57.0, 191.0), (-14.0, 98.0), (83.0, 96.0), (-9.0, 11.0), (90.0, 10.0), (0, 0), (85.0, -1.0), (-23.0, -27.0), (101.0, -22.0)]
[(32.0, 388.0), (25.0, 397.0), (43.0, 396.0), (-11.0, 351.0), (74.0, 343.0), (4.0, 201.0), (55.0, 203.0), (-10.0, 104.0), (76.0, 103.0), (-10.0, 13.0), (86.0, 12.0), (0, 0), (82.0, -2.0), (-27.0, -24.0), (100.0, -20.0)]
[(31.0, 393.0), (24.0, 402.0), (42.0, 402.0), (-12.0, 354.0), (74.0, 350.0), (5.0, 204.0), (56.0, 206.0), (-5.0, 105.0), (74.0, 106.0), (-8.0, 14.0), (85.0, 13.0), (0, 0), (81.0, 0.0), (-27.0, -22.0), (100.0, -18.0)]
[(29.0, 395.0), (21.0, 405.0), (40.0, 403.0), (-13.0, 356.0), (73.0, 352.0), (4.0, 206.0), (55.0, 209.0), (-4.0, 105.0), (72.0, 106.0), (-8.0, 13.0), (83.0, 13.0), (0, 0), (79.0, 0.0), (-28.0, -22.0), (98.0, -18.0)]
[(29.0, 395.0), (21.0, 405.0), (40.0, 404.0), (-13.0, 357.0), (73.0, 353.0), (5.0, 206.0), (56.0, 208.0), (-4.0, 104.0), (72.0, 105.0), (-8.0, 13.0), (83.0, 13.0), (0, 0), (79.0, 0.0), (-28.0, -22.0), (97.0, -18.0)]
[(29.0, 396.0), (21.0, 406.0), (40.0, 404.0), (-13.0, 358.0), (73.0, 354.0), (6.0, 207.0), (56.0, 210.0), (-2.0, 105.0), (72.0, 106.0), (-8.0, 12.0), (82.0, 13.0), (0, 0), (78.0, 0.0), (-28.0, -22.0), (96.0, -18.0)]
[(29.0, 396.0), (21.0, 406.0), (40.0, 404.0), (-13.0, 359.0), (73.0, 355.0), (6.0, 208.0), (56.0, 210.0), (-3.0, 106.0), (71.0, 107.0), (-8.0, 12.0), (82.0, 13.0), (0, 0), (77.0, 0.0), (-31.0, -22.0), (96.0, -18.0)]
[(30.0, 396.0), (22.0, 407.0), (41.0, 405.0), (-12.0, 359.0), (74.0, 356.0), (7.0, 208.0), (57.0, 211.0), (-1.0, 106.0), (72.0, 108.0), (-7.0, 13.0), (82.0, 14.0), (0, 0), (78.0, 1.0), (-31.0, -21.0), (97.0, -17.0)]
[(30.0, 396.0), (22.0, 406.0), (41.0, 405.0), (-12.0, 358.0), (73.0, 354.0), (7.0, 206.0), (58.0, 209.0), (-1.0, 105.0), (73.0, 107.0), (-7.0, 12.0), (82.0, 13.0), (0, 0), (78.0, 0.0), (-31.0, -22.0), (97.0, -18.0)]
[(29.0, 396.0), (22.0, 406.0), (41.0, 405.0), (-12.0, 358.0), (73.0, 354.0), (7.0, 205.0), (58.0, 209.0), (-1.0, 105.0), (73.0, 106.0), (-7.0, 12.0), (82.0, 13.0), (0, 0), (78.0, 0.0), (-31.0, -22.0), (97.0, -18.0)]
[(29.0, 396.0), (21.0, 406.0), (40.0, 404.0), (-13.0, 357.0), (72.0, 354.0), (7.0, 205.0), (57.0, 208.0), (-2.0, 105.0), (71.0, 106.0), (-8.0, 12.0), (81.0, 13.0), (0, 0), (77.0, 0.0), (-32.0, -22.0), (96.0, -18.0)]
[(29.0, 397.0), (22.0, 407.0), (41.0, 406.0), (-12.0, 357.0), (73.0, 355.0), (8.0, 207.0), (59.0, 210.0), (-1.0, 106.0), (72.0, 107.0), (-7.0, 12.0), (82.0, 13.0), (0, 0), (78.0, 1.0), (-34.0, -21.0), (97.0, -17.0)]
[(29.0, 397.0), (22.0, 407.0), (41.0, 405.0), (-12.0, 357.0), (73.0, 355.0), (8.0, 207.0), (59.0, 210.0), (-1.0, 106.0), (73.0, 108.0), (-7.0, 12.0), (82.0, 13.0), (0, 0), (77.0, 1.0), (-34.0, -21.0), (97.0, -17.0)]
[(29.0, 397.0), (22.0, 407.0), (41.0, 405.0), (-12.0, 358.0), (73.0, 355.0), (8.0, 207.0), (59.0, 210.0), (-0.0, 106.0), (73.0, 108.0), (-7.0, 12.0), (82.0, 13.0), (0, 0), (77.0, 1.0), (-34.0, -21.0), (97.0, -17.0)]
[(29.0, 397.0), (22.0, 407.0), (41.0, 405.0), (-11.0, 357.0), (73.0, 355.0), (8.0, 207.0), (59.0, 210.0), (-0.0, 106.0), (73.0, 107.0), (-7.0, 12.0), (82.0, 13.0), (0, 0), (77.0, 2.0), (-33.0, -22.0), (97.0, -17.0)]
[(29.0, 397.0), (22.0, 407.0), (41.0, 405.0), (-11.0, 358.0), (73.0, 355.0), (8.0, 207.0), (59.0, 210.0), (-0.0, 106.0), (73.0, 107.0), (-7.0, 12.0), (82.0, 14.0), (0, 0), (77.0, 2.0), (-33.0, -22.0), (97.0, -17.0)]
[(30.0, 397.0), (22.0, 407.0), (41.0, 405.0), (-11.0, 358.0), (73.0, 355.0), (8.0, 207.0), (59.0, 209.0), (-0.0, 107.0), (73.0, 107.0), (-7.0, 12.0), (82.0, 14.0), (0, 0), (77.0, 2.0), (-33.0, -22.0), (97.0, -17.0)]
[(30.0, 398.0), (22.0, 408.0), (41.0, 406.0), (-11.0, 359.0), (73.0, 355.0), (9.0, 208.0), (59.0, 210.0), (-0.0, 108.0), (73.0, 108.0), (-8.0, 13.0), (82.0, 15.0), (0, 0), (77.0, 3.0), (-33.0, -21.0), (98.0, -16.0)]
[(31.0, 398.0), (22.0, 408.0), (42.0, 406.0), (-10.0, 359.0), (73.0, 355.0), (9.0, 208.0), (59.0, 210.0), (-0.0, 109.0), (73.0, 108.0), (-8.0, 13.0), (82.0, 15.0), (0, 0), (77.0, 3.0), (-33.0, -21.0), (98.0, -16.0)]
[(32.0, 398.0), (23.0, 408.0), (43.0, 406.0), (-9.0, 359.0), (75.0, 355.0), (10.0, 208.0), (61.0, 210.0), (1.0, 109.0), (74.0, 108.0), (-7.0, 13.0), (83.0, 15.0), (0, 0), (78.0, 3.0), (-32.0, -21.0), (99.0, -16.0)]
[(32.0, 397.0), (24.0, 407.0), (43.0, 406.0), (-9.0, 359.0), (75.0, 355.0), (10.0, 208.0), (61.0, 210.0), (1.0, 108.0), (74.0, 108.0), (-7.0, 12.0), (83.0, 15.0), (0, 0), (78.0, 3.0), (-32.0, -21.0), (99.0, -16.0)]
[(33.0, 396.0), (25.0, 406.0), (44.0, 405.0), (-9.0, 358.0), (75.0, 354.0), (10.0, 207.0), (61.0, 209.0), (-2.0, 108.0), (75.0, 108.0), (-7.0, 12.0), (83.0, 14.0), (0, 0), (78.0, 3.0), (-32.0, -21.0), (99.0, -15.0)]
[(34.0, 391.0), (25.0, 401.0), (44.0, 399.0), (-9.0, 355.0), (75.0, 349.0), (9.0, 204.0), (60.0, 205.0), (-6.0, 106.0), (76.0, 105.0), (-8.0, 12.0), (82.0, 13.0), (0, 0), (77.0, 3.0), (-33.0, -21.0), (98.0, -16.0)]
[(34.0, 391.0), (25.0, 401.0), (44.0, 399.0), (-9.0, 355.0), (76.0, 349.0), (9.0, 203.0), (60.0, 205.0), (-7.0, 107.0), (76.0, 105.0), (-8.0, 12.0), (83.0, 14.0), (0, 0), (78.0, 3.0), (-34.0, -20.0), (98.0, -15.0)]
[(37.0, 375.0), (27.0, 384.0), (46.0, 383.0), (-9.0, 342.0), (77.0, 337.0), (8.0, 193.0), (60.0, 194.0), (-9.0, 98.0), (78.0, 101.0), (-8.0, 12.0), (83.0, 13.0), (0, 0), (78.0, 3.0), (-34.0, -20.0), (98.0, -15.0)]
[(37.0, 361.0), (27.0, 370.0), (47.0, 368.0), (-9.0, 331.0), (79.0, 324.0), (8.0, 183.0), (60.0, 184.0), (-11.0, 94.0), (82.0, 96.0), (-8.0, 11.0), (83.0, 11.0), (0, 0), (78.0, 2.0), (-33.0, -21.0), (98.0, -16.0)]
[(38.0, 348.0), (28.0, 357.0), (48.0, 355.0), (-8.0, 318.0), (80.0, 311.0), (8.0, 172.0), (61.0, 173.0), (-13.0, 85.0), (86.0, 90.0), (-8.0, 11.0), (85.0, 11.0), (0, 0), (80.0, 1.0), (-33.0, -22.0), (99.0, -17.0)]
[(41.0, 343.0), (30.0, 352.0), (50.0, 351.0), (-7.0, 316.0), (81.0, 308.0), (8.0, 171.0), (61.0, 171.0), (-12.0, 83.0), (87.0, 88.0), (-8.0, 11.0), (86.0, 9.0), (0, 0), (81.0, -2.0), (-29.0, -22.0), (100.0, -19.0)]
[(41.0, 331.0), (30.0, 341.0), (50.0, 339.0), (-7.0, 304.0), (81.0, 297.0), (8.0, 161.0), (62.0, 161.0), (-14.0, 77.0), (91.0, 76.0), (-8.0, 10.0), (88.0, 8.0), (0, 0), (82.0, -2.0), (-27.0, -23.0), (102.0, -20.0)]
[(41.0, 325.0), (31.0, 335.0), (51.0, 334.0), (-7.0, 300.0), (81.0, 292.0), (8.0, 159.0), (62.0, 159.0), (-14.0, 75.0), (92.0, 75.0), (-8.0, 8.0), (88.0, 7.0), (0, 0), (83.0, -2.0), (-25.0, -25.0), (102.0, -22.0)]
[(42.0, 300.0), (32.0, 311.0), (52.0, 309.0), (-6.0, 275.0), (82.0, 267.0), (9.0, 140.0), (63.0, 140.0), (-18.0, 66.0), (98.0, 66.0), (-7.0, 6.0), (90.0, 5.0), (0, 0), (84.0, -2.0), (-25.0, -27.0), (105.0, -24.0)]
[(43.0, 283.0), (33.0, 293.0), (53.0, 292.0), (-5.0, 263.0), (83.0, 256.0), (10.0, 133.0), (64.0, 132.0), (-21.0, 61.0), (103.0, 63.0), (-8.0, 4.0), (92.0, 4.0), (0, 0), (86.0, -3.0), (-23.0, -31.0), (106.0, -26.0)]
[(44.0, 281.0), (34.0, 290.0), (54.0, 289.0), (-4.0, 260.0), (84.0, 253.0), (11.0, 131.0), (65.0, 131.0), (-21.0, 60.0), (104.0, 62.0), (-8.0, 4.0), (93.0, 5.0), (0, 0), (87.0, -3.0), (-21.0, -32.0), (107.0, -27.0)]
[(43.0, 270.0), (33.0, 280.0), (53.0, 278.0), (-3.0, 252.0), (84.0, 243.0), (11.0, 124.0), (65.0, 124.0), (-23.0, 58.0), (106.0, 61.0), (-9.0, 5.0), (93.0, 5.0), (0, 0), (87.0, -3.0), (-21.0, -32.0), (107.0, -27.0)]
[(44.0, 245.0), (35.0, 255.0), (54.0, 254.0), (-2.0, 230.0), (85.0, 222.0), (12.0, 104.0), (66.0, 105.0), (-26.0, 52.0), (107.0, 56.0), (-9.0, 3.0), (95.0, 3.0), (0, 0), (88.0, -4.0), (-19.0, -34.0), (107.0, -29.0)]
[(45.0, 230.0), (35.0, 240.0), (54.0, 240.0), (-2.0, 214.0), (85.0, 206.0), (13.0, 91.0), (66.0, 91.0), (-30.0, 48.0), (109.0, 50.0), (-9.0, 2.0), (95.0, 0.0), (0, 0), (89.0, -4.0), (-19.0, -37.0), (105.0, -32.0)]
[(46.0, 232.0), (36.0, 241.0), (55.0, 240.0), (-1.0, 213.0), (86.0, 204.0), (14.0, 89.0), (67.0, 90.0), (-29.0, 49.0), (110.0, 52.0), (-8.0, 3.0), (96.0, 1.0), (0, 0), (90.0, -4.0), (-18.0, -37.0), (105.0, -31.0)]
[(46.0, 223.0), (36.0, 232.0), (55.0, 231.0), (-1.0, 207.0), (86.0, 199.0), (14.0, 82.0), (66.0, 83.0), (-30.0, 47.0), (111.0, 52.0), (-8.0, 3.0), (96.0, 2.0), (0, 0), (90.0, -2.0), (-18.0, -37.0), (105.0, -32.0)]
[(46.0, 209.0), (37.0, 219.0), (56.0, 218.0), (-0.0, 192.0), (86.0, 186.0), (14.0, 68.0), (66.0, 68.0), (-35.0, 47.0), (110.0, 50.0), (-8.0, 3.0), (96.0, 2.0), (0, 0), (91.0, -3.0), (-18.0, -37.0), (105.0, -32.0)]
[(46.0, 205.0), (37.0, 215.0), (56.0, 213.0), (-0.0, 188.0), (86.0, 180.0), (14.0, 65.0), (64.0, 64.0), (-36.0, 49.0), (110.0, 51.0), (-8.0, 3.0), (97.0, 3.0), (0, 0), (92.0, -2.0), (-19.0, -35.0), (105.0, -30.0)]
[(47.0, 205.0), (37.0, 215.0), (57.0, 214.0), (1.0, 186.0), (86.0, 178.0), (14.0, 65.0), (64.0, 63.0), (-35.0, 50.0), (112.0, 50.0), (-8.0, 3.0), (97.0, 3.0), (0, 0), (92.0, -2.0), (-19.0, -35.0), (105.0, -30.0)]
[(47.0, 203.0), (37.0, 214.0), (57.0, 212.0), (1.0, 183.0), (86.0, 175.0), (14.0, 62.0), (63.0, 61.0), (-36.0, 51.0), (114.0, 51.0), (-8.0, 4.0), (97.0, 3.0), (0, 0), (92.0, -2.0), (-19.0, -35.0), (106.0, -29.0)]
[(48.0, 207.0), (38.0, 217.0), (58.0, 215.0), (2.0, 187.0), (87.0, 179.0), (15.0, 64.0), (64.0, 62.0), (-35.0, 52.0), (119.0, 52.0), (-8.0, 4.0), (98.0, 3.0), (0, 0), (93.0, -2.0), (-18.0, -34.0), (107.0, -28.0)]
[(49.0, 215.0), (40.0, 225.0), (59.0, 224.0), (4.0, 195.0), (88.0, 189.0), (16.0, 70.0), (65.0, 69.0), (-34.0, 55.0), (121.0, 55.0), (-9.0, 6.0), (99.0, 6.0), (0, 0), (94.0, 1.0), (-17.0, -30.0), (109.0, -25.0)]
[(49.0, 216.0), (40.0, 226.0), (59.0, 225.0), (4.0, 196.0), (88.0, 191.0), (16.0, 71.0), (65.0, 70.0), (-34.0, 55.0), (121.0, 56.0), (-9.0, 5.0), (99.0, 7.0), (0, 0), (94.0, 1.0), (-18.0, -30.0), (109.0, -25.0)]
[(49.0, 220.0), (40.0, 229.0), (59.0, 229.0), (4.0, 199.0), (88.0, 193.0), (16.0, 74.0), (65.0, 74.0), (-33.0, 55.0), (121.0, 56.0), (-10.0, 5.0), (100.0, 7.0), (0, 0), (94.0, 2.0), (-18.0, -30.0), (110.0, -24.0)]
[(48.0, 222.0), (40.0, 232.0), (58.0, 231.0), (4.0, 201.0), (88.0, 195.0), (16.0, 76.0), (65.0, 76.0), (-33.0, 55.0), (121.0, 56.0), (-10.0, 5.0), (100.0, 7.0), (0, 0), (94.0, 2.0), (-17.0, -30.0), (111.0, -24.0)]
[(50.0, 233.0), (42.0, 243.0), (60.0, 241.0), (5.0, 209.0), (89.0, 203.0), (18.0, 83.0), (66.0, 82.0), (-33.0, 54.0), (122.0, 55.0), (-10.0, 4.0), (101.0, 6.0), (0, 0), (95.0, 2.0), (-17.0, -31.0), (112.0, -25.0)]
[(51.0, 266.0), (42.0, 273.0), (60.0, 272.0), (7.0, 236.0), (90.0, 228.0), (19.0, 109.0), (68.0, 108.0), (-32.0, 57.0), (122.0, 57.0), (-9.0, 4.0), (102.0, 6.0), (0, 0), (96.0, 2.0), (-16.0, -31.0), (113.0, -25.0)]
[(50.0, 286.0), (41.0, 294.0), (59.0, 292.0), (6.0, 255.0), (90.0, 247.0), (17.0, 126.0), (68.0, 126.0), (-31.0, 60.0), (118.0, 59.0), (-10.0, 5.0), (101.0, 5.0), (0, 0), (95.0, 0.0), (-17.0, -31.0), (113.0, -25.0)]
[(50.0, 286.0), (42.0, 294.0), (59.0, 294.0), (6.0, 255.0), (90.0, 248.0), (17.0, 125.0), (68.0, 126.0), (-31.0, 61.0), (118.0, 61.0), (-10.0, 5.0), (102.0, 4.0), (0, 0), (95.0, -1.0), (-17.0, -31.0), (113.0, -26.0)]
[(50.0, 303.0), (42.0, 311.0), (58.0, 310.0), (5.0, 269.0), (88.0, 259.0), (16.0, 134.0), (67.0, 134.0), (-30.0, 62.0), (114.0, 62.0), (-10.0, 5.0), (101.0, 3.0), (0, 0), (94.0, -3.0), (-18.0, -32.0), (112.0, -28.0)]
[(44.0, 335.0), (37.0, 345.0), (54.0, 343.0), (2.0, 305.0), (85.0, 297.0), (13.0, 162.0), (64.0, 164.0), (-20.0, 74.0), (101.0, 77.0), (-9.0, 8.0), (96.0, 6.0), (0, 0), (90.0, -4.0), (-21.0, -29.0), (109.0, -24.0)]
[(42.0, 342.0), (35.0, 351.0), (52.0, 348.0), (-1.0, 308.0), (83.0, 299.0), (11.0, 163.0), (61.0, 164.0), (-19.0, 74.0), (98.0, 78.0), (-8.0, 8.0), (93.0, 6.0), (0, 0), (88.0, -5.0), (-23.0, -28.0), (107.0, -24.0)]
[(42.0, 363.0), (34.0, 371.0), (51.0, 369.0), (-2.0, 324.0), (82.0, 314.0), (10.0, 175.0), (60.0, 177.0), (-15.0, 83.0), (90.0, 85.0), (-8.0, 9.0), (91.0, 6.0), (0, 0), (86.0, -5.0), (-24.0, -27.0), (105.0, -23.0)]