[(43.0, 367.0), (34.0, 376.0), (52.0, 376.0), (-7.0, 309.0), (86.0, 309.0), (14.0, 183.0), (65.0, 181.0), (3.0, 84.0), (79.0, 84.0), (-2.0, 12.0), (82.0, 13.0), (0, 0), (76.0, 5.0), (-8.0, -18.0), (94.0, -16.0)]
[(43.0, 376.0), (34.0, 384.0), (52.0, 384.0), (-7.0, 316.0), (86.0, 314.0), (14.0, 188.0), (66.0, 186.0), (1.0, 89.0), (80.0, 88.0), (-3.0, 13.0), (82.0, 16.0), (0, 0), (76.0, 7.0), (-9.0, -17.0), (94.0, -14.0)]
[(43.0, 380.0), (34.0, 388.0), (51.0, 388.0), (-7.0, 320.0), (86.0, 318.0), (14.0, 190.0), (67.0, 190.0), (-0.0, 91.0), (80.0, 92.0), (-3.0, 12.0), (83.0, 15.0), (0, 0), (77.0, 6.0), (-10.0, -18.0), (94.0, -15.0)]
[(43.0, 379.0), (33.0, 388.0), (51.0, 388.0), (-7.0, 321.0), (85.0, 319.0), (15.0, 190.0), (67.0, 191.0), (-0.0, 92.0), (80.0, 93.0), (-3.0, 13.0), (83.0, 16.0), (0, 0), (78.0, 6.0), (-11.0, -18.0), (94.0, -15.0)]
[(43.0, 386.0), (34.0, 394.0), (51.0, 394.0), (-7.0, 325.0), (85.0, 322.0), (15.0, 195.0), (68.0, 195.0), (1.0, 95.0), (81.0, 96.0), (-3.0, 13.0), (84.0, 18.0), (0, 0), (79.0, 8.0), (-10.0, -19.0), (95.0, -14.0)]
[(43.0, 388.0), (33.0, 396.0), (51.0, 396.0), (-9.0, 324.0), (85.0, 322.0), (15.0, 195.0), (68.0, 196.0), (1.0, 97.0), (81.0, 97.0), (-3.0, 13.0), (84.0, 17.0), (0, 0), (79.0, 7.0), (-9.0, -21.0), (95.0, -16.0)]
[(43.0, 387.0), (33.0, 396.0), (51.0, 396.0), (-9.0, 326.0), (85.0, 325.0), (15.0, 197.0), (68.0, 199.0), (2.0, 99.0), (81.0, 101.0), (-3.0, 14.0), (85.0, 18.0), (0, 0), (79.0, 8.0), (-9.0, -22.0), (96.0, -16.0)]
[(41.0, 387.0), (32.0, 395.0), (50.0, 395.0), (-9.0, 324.0), (84.0, 325.0), (15.0, 195.0), (68.0, 197.0), (2.0, 99.0), (81.0, 100.0), (-3.0, 14.0), (84.0, 18.0), (0, 0), (78.0, 8.0), (-9.0, -22.0), (95.0, -15.0)]
[(38.0, 386.0), (28.0, 393.0), (46.0, 394.0), (-11.0, 322.0), (82.0, 323.0), (13.0, 192.0), (66.0, 193.0), (-0.0, 96.0), (79.0, 99.0), (-4.0, 14.0), (82.0, 17.0), (0, 0), (75.0, 7.0), (-10.0, -23.0), (93.0, -17.0)]
[(37.0, 387.0), (28.0, 395.0), (45.0, 395.0), (-12.0, 323.0), (82.0, 325.0), (12.0, 193.0), (65.0, 194.0), (-1.0, 97.0), (80.0, 98.0), (-4.0, 15.0), (82.0, 18.0), (0, 0), (75.0, 8.0), (-10.0, -23.0), (93.0, -16.0)]
[(37.0, 385.0), (27.0, 393.0), (45.0, 394.0), (-12.0, 321.0), (81.0, 324.0), (12.0, 191.0), (65.0, 192.0), (-0.0, 95.0), (80.0, 96.0), (-4.0, 13.0), (82.0, 17.0), (0, 0), (75.0, 7.0), (-10.0, -24.0), (93.0, -17.0)]
[(37.0, 384.0), (27.0, 392.0), (45.0, 393.0), (-11.0, 321.0), (82.0, 323.0), (13.0, 191.0), (66.0, 191.0), (1.0, 94.0), (81.0, 95.0), (-3.0, 13.0), (83.0, 15.0), (0, 0), (76.0, 6.0), (-9.0, -23.0), (94.0, -18.0)]
[(35.0, 385.0), (25.0, 392.0), (43.0, 393.0), (-12.0, 321.0), (80.0, 324.0), (12.0, 191.0), (64.0, 191.0), (-0.0, 94.0), (78.0, 95.0), (-4.0, 13.0), (82.0, 15.0), (0, 0), (75.0, 6.0), (-9.0, -23.0), (92.0, -18.0)]
[(34.0, 384.0), (25.0, 392.0), (43.0, 392.0), (-12.0, 321.0), (80.0, 325.0), (12.0, 190.0), (64.0, 191.0), (-0.0, 93.0), (76.0, 95.0), (-4.0, 13.0), (81.0, 15.0), (0, 0), (74.0, 6.0), (-9.0, -23.0), (91.0, -18.0)]
[(35.0, 383.0), (25.0, 391.0), (43.0, 392.0), (-12.0, 321.0), (79.0, 326.0), (12.0, 190.0), (64.0, 192.0), (-0.0, 93.0), (76.0, 95.0), (-4.0, 13.0), (80.0, 15.0), (0, 0), (73.0, 6.0), (-8.0, -23.0), (91.0, -19.0)]
[(35.0, 383.0), (25.0, 391.0), (43.0, 391.0), (-12.0, 322.0), (78.0, 326.0), (11.0, 191.0), (64.0, 193.0), (-0.0, 93.0), (76.0, 95.0), (-4.0, 13.0), (80.0, 15.0), (0, 0), (73.0, 6.0), (-8.0, -22.0), (92.0, -19.0)]
[(36.0, 383.0), (26.0, 391.0), (44.0, 392.0), (-11.0, 323.0), (79.0, 327.0), (12.0, 190.0), (64.0, 192.0), (1.0, 93.0), (77.0, 95.0), (-4.0, 13.0), (81.0, 15.0), (0, 0), (74.0, 6.0), (-9.0, -20.0), (94.0, -19.0)]
[(36.0, 384.0), (26.0, 391.0), (44.0, 392.0), (-11.0, 324.0), (79.0, 327.0), (11.0, 190.0), (64.0, 192.0), (-0.0, 93.0), (78.0, 95.0), (-4.0, 13.0), (82.0, 15.0), (0, 0), (75.0, 6.0), (-9.0, -20.0), (94.0, -19.0)]
[(36.0, 384.0), (26.0, 391.0), (44.0, 392.0), (-11.0, 324.0), (79.0, 327.0), (11.0, 190.0), (63.0, 192.0), (-0.0, 93.0), (78.0, 95.0), (-4.0, 13.0), (82.0, 15.0), (0, 0), (75.0, 5.0), (-9.0, -20.0), (95.0, -19.0)]
[(36.0, 383.0), (26.0, 390.0), (44.0, 391.0), (-11.0, 323.0), (79.0, 327.0), (12.0, 189.0), (64.0, 191.0), (-0.0, 93.0), (79.0, 94.0), (-4.0, 12.0), (82.0, 14.0), (0, 0), (75.0, 4.0), (-10.0, -21.0), (95.0, -20.0)]
[(35.0, 383.0), (25.0, 390.0), (43.0, 391.0), (-12.0, 323.0), (78.0, 327.0), (11.0, 189.0), (63.0, 192.0), (-1.0, 93.0), (78.0, 95.0), (-4.0, 12.0), (81.0, 14.0), (0, 0), (74.0, 4.0), (-11.0, -22.0), (94.0, -20.0)]
[(35.0, 384.0), (25.0, 391.0), (43.0, 392.0), (-12.0, 325.0), (78.0, 328.0), (11.0, 192.0), (63.0, 196.0), (-1.0, 94.0), (79.0, 98.0), (-4.0, 12.0), (81.0, 15.0), (0, 0), (74.0, 5.0), (-11.0, -21.0), (94.0, -20.0)]
[(35.0, 385.0), (25.0, 392.0), (43.0, 393.0), (-11.0, 327.0), (78.0, 329.0), (11.0, 194.0), (63.0, 198.0), (-1.0, 95.0), (79.0, 99.0), (-4.0, 13.0), (81.0, 16.0), (0, 0), (74.0, 6.0), (-11.0, -20.0), (93.0, -19.0)]
[(34.0, 384.0), (24.0, 391.0), (42.0, 392.0), (-12.0, 326.0), (77.0, 329.0), (10.0, 193.0), (62.0, 197.0), (-2.0, 94.0), (78.0, 98.0), (-5.0, 13.0), (80.0, 16.0), (0, 0), (73.0, 5.0), (-11.0, -21.0), (93.0, -20.0)]
[(34.0, 382.0), (24.0, 390.0), (42.0, 391.0), (-12.0, 325.0), (77.0, 328.0), (10.0, 192.0), (60.0, 196.0), (-2.0, 93.0), (79.0, 97.0), (-5.0, 12.0), (80.0, 15.0), (0, 0), (73.0, 4.0), (-11.0, -22.0), (92.0, -21.0)]
[(34.0, 382.0), (24.0, 390.0), (42.0, 391.0), (-12.0, 326.0), (77.0, 328.0), (10.0, 192.0), (59.0, 195.0), (-2.0, 93.0), (79.0, 97.0), (-5.0, 13.0), (80.0, 15.0), (0, 0), (73.0, 4.0), (-13.0, -21.0), (93.0, -21.0)]
[(34.0, 382.0), (24.0, 390.0), (43.0, 391.0), (-12.0, 327.0), (77.0, 328.0), (10.0, 192.0), (59.0, 195.0), (-1.0, 94.0), (79.0, 98.0), (-5.0, 13.0), (80.0, 15.0), (0, 0), (73.0, 4.0), (-14.0, -21.0), (93.0, -21.0)]
[(34.0, 381.0), (24.0, 389.0), (43.0, 390.0), (-11.0, 327.0), (77.0, 327.0), (9.0, 191.0), (59.0, 194.0), (-1.0, 93.0), (79.0, 97.0), (-5.0, 13.0), (80.0, 14.0), (0, 0), (74.0, 4.0), (-13.0, -22.0), (93.0, -21.0)]
[(34.0, 379.0), (24.0, 387.0), (43.0, 387.0), (-11.0, 327.0), (77.0, 326.0), (9.0, 190.0), (59.0, 193.0), (-1.0, 93.0), (79.0, 97.0), (-5.0, 13.0), (80.0, 14.0), (0, 0), (74.0, 4.0), (-13.0, -22.0), (93.0, -21.0)]
[(35.0, 376.0), (25.0, 385.0), (44.0, 385.0), (-10.0, 327.0), (78.0, 324.0), (10.0, 189.0), (60.0, 191.0), (-0.0, 92.0), (80.0, 95.0), (-4.0, 12.0), (82.0, 14.0), (0, 0), (75.0, 4.0), (-12.0, -22.0), (94.0, -21.0)]
[(36.0, 368.0), (27.0, 376.0), (45.0, 376.0), (-9.0, 323.0), (79.0, 319.0), (12.0, 181.0), (63.0, 184.0), (1.0, 89.0), (81.0, 90.0), (-4.0, 12.0), (83.0, 12.0), (0, 0), (76.0, 3.0), (-12.0, -21.0), (95.0, -22.0)]
[(36.0, 365.0), (27.0, 374.0), (45.0, 374.0), (-9.0, 322.0), (79.0, 318.0), (13.0, 179.0), (63.0, 182.0), (2.0, 87.0), (81.0, 89.0), (-4.0, 13.0), (83.0, 11.0), (0, 0), (76.0, 3.0), (-12.0, -19.0), (95.0, -21.0)]
[(36.0, 362.0), (27.0, 371.0), (45.0, 372.0), (-9.0, 318.0), (79.0, 316.0), (13.0, 179.0), (64.0, 180.0), (2.0, 86.0), (81.0, 88.0), (-4.0, 12.0), (82.0, 12.0), (0, 0), (76.0, 3.0), (-11.0, -20.0), (95.0, -20.0)]
[(36.0, 360.0), (27.0, 368.0), (45.0, 369.0), (-8.0, 316.0), (79.0, 314.0), (14.0, 177.0), (65.0, 179.0), (2.0, 87.0), (81.0, 88.0), (-4.0, 12.0), (82.0, 13.0), (0, 0), (76.0, 4.0), (-10.0, -20.0), (96.0, -18.0)]
[(34.0, 350.0), (26.0, 359.0), (43.0, 358.0), (-9.0, 307.0), (77.0, 306.0), (14.0, 171.0), (65.0, 173.0), (2.0, 84.0), (79.0, 85.0), (-4.0, 12.0), (82.0, 12.0), (0, 0), (75.0, 3.0), (-11.0, -20.0), (95.0, -18.0)]
[(33.0, 342.0), (25.0, 352.0), (42.0, 351.0), (-10.0, 300.0), (76.0, 299.0), (14.0, 167.0), (64.0, 169.0), (2.0, 82.0), (78.0, 83.0), (-4.0, 11.0), (80.0, 12.0), (0, 0), (74.0, 4.0), (-11.0, -20.0), (94.0, -18.0)]
[(33.0, 335.0), (25.0, 344.0), (42.0, 344.0), (-9.0, 295.0), (76.0, 293.0), (15.0, 164.0), (64.0, 166.0), (3.0, 81.0), (78.0, 82.0), (-4.0, 11.0), (80.0, 13.0), (0, 0), (74.0, 6.0), (-10.0, -19.0), (93.0, -17.0)]
[(33.0, 328.0), (25.0, 336.0), (42.0, 337.0), (-8.0, 290.0), (76.0, 288.0), (15.0, 160.0), (64.0, 163.0), (4.0, 79.0), (78.0, 80.0), (-4.0, 11.0), (80.0, 13.0), (0, 0), (74.0, 6.0), (-10.0, -19.0), (92.0, -17.0)]
[(33.0, 320.0), (25.0, 328.0), (42.0, 329.0), (-7.0, 283.0), (75.0, 283.0), (15.0, 157.0), (65.0, 160.0), (5.0, 78.0), (78.0, 80.0), (-4.0, 11.0), (80.0, 13.0), (0, 0), (75.0, 6.0), (-10.0, -19.0), (91.0, -16.0)]
[(33.0, 311.0), (25.0, 319.0), (42.0, 320.0), (-7.0, 276.0), (75.0, 275.0), (15.0, 154.0), (64.0, 157.0), (6.0, 75.0), (78.0, 77.0), (-3.0, 10.0), (80.0, 13.0), (0, 0), (75.0, 6.0), (-10.0, -19.0), (90.0, -16.0)]
[(33.0, 289.0), (25.0, 298.0), (42.0, 298.0), (-7.0, 256.0), (76.0, 253.0), (15.0, 146.0), (64.0, 149.0), (10.0, 72.0), (78.0, 75.0), (-2.0, 9.0), (80.0, 13.0), (0, 0), (75.0, 6.0), (-9.0, -19.0), (90.0, -16.0)]
[(33.0, 279.0), (25.0, 288.0), (42.0, 287.0), (-6.0, 247.0), (76.0, 242.0), (15.0, 142.0), (63.0, 146.0), (10.0, 73.0), (77.0, 75.0), (-2.0, 9.0), (79.0, 12.0), (0, 0), (75.0, 5.0), (-9.0, -20.0), (90.0, -17.0)]
[(34.0, 270.0), (26.0, 279.0), (43.0, 280.0), (-4.0, 241.0), (79.0, 234.0), (15.0, 141.0), (63.0, 145.0), (10.0, 74.0), (77.0, 75.0), (-2.0, 9.0), (80.0, 12.0), (0, 0), (76.0, 5.0), (-7.0, -19.0), (90.0, -17.0)]
[(34.0, 250.0), (26.0, 259.0), (43.0, 260.0), (-4.0, 222.0), (80.0, 216.0), (15.0, 135.0), (62.0, 136.0), (12.0, 93.0), (77.0, 75.0), (-1.0, 9.0), (79.0, 9.0), (0, 0), (75.0, 1.0), (-4.0, -21.0), (90.0, -21.0)]
[(34.0, 242.0), (26.0, 251.0), (43.0, 252.0), (-4.0, 213.0), (81.0, 208.0), (15.0, 136.0), (62.0, 136.0), (13.0, 92.0), (77.0, 82.0), (-2.0, 9.0), (79.0, 8.0), (0, 0), (75.0, -1.0), (-4.0, -22.0), (89.0, -21.0)]
[(35.0, 231.0), (27.0, 240.0), (44.0, 241.0), (-4.0, 205.0), (82.0, 197.0), (15.0, 133.0), (62.0, 131.0), (13.0, 88.0), (77.0, 81.0), (-1.0, 9.0), (79.0, 7.0), (0, 0), (75.0, -2.0), (-3.0, -23.0), (88.0, -22.0)]
[(36.0, 219.0), (28.0, 227.0), (45.0, 230.0), (-3.0, 197.0), (84.0, 189.0), (13.0, 130.0), (62.0, 126.0), (12.0, 86.0), (77.0, 77.0), (-1.0, 9.0), (78.0, 4.0), (0, 0), (75.0, -5.0), (-3.0, -25.0), (87.0, -25.0)]
[(36.0, 213.0), (28.0, 221.0), (46.0, 223.0), (-3.0, 192.0), (83.0, 184.0), (13.0, 123.0), (61.0, 118.0), (8.0, 84.0), (77.0, 78.0), (-2.0, 8.0), (77.0, 4.0), (0, 0), (73.0, -5.0), (-4.0, -26.0), (87.0, -26.0)]
[(37.0, 206.0), (28.0, 215.0), (47.0, 217.0), (-4.0, 188.0), (83.0, 182.0), (12.0, 119.0), (61.0, 115.0), (2.0, 84.0), (80.0, 79.0), (-3.0, 8.0), (78.0, 4.0), (0, 0), (73.0, -5.0), (-5.0, -26.0), (86.0, -27.0)]
[(38.0, 205.0), (29.0, 214.0), (48.0, 216.0), (-3.0, 188.0), (84.0, 182.0), (13.0, 119.0), (61.0, 115.0), (1.0, 80.0), (80.0, 75.0), (-3.0, 8.0), (78.0, 4.0), (0, 0), (73.0, -4.0), (-5.0, -26.0), (86.0, -27.0)]
[(38.0, 201.0), (28.0, 210.0), (47.0, 212.0), (-4.0, 185.0), (83.0, 179.0), (12.0, 117.0), (60.0, 114.0), (-3.0, 80.0), (81.0, 74.0), (-4.0, 8.0), (77.0, 5.0), (0, 0), (72.0, -4.0), (-8.0, -26.0), (87.0, -27.0)]
[(38.0, 198.0), (28.0, 208.0), (47.0, 210.0), (-4.0, 182.0), (82.0, 176.0), (11.0, 114.0), (59.0, 111.0), (-5.0, 78.0), (84.0, 70.0), (-4.0, 8.0), (76.0, 5.0), (0, 0), (71.0, -4.0), (-11.0, -28.0), (87.0, -27.0)]
[(38.0, 198.0), (28.0, 208.0), (48.0, 209.0), (-4.0, 183.0), (83.0, 176.0), (12.0, 114.0), (59.0, 111.0), (-4.0, 75.0), (85.0, 67.0), (-4.0, 8.0), (75.0, 4.0), (0, 0), (70.0, -4.0), (-11.0, -28.0), (87.0, -27.0)]
[(39.0, 201.0), (29.0, 210.0), (48.0, 212.0), (-3.0, 183.0), (83.0, 177.0), (13.0, 114.0), (59.0, 112.0), (-4.0, 71.0), (85.0, 68.0), (-4.0, 7.0), (75.0, 4.0), (0, 0), (69.0, -4.0), (-11.0, -28.0), (87.0, -27.0)]
[(40.0, 204.0), (30.0, 213.0), (49.0, 215.0), (-2.0, 186.0), (84.0, 179.0), (13.0, 115.0), (59.0, 112.0), (-2.0, 72.0), (83.0, 71.0), (-4.0, 7.0), (75.0, 5.0), (0, 0), (69.0, -3.0), (-10.0, -27.0), (87.0, -26.0)]
[(39.0, 207.0), (30.0, 215.0), (49.0, 217.0), (-1.0, 187.0), (84.0, 182.0), (14.0, 116.0), (61.0, 113.0), (7.0, 76.0), (80.0, 76.0), (-3.0, 7.0), (75.0, 5.0), (0, 0), (69.0, -4.0), (-10.0, -26.0), (85.0, -26.0)]
[(40.0, 215.0), (31.0, 223.0), (50.0, 225.0), (-0.0, 192.0), (86.0, 186.0), (15.0, 119.0), (62.0, 114.0), (10.0, 78.0), (79.0, 77.0), (-2.0, 6.0), (77.0, 3.0), (0, 0), (71.0, -5.0), (-8.0, -27.0), (86.0, -28.0)]
[(42.0, 243.0), (33.0, 251.0), (51.0, 252.0), (1.0, 214.0), (87.0, 208.0), (16.0, 133.0), (63.0, 130.0), (17.0, 79.0), (76.0, 78.0), (-1.0, 7.0), (78.0, 4.0), (0, 0), (72.0, -5.0), (-5.0, -26.0), (87.0, -26.0)]
[(42.0, 253.0), (34.0, 262.0), (52.0, 263.0), (3.0, 226.0), (89.0, 219.0), (17.0, 142.0), (64.0, 139.0), (21.0, 84.0), (75.0, 85.0), (-0.0, 7.0), (79.0, 7.0), (0, 0), (73.0, -2.0), (-4.0, -25.0), (88.0, -23.0)]
[(43.0, 265.0), (35.0, 274.0), (52.0, 274.0), (3.0, 236.0), (89.0, 228.0), (17.0, 148.0), (64.0, 144.0), (22.0, 91.0), (73.0, 88.0), (-0.0, 9.0), (79.0, 9.0), (0, 0), (74.0, -1.0), (-4.0, -25.0), (88.0, -22.0)]
[(44.0, 276.0), (36.0, 285.0), (53.0, 285.0), (4.0, 244.0), (90.0, 238.0), (18.0, 153.0), (66.0, 150.0), (21.0, 90.0), (74.0, 87.0), (1.0, 9.0), (80.0, 12.0), (0, 0), (75.0, 3.0), (-3.0, -24.0), (88.0, -20.0)]
[(45.0, 288.0), (37.0, 296.0), (54.0, 297.0), (4.0, 250.0), (90.0, 246.0), (18.0, 157.0), (66.0, 154.0), (21.0, 89.0), (75.0, 86.0), (1.0, 10.0), (81.0, 13.0), (0, 0), (76.0, 5.0), (-3.0, -24.0), (89.0, -20.0)]
[(45.0, 296.0), (37.0, 305.0), (54.0, 305.0), (3.0, 257.0), (90.0, 252.0), (19.0, 161.0), (67.0, 159.0), (21.0, 88.0), (76.0, 85.0), (1.0, 9.0), (81.0, 12.0), (0, 0), (76.0, 4.0), (-4.0, -24.0), (89.0, -20.0)]
[(46.0, 308.0), (37.0, 316.0), (54.0, 316.0), (3.0, 262.0), (90.0, 257.0), (21.0, 160.0), (68.0, 159.0), (20.0, 87.0), (76.0, 85.0), (1.0, 9.0), (81.0, 12.0), (0, 0), (76.0, 4.0), (-4.0, -24.0), (89.0, -20.0)]
[(46.0, 323.0), (37.0, 331.0), (54.0, 331.0), (2.0, 274.0), (89.0, 274.0), (22.0, 165.0), (70.0, 164.0), (20.0, 84.0), (76.0, 84.0), (1.0, 9.0), (81.0, 12.0), (0, 0), (76.0, 4.0), (-5.0, -23.0), (90.0, -19.0)]
[(45.0, 332.0), (37.0, 341.0), (54.0, 341.0), (1.0, 283.0), (89.0, 282.0), (23.0, 169.0), (71.0, 168.0), (19.0, 84.0), (76.0, 85.0), (1.0, 11.0), (81.0, 14.0), (0, 0), (76.0, 6.0), (-6.0, -21.0), (90.0, -17.0)]
[(45.0, 340.0), (37.0, 349.0), (54.0, 349.0), (1.0, 289.0), (88.0, 287.0), (22.0, 170.0), (70.0, 169.0), (18.0, 84.0), (78.0, 84.0), (1.0, 11.0), (81.0, 14.0), (0, 0), (76.0, 6.0), (-7.0, -20.0), (90.0, -17.0)]