[(47.0, 392.0), (37.0, 401.0), (54.0, 400.0), (-5.0, 342.0), (84.0, 335.0), (7.0, 208.0), (58.0, 208.0), (-1.0, 107.0), (81.0, 109.0), (-7.0, 13.0), (97.0, 15.0), (0, 0), (92.0, 4.0), (-26.0, -21.0), (116.0, -14.0)]
[(47.0, 401.0), (37.0, 409.0), (55.0, 408.0), (-5.0, 346.0), (85.0, 338.0), (10.0, 209.0), (59.0, 209.0), (7.0, 107.0), (81.0, 109.0), (-6.0, 13.0), (97.0, 15.0), (0, 0), (92.0, 4.0), (-25.0, -21.0), (115.0, -14.0)]
[(47.0, 402.0), (37.0, 411.0), (55.0, 410.0), (-5.0, 346.0), (85.0, 339.0), (15.0, 209.0), (61.0, 209.0), (10.0, 107.0), (81.0, 110.0), (-5.0, 13.0), (97.0, 16.0), (0, 0), (92.0, 5.0), (-25.0, -21.0), (115.0, -14.0)]
[(47.0, 403.0), (37.0, 412.0), (55.0, 411.0), (-5.0, 346.0), (86.0, 339.0), (16.0, 209.0), (63.0, 209.0), (11.0, 107.0), (81.0, 110.0), (-5.0, 13.0), (97.0, 17.0), (0, 0), (93.0, 5.0), (-25.0, -21.0), (115.0, -14.0)]
[(47.0, 404.0), (37.0, 412.0), (55.0, 411.0), (-5.0, 345.0), (86.0, 340.0), (19.0, 208.0), (67.0, 210.0), (12.0, 108.0), (81.0, 110.0), (-4.0, 13.0), (97.0, 17.0), (0, 0), (93.0, 5.0), (-25.0, -21.0), (115.0, -14.0)]
[(47.0, 401.0), (37.0, 411.0), (55.0, 408.0), (-5.0, 343.0), (86.0, 341.0), (21.0, 208.0), (69.0, 211.0), (13.0, 108.0), (82.0, 110.0), (-4.0, 13.0), (97.0, 16.0), (0, 0), (93.0, 4.0), (-25.0, -21.0), (115.0, -14.0)]
[(47.0, 401.0), (37.0, 410.0), (55.0, 408.0), (-5.0, 342.0), (86.0, 341.0), (21.0, 207.0), (70.0, 211.0), (12.0, 107.0), (82.0, 111.0), (-4.0, 13.0), (97.0, 16.0), (0, 0), (93.0, 4.0), (-24.0, -21.0), (115.0, -13.0)]
[(46.0, 401.0), (36.0, 410.0), (54.0, 408.0), (-6.0, 342.0), (85.0, 342.0), (20.0, 207.0), (70.0, 211.0), (11.0, 107.0), (81.0, 111.0), (-4.0, 13.0), (96.0, 16.0), (0, 0), (92.0, 4.0), (-25.0, -22.0), (114.0, -13.0)]
[(45.0, 402.0), (35.0, 411.0), (53.0, 410.0), (-7.0, 343.0), (85.0, 342.0), (20.0, 207.0), (70.0, 211.0), (11.0, 107.0), (81.0, 112.0), (-4.0, 14.0), (95.0, 16.0), (0, 0), (92.0, 4.0), (-24.0, -22.0), (113.0, -13.0)]
[(44.0, 402.0), (34.0, 411.0), (52.0, 410.0), (-7.0, 344.0), (85.0, 342.0), (20.0, 207.0), (71.0, 211.0), (10.0, 107.0), (80.0, 112.0), (-4.0, 14.0), (95.0, 15.0), (0, 0), (92.0, 4.0), (-24.0, -22.0), (113.0, -14.0)]
[(43.0, 403.0), (33.0, 411.0), (51.0, 411.0), (-7.0, 344.0), (84.0, 342.0), (20.0, 207.0), (71.0, 211.0), (10.0, 107.0), (80.0, 112.0), (-4.0, 14.0), (95.0, 15.0), (0, 0), (92.0, 4.0), (-24.0, -22.0), (113.0, -14.0)]
[(43.0, 403.0), (33.0, 411.0), (51.0, 411.0), (-7.0, 343.0), (84.0, 342.0), (20.0, 207.0), (71.0, 211.0), (10.0, 107.0), (80.0, 111.0), (-4.0, 14.0), (95.0, 14.0), (0, 0), (92.0, 3.0), (-24.0, -22.0), (113.0, -14.0)]
[(41.0, 402.0), (31.0, 411.0), (49.0, 411.0), (-9.0, 343.0), (83.0, 343.0), (19.0, 208.0), (69.0, 211.0), (9.0, 107.0), (79.0, 111.0), (-5.0, 14.0), (94.0, 14.0), (0, 0), (91.0, 3.0), (-25.0, -22.0), (112.0, -14.0)]
[(40.0, 402.0), (30.0, 410.0), (48.0, 410.0), (-9.0, 343.0), (82.0, 343.0), (19.0, 208.0), (69.0, 211.0), (8.0, 106.0), (78.0, 111.0), (-5.0, 14.0), (94.0, 14.0), (0, 0), (91.0, 3.0), (-25.0, -22.0), (112.0, -15.0)]
[(39.0, 402.0), (30.0, 410.0), (48.0, 410.0), (-9.0, 343.0), (82.0, 343.0), (19.0, 208.0), (68.0, 211.0), (8.0, 106.0), (78.0, 111.0), (-5.0, 14.0), (94.0, 14.0), (0, 0), (91.0, 3.0), (-25.0, -22.0), (113.0, -15.0)]
[(38.0, 402.0), (29.0, 410.0), (47.0, 410.0), (-9.0, 343.0), (82.0, 342.0), (18.0, 208.0), (68.0, 211.0), (8.0, 106.0), (78.0, 110.0), (-5.0, 14.0), (94.0, 14.0), (0, 0), (91.0, 3.0), (-25.0, -22.0), (113.0, -15.0)]
[(37.0, 401.0), (28.0, 410.0), (46.0, 410.0), (-9.0, 343.0), (82.0, 342.0), (18.0, 208.0), (68.0, 211.0), (8.0, 106.0), (78.0, 110.0), (-5.0, 14.0), (94.0, 14.0), (0, 0), (91.0, 3.0), (-25.0, -21.0), (113.0, -15.0)]
[(37.0, 401.0), (28.0, 410.0), (46.0, 410.0), (-9.0, 343.0), (82.0, 342.0), (17.0, 208.0), (67.0, 211.0), (8.0, 106.0), (78.0, 110.0), (-5.0, 14.0), (94.0, 14.0), (0, 0), (91.0, 3.0), (-25.0, -22.0), (113.0, -15.0)]
[(37.0, 401.0), (28.0, 409.0), (46.0, 410.0), (-9.0, 343.0), (82.0, 342.0), (17.0, 208.0), (66.0, 211.0), (8.0, 107.0), (78.0, 109.0), (-6.0, 14.0), (94.0, 14.0), (0, 0), (91.0, 3.0), (-25.0, -22.0), (114.0, -15.0)]
[(37.0, 401.0), (28.0, 409.0), (46.0, 409.0), (-9.0, 343.0), (82.0, 342.0), (16.0, 208.0), (66.0, 211.0), (8.0, 107.0), (78.0, 109.0), (-6.0, 14.0), (94.0, 14.0), (0, 0), (91.0, 3.0), (-25.0, -21.0), (114.0, -15.0)]
[(37.0, 401.0), (28.0, 409.0), (46.0, 410.0), (-9.0, 343.0), (82.0, 342.0), (16.0, 209.0), (65.0, 210.0), (7.0, 107.0), (78.0, 108.0), (-6.0, 14.0), (94.0, 14.0), (0, 0), (91.0, 3.0), (-25.0, -21.0), (114.0, -15.0)]
[(37.0, 400.0), (28.0, 409.0), (46.0, 409.0), (-9.0, 343.0), (82.0, 341.0), (16.0, 208.0), (65.0, 209.0), (7.0, 106.0), (78.0, 107.0), (-6.0, 13.0), (94.0, 13.0), (0, 0), (91.0, 2.0), (-25.0, -22.0), (114.0, -16.0)]
[(37.0, 400.0), (28.0, 409.0), (46.0, 409.0), (-9.0, 343.0), (82.0, 341.0), (16.0, 208.0), (65.0, 209.0), (7.0, 106.0), (78.0, 107.0), (-6.0, 13.0), (94.0, 13.0), (0, 0), (91.0, 1.0), (-25.0, -22.0), (114.0, -16.0)]
[(37.0, 400.0), (28.0, 409.0), (46.0, 409.0), (-9.0, 343.0), (81.0, 341.0), (15.0, 208.0), (65.0, 209.0), (7.0, 106.0), (78.0, 106.0), (-6.0, 13.0), (94.0, 13.0), (0, 0), (90.0, 1.0), (-25.0, -22.0), (114.0, -16.0)]
[(37.0, 400.0), (28.0, 409.0), (46.0, 409.0), (-10.0, 343.0), (81.0, 341.0), (15.0, 208.0), (64.0, 209.0), (7.0, 106.0), (78.0, 106.0), (-6.0, 13.0), (94.0, 13.0), (0, 0), (90.0, 1.0), (-26.0, -22.0), (114.0, -16.0)]
[(37.0, 400.0), (28.0, 409.0), (46.0, 409.0), (-10.0, 343.0), (81.0, 341.0), (15.0, 208.0), (64.0, 209.0), (7.0, 106.0), (78.0, 106.0), (-6.0, 13.0), (94.0, 13.0), (0, 0), (90.0, 2.0), (-26.0, -22.0), (114.0, -16.0)]
[(37.0, 400.0), (28.0, 409.0), (45.0, 408.0), (-10.0, 343.0), (81.0, 341.0), (14.0, 208.0), (64.0, 210.0), (7.0, 106.0), (78.0, 106.0), (-6.0, 13.0), (94.0, 13.0), (0, 0), (91.0, 2.0), (-26.0, -22.0), (114.0, -16.0)]
[(36.0, 400.0), (28.0, 409.0), (45.0, 408.0), (-10.0, 343.0), (80.0, 341.0), (14.0, 208.0), (63.0, 210.0), (7.0, 106.0), (78.0, 107.0), (-6.0, 13.0), (94.0, 13.0), (0, 0), (91.0, 2.0), (-26.0, -22.0), (113.0, -16.0)]
[(36.0, 401.0), (27.0, 409.0), (45.0, 409.0), (-10.0, 344.0), (80.0, 342.0), (14.0, 209.0), (63.0, 211.0), (6.0, 107.0), (78.0, 108.0), (-6.0, 14.0), (94.0, 14.0), (0, 0), (91.0, 3.0), (-26.0, -21.0), (113.0, -15.0)]
[(36.0, 401.0), (27.0, 409.0), (45.0, 409.0), (-10.0, 344.0), (80.0, 342.0), (14.0, 209.0), (63.0, 211.0), (6.0, 107.0), (78.0, 108.0), (-6.0, 14.0), (94.0, 14.0), (0, 0), (91.0, 3.0), (-26.0, -21.0), (113.0, -15.0)]
[(35.0, 401.0), (27.0, 409.0), (44.0, 409.0), (-10.0, 344.0), (80.0, 342.0), (14.0, 209.0), (63.0, 211.0), (6.0, 107.0), (78.0, 108.0), (-6.0, 14.0), (94.0, 14.0), (0, 0), (91.0, 2.0), (-25.0, -21.0), (113.0, -15.0)]
[(35.0, 400.0), (27.0, 409.0), (44.0, 408.0), (-10.0, 344.0), (80.0, 342.0), (14.0, 209.0), (63.0, 211.0), (6.0, 107.0), (78.0, 108.0), (-6.0, 14.0), (94.0, 14.0), (0, 0), (91.0, 2.0), (-25.0, -21.0), (113.0, -15.0)]
[(35.0, 400.0), (27.0, 409.0), (44.0, 408.0), (-10.0, 344.0), (80.0, 342.0), (14.0, 209.0), (63.0, 210.0), (6.0, 107.0), (78.0, 108.0), (-6.0, 14.0), (94.0, 14.0), (0, 0), (91.0, 2.0), (-25.0, -21.0), (113.0, -15.0)]
[(35.0, 400.0), (27.0, 409.0), (44.0, 408.0), (-10.0, 344.0), (80.0, 343.0), (14.0, 209.0), (63.0, 210.0), (6.0, 107.0), (78.0, 108.0), (-6.0, 14.0), (94.0, 14.0), (0, 0), (91.0, 2.0), (-25.0, -21.0), (113.0, -15.0)]
[(35.0, 400.0), (27.0, 409.0), (44.0, 408.0), (-10.0, 344.0), (80.0, 343.0), (14.0, 209.0), (63.0, 210.0), (6.0, 107.0), (78.0, 108.0), (-6.0, 14.0), (94.0, 14.0), (0, 0), (91.0, 2.0), (-25.0, -21.0), (113.0, -15.0)]
[(35.0, 400.0), (27.0, 409.0), (44.0, 408.0), (-10.0, 344.0), (80.0, 343.0), (14.0, 209.0), (63.0, 210.0), (6.0, 107.0), (78.0, 108.0), (-6.0, 14.0), (94.0, 14.0), (0, 0), (91.0, 2.0), (-25.0, -21.0), (113.0, -15.0)]
[(35.0, 400.0), (27.0, 409.0), (44.0, 408.0), (-10.0, 344.0), (80.0, 343.0), (14.0, 209.0), (63.0, 211.0), (6.0, 107.0), (78.0, 108.0), (-6.0, 14.0), (94.0, 14.0), (0, 0), (91.0, 2.0), (-25.0, -21.0), (113.0, -15.0)]
[(35.0, 400.0), (27.0, 409.0), (44.0, 408.0), (-10.0, 344.0), (80.0, 343.0), (14.0, 209.0), (63.0, 211.0), (6.0, 107.0), (78.0, 108.0), (-6.0, 14.0), (94.0, 14.0), (0, 0), (91.0, 2.0), (-25.0, -21.0), (113.0, -15.0)]
[(35.0, 400.0), (27.0, 409.0), (44.0, 408.0), (-10.0, 344.0), (80.0, 343.0), (14.0, 209.0), (63.0, 210.0), (6.0, 106.0), (78.0, 108.0), (-6.0, 14.0), (94.0, 14.0), (0, 0), (91.0, 2.0), (-26.0, -21.0), (112.0, -15.0)]
[(35.0, 400.0), (26.0, 409.0), (44.0, 408.0), (-10.0, 344.0), (80.0, 343.0), (15.0, 209.0), (64.0, 211.0), (6.0, 106.0), (78.0, 108.0), (-6.0, 14.0), (94.0, 14.0), (0, 0), (92.0, 2.0), (-26.0, -21.0), (112.0, -15.0)]
[(35.0, 400.0), (26.0, 409.0), (44.0, 408.0), (-10.0, 344.0), (80.0, 343.0), (15.0, 209.0), (64.0, 211.0), (6.0, 106.0), (78.0, 108.0), (-6.0, 14.0), (94.0, 14.0), (0, 0), (92.0, 2.0), (-26.0, -21.0), (112.0, -15.0)]
[(35.0, 400.0), (26.0, 409.0), (44.0, 408.0), (-10.0, 344.0), (80.0, 344.0), (15.0, 209.0), (64.0, 211.0), (6.0, 106.0), (78.0, 108.0), (-6.0, 14.0), (94.0, 14.0), (0, 0), (92.0, 2.0), (-26.0, -21.0), (112.0, -15.0)]
[(35.0, 400.0), (26.0, 409.0), (44.0, 408.0), (-10.0, 344.0), (80.0, 344.0), (15.0, 209.0), (64.0, 211.0), (6.0, 106.0), (78.0, 108.0), (-6.0, 14.0), (94.0, 14.0), (0, 0), (92.0, 2.0), (-26.0, -21.0), (112.0, -15.0)]
[(35.0, 400.0), (26.0, 408.0), (43.0, 408.0), (-10.0, 344.0), (80.0, 344.0), (15.0, 209.0), (64.0, 211.0), (6.0, 106.0), (78.0, 108.0), (-6.0, 14.0), (94.0, 14.0), (0, 0), (92.0, 2.0), (-26.0, -21.0), (112.0, -15.0)]
[(35.0, 400.0), (26.0, 408.0), (43.0, 408.0), (-10.0, 344.0), (80.0, 344.0), (15.0, 209.0), (64.0, 211.0), (6.0, 106.0), (78.0, 108.0), (-6.0, 14.0), (94.0, 14.0), (0, 0), (92.0, 2.0), (-26.0, -21.0), (112.0, -15.0)]
[(35.0, 399.0), (26.0, 408.0), (43.0, 407.0), (-11.0, 344.0), (80.0, 344.0), (15.0, 209.0), (64.0, 211.0), (6.0, 106.0), (78.0, 108.0), (-6.0, 14.0), (94.0, 14.0), (0, 0), (92.0, 2.0), (-26.0, -21.0), (112.0, -15.0)]
[(35.0, 399.0), (26.0, 407.0), (43.0, 407.0), (-11.0, 344.0), (80.0, 344.0), (15.0, 209.0), (64.0, 211.0), (6.0, 106.0), (78.0, 108.0), (-6.0, 14.0), (94.0, 14.0), (0, 0), (92.0, 2.0), (-26.0, -21.0), (112.0, -15.0)]
[(35.0, 398.0), (26.0, 407.0), (43.0, 407.0), (-11.0, 344.0), (80.0, 344.0), (15.0, 209.0), (64.0, 211.0), (6.0, 106.0), (78.0, 108.0), (-6.0, 14.0), (94.0, 14.0), (0, 0), (92.0, 2.0), (-26.0, -21.0), (113.0, -15.0)]
[(35.0, 398.0), (26.0, 407.0), (43.0, 407.0), (-11.0, 344.0), (80.0, 344.0), (15.0, 209.0), (65.0, 211.0), (6.0, 106.0), (78.0, 108.0), (-6.0, 14.0), (94.0, 14.0), (0, 0), (92.0, 2.0), (-26.0, -21.0), (113.0, -15.0)]
[(35.0, 397.0), (26.0, 406.0), (43.0, 406.0), (-11.0, 344.0), (80.0, 344.0), (15.0, 209.0), (65.0, 211.0), (6.0, 106.0), (78.0, 108.0), (-6.0, 14.0), (94.0, 14.0), (0, 0), (92.0, 2.0), (-26.0, -21.0), (113.0, -15.0)]
[(35.0, 397.0), (26.0, 406.0), (43.0, 406.0), (-11.0, 344.0), (80.0, 344.0), (15.0, 209.0), (65.0, 211.0), (6.0, 106.0), (78.0, 108.0), (-6.0, 14.0), (94.0, 14.0), (0, 0), (92.0, 2.0), (-26.0, -21.0), (113.0, -15.0)]
[(35.0, 397.0), (26.0, 406.0), (43.0, 406.0), (-11.0, 344.0), (80.0, 344.0), (15.0, 210.0), (65.0, 211.0), (6.0, 106.0), (78.0, 108.0), (-6.0, 14.0), (94.0, 14.0), (0, 0), (92.0, 3.0), (-26.0, -21.0), (113.0, -15.0)]
[(35.0, 397.0), (26.0, 406.0), (43.0, 406.0), (-11.0, 344.0), (80.0, 344.0), (15.0, 210.0), (65.0, 211.0), (6.0, 107.0), (78.0, 108.0), (-6.0, 14.0), (94.0, 14.0), (0, 0), (91.0, 3.0), (-26.0, -21.0), (113.0, -15.0)]
[(34.0, 397.0), (26.0, 406.0), (43.0, 405.0), (-11.0, 344.0), (80.0, 344.0), (15.0, 209.0), (65.0, 211.0), (6.0, 107.0), (78.0, 108.0), (-6.0, 14.0), (94.0, 14.0), (0, 0), (91.0, 3.0), (-26.0, -21.0), (113.0, -15.0)]
[(34.0, 397.0), (26.0, 406.0), (43.0, 405.0), (-11.0, 344.0), (80.0, 344.0), (15.0, 210.0), (65.0, 211.0), (6.0, 107.0), (78.0, 108.0), (-6.0, 14.0), (94.0, 14.0), (0, 0), (91.0, 2.0), (-26.0, -21.0), (113.0, -15.0)]
[(34.0, 397.0), (26.0, 406.0), (43.0, 405.0), (-11.0, 344.0), (80.0, 344.0), (15.0, 210.0), (65.0, 211.0), (6.0, 107.0), (78.0, 108.0), (-6.0, 14.0), (94.0, 14.0), (0, 0), (91.0, 2.0), (-26.0, -21.0), (113.0, -15.0)]
[(34.0, 396.0), (26.0, 405.0), (43.0, 404.0), (-11.0, 343.0), (80.0, 343.0), (15.0, 208.0), (65.0, 210.0), (6.0, 106.0), (78.0, 107.0), (-6.0, 13.0), (94.0, 13.0), (0, 0), (91.0, 1.0), (-26.0, -22.0), (113.0, -16.0)]
[(34.0, 396.0), (26.0, 405.0), (43.0, 404.0), (-11.0, 343.0), (80.0, 343.0), (15.0, 208.0), (65.0, 210.0), (6.0, 106.0), (78.0, 107.0), (-6.0, 13.0), (94.0, 13.0), (0, 0), (91.0, 2.0), (-26.0, -22.0), (113.0, -15.0)]
[(34.0, 396.0), (26.0, 405.0), (43.0, 404.0), (-11.0, 343.0), (80.0, 343.0), (15.0, 208.0), (65.0, 210.0), (6.0, 106.0), (78.0, 107.0), (-6.0, 13.0), (94.0, 13.0), (0, 0), (91.0, 2.0), (-26.0, -22.0), (113.0, -15.0)]
[(34.0, 396.0), (26.0, 405.0), (43.0, 404.0), (-11.0, 343.0), (80.0, 343.0), (15.0, 208.0), (65.0, 210.0), (6.0, 106.0), (78.0, 107.0), (-6.0, 13.0), (94.0, 13.0), (0, 0), (91.0, 2.0), (-26.0, -22.0), (113.0, -15.0)]
[(34.0, 396.0), (26.0, 405.0), (43.0, 404.0), (-11.0, 343.0), (80.0, 342.0), (15.0, 208.0), (65.0, 210.0), (6.0, 106.0), (78.0, 107.0), (-6.0, 13.0), (94.0, 13.0), (0, 0), (91.0, 2.0), (-26.0, -22.0), (113.0, -15.0)]
[(34.0, 396.0), (25.0, 405.0), (43.0, 404.0), (-11.0, 343.0), (80.0, 342.0), (15.0, 208.0), (65.0, 210.0), (6.0, 106.0), (78.0, 107.0), (-6.0, 13.0), (94.0, 13.0), (0, 0), (91.0, 2.0), (-26.0, -22.0), (113.0, -15.0)]
[(34.0, 396.0), (25.0, 405.0), (43.0, 404.0), (-11.0, 343.0), (80.0, 342.0), (15.0, 208.0), (64.0, 210.0), (6.0, 106.0), (78.0, 107.0), (-6.0, 13.0), (94.0, 13.0), (0, 0), (91.0, 2.0), (-26.0, -22.0), (113.0, -16.0)]
[(34.0, 396.0), (25.0, 405.0), (43.0, 404.0), (-11.0, 343.0), (80.0, 342.0), (15.0, 208.0), (64.0, 210.0), (6.0, 106.0), (78.0, 107.0), (-6.0, 13.0), (94.0, 13.0), (0, 0), (91.0, 2.0), (-26.0, -22.0), (113.0, -16.0)]
[(34.0, 396.0), (25.0, 404.0), (43.0, 404.0), (-11.0, 343.0), (80.0, 342.0), (15.0, 209.0), (64.0, 210.0), (6.0, 106.0), (78.0, 107.0), (-6.0, 13.0), (94.0, 13.0), (0, 0), (91.0, 2.0), (-26.0, -22.0), (113.0, -16.0)]
[(34.0, 396.0), (25.0, 404.0), (43.0, 404.0), (-11.0, 342.0), (80.0, 342.0), (15.0, 209.0), (64.0, 210.0), (6.0, 107.0), (78.0, 107.0), (-6.0, 13.0), (94.0, 13.0), (0, 0), (91.0, 2.0), (-26.0, -22.0), (113.0, -16.0)]
[(33.0, 396.0), (25.0, 405.0), (43.0, 404.0), (-11.0, 342.0), (80.0, 342.0), (15.0, 209.0), (64.0, 210.0), (6.0, 107.0), (78.0, 107.0), (-6.0, 13.0), (94.0, 13.0), (0, 0), (91.0, 2.0), (-26.0, -22.0), (113.0, -16.0)]
[(33.0, 396.0), (25.0, 405.0), (43.0, 404.0), (-11.0, 342.0), (80.0, 342.0), (15.0, 209.0), (64.0, 210.0), (6.0, 106.0), (78.0, 107.0), (-6.0, 14.0), (94.0, 13.0), (0, 0), (91.0, 2.0), (-26.0, -22.0), (113.0, -16.0)]
[(32.0, 396.0), (25.0, 405.0), (43.0, 404.0), (-11.0, 342.0), (80.0, 342.0), (15.0, 209.0), (64.0, 210.0), (6.0, 106.0), (78.0, 107.0), (-6.0, 14.0), (94.0, 13.0), (0, 0), (91.0, 2.0), (-26.0, -22.0), (113.0, -16.0)]
[(32.0, 396.0), (25.0, 404.0), (42.0, 404.0), (-11.0, 342.0), (80.0, 343.0), (15.0, 209.0), (64.0, 210.0), (6.0, 106.0), (78.0, 107.0), (-6.0, 14.0), (94.0, 13.0), (0, 0), (91.0, 2.0), (-26.0, -22.0), (114.0, -16.0)]
[(32.0, 395.0), (25.0, 404.0), (42.0, 404.0), (-11.0, 342.0), (80.0, 343.0), (15.0, 209.0), (64.0, 210.0), (6.0, 106.0), (78.0, 107.0), (-6.0, 14.0), (94.0, 13.0), (0, 0), (91.0, 2.0), (-26.0, -22.0), (114.0, -16.0)]
[(33.0, 395.0), (25.0, 404.0), (43.0, 404.0), (-11.0, 343.0), (79.0, 343.0), (15.0, 209.0), (64.0, 210.0), (6.0, 107.0), (78.0, 107.0), (-6.0, 14.0), (94.0, 13.0), (0, 0), (91.0, 2.0), (-26.0, -22.0), (114.0, -16.0)]
[(33.0, 395.0), (25.0, 404.0), (43.0, 404.0), (-11.0, 343.0), (79.0, 343.0), (15.0, 209.0), (64.0, 210.0), (6.0, 107.0), (79.0, 108.0), (-6.0, 14.0), (94.0, 13.0), (0, 0), (91.0, 2.0), (-26.0, -22.0), (114.0, -16.0)]
[(33.0, 395.0), (25.0, 404.0), (43.0, 404.0), (-11.0, 343.0), (79.0, 343.0), (15.0, 209.0), (64.0, 211.0), (6.0, 107.0), (78.0, 108.0), (-6.0, 14.0), (94.0, 13.0), (0, 0), (91.0, 2.0), (-26.0, -22.0), (114.0, -16.0)]
[(33.0, 395.0), (25.0, 404.0), (43.0, 404.0), (-11.0, 343.0), (79.0, 343.0), (15.0, 209.0), (64.0, 211.0), (6.0, 107.0), (78.0, 108.0), (-6.0, 14.0), (94.0, 14.0), (0, 0), (91.0, 2.0), (-25.0, -22.0), (114.0, -16.0)]
[(33.0, 395.0), (25.0, 404.0), (43.0, 404.0), (-11.0, 343.0), (79.0, 343.0), (15.0, 209.0), (64.0, 211.0), (6.0, 107.0), (79.0, 108.0), (-6.0, 14.0), (94.0, 14.0), (0, 0), (90.0, 2.0), (-25.0, -21.0), (114.0, -15.0)]
[(33.0, 395.0), (25.0, 404.0), (43.0, 404.0), (-11.0, 343.0), (79.0, 343.0), (15.0, 209.0), (64.0, 211.0), (5.0, 107.0), (79.0, 108.0), (-6.0, 14.0), (94.0, 14.0), (0, 0), (90.0, 2.0), (-25.0, -21.0), (114.0, -15.0)]
[(33.0, 395.0), (25.0, 404.0), (43.0, 404.0), (-11.0, 343.0), (78.0, 343.0), (15.0, 209.0), (64.0, 211.0), (5.0, 108.0), (78.0, 108.0), (-6.0, 14.0), (94.0, 14.0), (0, 0), (90.0, 2.0), (-25.0, -20.0), (114.0, -15.0)]
[(34.0, 395.0), (26.0, 404.0), (44.0, 404.0), (-10.0, 343.0), (79.0, 343.0), (16.0, 209.0), (65.0, 211.0), (6.0, 108.0), (79.0, 108.0), (-5.0, 14.0), (95.0, 14.0), (0, 0), (91.0, 2.0), (-24.0, -20.0), (115.0, -15.0)]
[(34.0, 395.0), (26.0, 404.0), (44.0, 404.0), (-10.0, 343.0), (79.0, 344.0), (16.0, 209.0), (65.0, 211.0), (6.0, 108.0), (79.0, 108.0), (-6.0, 14.0), (95.0, 14.0), (0, 0), (91.0, 2.0), (-24.0, -20.0), (115.0, -15.0)]
[(34.0, 395.0), (26.0, 404.0), (44.0, 404.0), (-10.0, 343.0), (79.0, 344.0), (16.0, 209.0), (65.0, 211.0), (6.0, 108.0), (79.0, 108.0), (-6.0, 14.0), (95.0, 14.0), (0, 0), (91.0, 3.0), (-23.0, -20.0), (115.0, -15.0)]
[(34.0, 395.0), (26.0, 404.0), (44.0, 404.0), (-10.0, 343.0), (78.0, 344.0), (16.0, 209.0), (65.0, 211.0), (6.0, 107.0), (79.0, 108.0), (-6.0, 14.0), (95.0, 14.0), (0, 0), (91.0, 3.0), (-23.0, -21.0), (115.0, -15.0)]
[(34.0, 395.0), (26.0, 405.0), (44.0, 404.0), (-10.0, 343.0), (78.0, 344.0), (16.0, 209.0), (65.0, 211.0), (6.0, 107.0), (79.0, 108.0), (-6.0, 14.0), (95.0, 14.0), (0, 0), (91.0, 3.0), (-23.0, -21.0), (115.0, -15.0)]
[(34.0, 396.0), (26.0, 405.0), (44.0, 404.0), (-10.0, 343.0), (78.0, 344.0), (16.0, 209.0), (65.0, 211.0), (6.0, 107.0), (79.0, 108.0), (-6.0, 14.0), (95.0, 14.0), (0, 0), (91.0, 3.0), (-23.0, -21.0), (116.0, -15.0)]
[(34.0, 396.0), (26.0, 405.0), (44.0, 404.0), (-10.0, 343.0), (78.0, 344.0), (16.0, 209.0), (65.0, 211.0), (6.0, 107.0), (79.0, 108.0), (-6.0, 14.0), (95.0, 14.0), (0, 0), (91.0, 3.0), (-24.0, -21.0), (116.0, -15.0)]
[(34.0, 397.0), (26.0, 407.0), (44.0, 406.0), (-10.0, 343.0), (79.0, 344.0), (16.0, 209.0), (65.0, 211.0), (6.0, 107.0), (79.0, 108.0), (-6.0, 14.0), (95.0, 14.0), (0, 0), (91.0, 3.0), (-24.0, -21.0), (116.0, -15.0)]
[(34.0, 399.0), (26.0, 408.0), (44.0, 407.0), (-11.0, 343.0), (79.0, 343.0), (16.0, 209.0), (65.0, 210.0), (6.0, 107.0), (79.0, 108.0), (-6.0, 14.0), (95.0, 14.0), (0, 0), (91.0, 3.0), (-24.0, -21.0), (116.0, -15.0)]
[(35.0, 399.0), (26.0, 409.0), (44.0, 408.0), (-11.0, 343.0), (79.0, 343.0), (16.0, 209.0), (65.0, 210.0), (6.0, 107.0), (79.0, 107.0), (-6.0, 13.0), (95.0, 14.0), (0, 0), (91.0, 3.0), (-24.0, -21.0), (116.0, -15.0)]
[(35.0, 400.0), (26.0, 409.0), (44.0, 409.0), (-10.0, 342.0), (79.0, 343.0), (16.0, 209.0), (65.0, 210.0), (6.0, 107.0), (80.0, 108.0), (-6.0, 13.0), (95.0, 14.0), (0, 0), (91.0, 3.0), (-24.0, -21.0), (116.0, -15.0)]
[(35.0, 400.0), (26.0, 409.0), (44.0, 409.0), (-10.0, 342.0), (79.0, 343.0), (16.0, 209.0), (65.0, 210.0), (6.0, 107.0), (80.0, 108.0), (-6.0, 13.0), (95.0, 14.0), (0, 0), (91.0, 3.0), (-24.0, -21.0), (116.0, -15.0)]
[(36.0, 401.0), (27.0, 410.0), (44.0, 409.0), (-10.0, 342.0), (79.0, 343.0), (16.0, 209.0), (65.0, 210.0), (6.0, 107.0), (80.0, 108.0), (-6.0, 14.0), (95.0, 14.0), (0, 0), (91.0, 3.0), (-24.0, -21.0), (116.0, -15.0)]
[(36.0, 401.0), (27.0, 410.0), (45.0, 409.0), (-10.0, 342.0), (79.0, 343.0), (16.0, 209.0), (65.0, 210.0), (6.0, 107.0), (80.0, 107.0), (-6.0, 14.0), (95.0, 14.0), (0, 0), (91.0, 3.0), (-24.0, -21.0), (116.0, -16.0)]
[(36.0, 401.0), (27.0, 410.0), (45.0, 409.0), (-10.0, 342.0), (79.0, 343.0), (16.0, 209.0), (65.0, 210.0), (6.0, 107.0), (80.0, 107.0), (-6.0, 14.0), (95.0, 14.0), (0, 0), (91.0, 3.0), (-24.0, -21.0), (116.0, -16.0)]
[(37.0, 401.0), (27.0, 410.0), (46.0, 409.0), (-10.0, 343.0), (79.0, 343.0), (15.0, 209.0), (65.0, 210.0), (6.0, 107.0), (80.0, 107.0), (-6.0, 14.0), (95.0, 14.0), (0, 0), (91.0, 3.0), (-24.0, -21.0), (116.0, -16.0)]
[(37.0, 401.0), (27.0, 410.0), (46.0, 410.0), (-10.0, 344.0), (79.0, 343.0), (15.0, 209.0), (65.0, 210.0), (6.0, 107.0), (80.0, 107.0), (-6.0, 14.0), (95.0, 14.0), (0, 0), (91.0, 3.0), (-24.0, -21.0), (116.0, -16.0)]
[(37.0, 401.0), (27.0, 410.0), (46.0, 410.0), (-10.0, 346.0), (78.0, 344.0), (15.0, 209.0), (66.0, 210.0), (6.0, 107.0), (80.0, 107.0), (-6.0, 14.0), (95.0, 14.0), (0, 0), (91.0, 3.0), (-24.0, -21.0), (116.0, -16.0)]
[(37.0, 402.0), (27.0, 410.0), (47.0, 410.0), (-10.0, 349.0), (78.0, 347.0), (15.0, 209.0), (66.0, 210.0), (6.0, 107.0), (80.0, 107.0), (-6.0, 13.0), (95.0, 14.0), (0, 0), (91.0, 3.0), (-24.0, -21.0), (116.0, -16.0)]
[(38.0, 402.0), (27.0, 411.0), (47.0, 410.0), (-9.0, 350.0), (78.0, 348.0), (15.0, 209.0), (66.0, 210.0), (6.0, 107.0), (80.0, 107.0), (-6.0, 13.0), (95.0, 14.0), (0, 0), (91.0, 3.0), (-24.0, -21.0), (116.0, -16.0)]
[(38.0, 402.0), (27.0, 411.0), (47.0, 410.0), (-9.0, 350.0), (78.0, 349.0), (15.0, 209.0), (66.0, 210.0), (6.0, 107.0), (80.0, 107.0), (-6.0, 13.0), (95.0, 14.0), (0, 0), (91.0, 3.0), (-24.0, -21.0), (116.0, -16.0)]
[(38.0, 402.0), (27.0, 411.0), (48.0, 411.0), (-9.0, 350.0), (78.0, 350.0), (15.0, 209.0), (66.0, 210.0), (6.0, 107.0), (80.0, 108.0), (-6.0, 13.0), (95.0, 14.0), (0, 0), (91.0, 3.0), (-24.0, -21.0), (116.0, -16.0)]
[(38.0, 402.0), (27.0, 411.0), (48.0, 411.0), (-9.0, 350.0), (78.0, 351.0), (15.0, 209.0), (67.0, 210.0), (6.0, 107.0), (80.0, 108.0), (-6.0, 13.0), (95.0, 14.0), (0, 0), (91.0, 3.0), (-24.0, -21.0), (116.0, -16.0)]
[(39.0, 403.0), (27.0, 411.0), (48.0, 411.0), (-8.0, 350.0), (78.0, 351.0), (15.0, 209.0), (67.0, 210.0), (6.0, 107.0), (80.0, 108.0), (-6.0, 13.0), (95.0, 14.0), (0, 0), (91.0, 3.0), (-23.0, -21.0), (116.0, -16.0)]
[(38.0, 403.0), (26.0, 411.0), (47.0, 411.0), (-8.0, 350.0), (78.0, 352.0), (14.0, 209.0), (66.0, 210.0), (5.0, 107.0), (79.0, 108.0), (-7.0, 13.0), (94.0, 14.0), (0, 0), (90.0, 3.0), (-24.0, -21.0), (114.0, -16.0)]
[(38.0, 403.0), (26.0, 412.0), (47.0, 412.0), (-8.0, 350.0), (78.0, 351.0), (14.0, 209.0), (66.0, 210.0), (5.0, 107.0), (79.0, 108.0), (-7.0, 13.0), (94.0, 14.0), (0, 0), (90.0, 3.0), (-24.0, -21.0), (114.0, -16.0)]
[(38.0, 403.0), (27.0, 412.0), (47.0, 412.0), (-8.0, 351.0), (79.0, 351.0), (14.0, 210.0), (66.0, 210.0), (5.0, 107.0), (79.0, 108.0), (-7.0, 13.0), (94.0, 14.0), (0, 0), (90.0, 3.0), (-24.0, -21.0), (114.0, -16.0)]
[(38.0, 403.0), (27.0, 412.0), (48.0, 411.0), (-8.0, 351.0), (79.0, 351.0), (14.0, 210.0), (66.0, 210.0), (5.0, 108.0), (80.0, 108.0), (-7.0, 13.0), (94.0, 14.0), (0, 0), (90.0, 3.0), (-24.0, -21.0), (114.0, -16.0)]
[(39.0, 402.0), (28.0, 411.0), (49.0, 410.0), (-8.0, 351.0), (79.0, 350.0), (15.0, 211.0), (66.0, 211.0), (5.0, 109.0), (80.0, 109.0), (-7.0, 13.0), (94.0, 14.0), (0, 0), (90.0, 3.0), (-24.0, -22.0), (114.0, -16.0)]
[(40.0, 400.0), (30.0, 409.0), (50.0, 407.0), (-8.0, 349.0), (80.0, 348.0), (15.0, 211.0), (66.0, 211.0), (4.0, 109.0), (80.0, 110.0), (-7.0, 13.0), (94.0, 14.0), (0, 0), (90.0, 3.0), (-25.0, -22.0), (114.0, -16.0)]
[(41.0, 399.0), (31.0, 408.0), (50.0, 406.0), (-8.0, 348.0), (80.0, 347.0), (14.0, 211.0), (66.0, 211.0), (4.0, 109.0), (81.0, 110.0), (-7.0, 13.0), (94.0, 14.0), (0, 0), (90.0, 3.0), (-25.0, -22.0), (114.0, -16.0)]
[(42.0, 393.0), (32.0, 403.0), (51.0, 400.0), (-8.0, 343.0), (80.0, 343.0), (14.0, 210.0), (66.0, 210.0), (3.0, 109.0), (82.0, 110.0), (-7.0, 13.0), (94.0, 14.0), (0, 0), (90.0, 3.0), (-24.0, -22.0), (114.0, -16.0)]
[(44.0, 386.0), (33.0, 396.0), (52.0, 394.0), (-7.0, 337.0), (80.0, 337.0), (15.0, 207.0), (66.0, 207.0), (1.0, 107.0), (84.0, 110.0), (-7.0, 13.0), (94.0, 14.0), (0, 0), (90.0, 3.0), (-24.0, -22.0), (114.0, -16.0)]
[(45.0, 379.0), (34.0, 388.0), (52.0, 386.0), (-7.0, 332.0), (81.0, 331.0), (15.0, 205.0), (67.0, 205.0), (-0.0, 106.0), (86.0, 108.0), (-7.0, 13.0), (94.0, 14.0), (0, 0), (90.0, 3.0), (-24.0, -22.0), (114.0, -16.0)]
[(46.0, 379.0), (35.0, 388.0), (53.0, 386.0), (-6.0, 331.0), (82.0, 329.0), (16.0, 204.0), (68.0, 203.0), (-0.0, 106.0), (87.0, 107.0), (-6.0, 13.0), (95.0, 14.0), (0, 0), (91.0, 2.0), (-24.0, -22.0), (115.0, -16.0)]
[(47.0, 373.0), (35.0, 383.0), (54.0, 381.0), (-6.0, 326.0), (84.0, 325.0), (16.0, 203.0), (69.0, 202.0), (-0.0, 105.0), (89.0, 107.0), (-7.0, 14.0), (96.0, 15.0), (0, 0), (91.0, 3.0), (-24.0, -21.0), (115.0, -15.0)]
[(47.0, 374.0), (36.0, 384.0), (54.0, 381.0), (-6.0, 326.0), (84.0, 324.0), (16.0, 202.0), (69.0, 201.0), (-1.0, 104.0), (89.0, 106.0), (-7.0, 14.0), (96.0, 15.0), (0, 0), (92.0, 3.0), (-24.0, -20.0), (115.0, -15.0)]
[(46.0, 362.0), (35.0, 371.0), (54.0, 369.0), (-5.0, 317.0), (84.0, 314.0), (16.0, 196.0), (69.0, 195.0), (-1.0, 103.0), (90.0, 106.0), (-7.0, 14.0), (96.0, 15.0), (0, 0), (92.0, 3.0), (-24.0, -20.0), (116.0, -15.0)]
[(48.0, 354.0), (36.0, 363.0), (55.0, 362.0), (-3.0, 310.0), (86.0, 307.0), (18.0, 192.0), (70.0, 192.0), (-1.0, 102.0), (92.0, 105.0), (-6.0, 15.0), (97.0, 15.0), (0, 0), (93.0, 3.0), (-23.0, -20.0), (118.0, -15.0)]
[(47.0, 347.0), (36.0, 356.0), (55.0, 355.0), (-2.0, 303.0), (86.0, 298.0), (18.0, 190.0), (70.0, 189.0), (-1.0, 103.0), (92.0, 105.0), (-6.0, 15.0), (97.0, 16.0), (0, 0), (93.0, 3.0), (-23.0, -20.0), (118.0, -14.0)]
[(48.0, 346.0), (37.0, 356.0), (56.0, 355.0), (-1.0, 303.0), (88.0, 298.0), (19.0, 191.0), (71.0, 190.0), (-0.0, 104.0), (93.0, 106.0), (-5.0, 15.0), (98.0, 17.0), (0, 0), (94.0, 4.0), (-22.0, -19.0), (119.0, -13.0)]
[(49.0, 332.0), (38.0, 342.0), (57.0, 340.0), (-0.0, 292.0), (88.0, 288.0), (19.0, 189.0), (71.0, 188.0), (-1.0, 104.0), (93.0, 106.0), (-6.0, 15.0), (99.0, 17.0), (0, 0), (94.0, 4.0), (-22.0, -19.0), (118.0, -13.0)]
[(49.0, 323.0), (38.0, 333.0), (57.0, 332.0), (1.0, 285.0), (89.0, 282.0), (20.0, 187.0), (71.0, 186.0), (-1.0, 105.0), (93.0, 106.0), (-6.0, 15.0), (99.0, 17.0), (0, 0), (95.0, 4.0), (-22.0, -19.0), (119.0, -13.0)]
[(49.0, 323.0), (39.0, 333.0), (57.0, 331.0), (1.0, 284.0), (89.0, 279.0), (20.0, 186.0), (71.0, 185.0), (-1.0, 105.0), (94.0, 106.0), (-6.0, 15.0), (99.0, 17.0), (0, 0), (95.0, 3.0), (-22.0, -18.0), (120.0, -13.0)]
[(50.0, 315.0), (39.0, 325.0), (58.0, 323.0), (2.0, 279.0), (90.0, 275.0), (20.0, 184.0), (71.0, 182.0), (-1.0, 106.0), (94.0, 106.0), (-6.0, 15.0), (99.0, 17.0), (0, 0), (95.0, 2.0), (-22.0, -18.0), (120.0, -13.0)]
[(51.0, 299.0), (41.0, 309.0), (59.0, 308.0), (2.0, 266.0), (90.0, 263.0), (20.0, 174.0), (71.0, 173.0), (-1.0, 112.0), (95.0, 108.0), (-6.0, 15.0), (99.0, 16.0), (0, 0), (95.0, 1.0), (-22.0, -18.0), (120.0, -14.0)]
[(53.0, 291.0), (43.0, 302.0), (61.0, 302.0), (2.0, 261.0), (91.0, 258.0), (21.0, 169.0), (71.0, 168.0), (-0.0, 113.0), (95.0, 110.0), (-6.0, 15.0), (99.0, 16.0), (0, 0), (95.0, 2.0), (-22.0, -18.0), (120.0, -14.0)]
[(53.0, 292.0), (42.0, 302.0), (61.0, 302.0), (2.0, 261.0), (91.0, 257.0), (20.0, 172.0), (70.0, 171.0), (-1.0, 112.0), (94.0, 110.0), (-6.0, 15.0), (98.0, 17.0), (0, 0), (94.0, 4.0), (-23.0, -18.0), (119.0, -14.0)]
[(54.0, 285.0), (43.0, 295.0), (62.0, 295.0), (2.0, 255.0), (91.0, 250.0), (20.0, 172.0), (71.0, 170.0), (-1.0, 111.0), (95.0, 108.0), (-6.0, 14.0), (98.0, 16.0), (0, 0), (93.0, 3.0), (-23.0, -18.0), (119.0, -15.0)]
[(54.0, 286.0), (43.0, 296.0), (62.0, 296.0), (3.0, 255.0), (91.0, 250.0), (20.0, 172.0), (71.0, 170.0), (-2.0, 111.0), (95.0, 108.0), (-6.0, 15.0), (98.0, 16.0), (0, 0), (93.0, 3.0), (-23.0, -18.0), (119.0, -14.0)]
[(55.0, 277.0), (44.0, 288.0), (63.0, 288.0), (3.0, 250.0), (92.0, 244.0), (20.0, 168.0), (71.0, 166.0), (-3.0, 105.0), (95.0, 107.0), (-6.0, 14.0), (99.0, 15.0), (0, 0), (94.0, 2.0), (-23.0, -19.0), (119.0, -14.0)]
[(55.0, 267.0), (44.0, 277.0), (63.0, 278.0), (3.0, 239.0), (93.0, 234.0), (20.0, 162.0), (71.0, 161.0), (-3.0, 109.0), (96.0, 109.0), (-6.0, 14.0), (99.0, 15.0), (0, 0), (94.0, 2.0), (-23.0, -18.0), (118.0, -15.0)]
[(55.0, 260.0), (45.0, 270.0), (64.0, 271.0), (3.0, 234.0), (93.0, 229.0), (20.0, 159.0), (71.0, 157.0), (-4.0, 112.0), (97.0, 109.0), (-7.0, 14.0), (99.0, 14.0), (0, 0), (94.0, 1.0), (-23.0, -19.0), (118.0, -16.0)]
[(55.0, 259.0), (45.0, 270.0), (64.0, 270.0), (3.0, 234.0), (94.0, 230.0), (21.0, 160.0), (71.0, 158.0), (-4.0, 112.0), (97.0, 108.0), (-7.0, 14.0), (99.0, 14.0), (0, 0), (94.0, 0.0), (-23.0, -19.0), (117.0, -16.0)]
[(55.0, 253.0), (45.0, 264.0), (64.0, 264.0), (3.0, 230.0), (94.0, 225.0), (21.0, 156.0), (71.0, 154.0), (-5.0, 113.0), (98.0, 109.0), (-7.0, 14.0), (99.0, 14.0), (0, 0), (93.0, 0.0), (-23.0, -19.0), (117.0, -16.0)]
[(56.0, 253.0), (46.0, 264.0), (65.0, 264.0), (4.0, 230.0), (95.0, 225.0), (22.0, 156.0), (73.0, 155.0), (-5.0, 113.0), (99.0, 109.0), (-6.0, 14.0), (100.0, 14.0), (0, 0), (94.0, 0.0), (-22.0, -19.0), (118.0, -16.0)]
[(56.0, 249.0), (46.0, 260.0), (65.0, 260.0), (4.0, 226.0), (95.0, 220.0), (22.0, 154.0), (73.0, 153.0), (-6.0, 113.0), (100.0, 110.0), (-6.0, 14.0), (100.0, 14.0), (0, 0), (94.0, 0.0), (-22.0, -19.0), (118.0, -16.0)]
[(56.0, 242.0), (46.0, 253.0), (65.0, 252.0), (4.0, 219.0), (95.0, 213.0), (22.0, 152.0), (73.0, 150.0), (-8.0, 112.0), (101.0, 108.0), (-7.0, 14.0), (100.0, 14.0), (0, 0), (94.0, -1.0), (-22.0, -19.0), (118.0, -16.0)]
[(56.0, 235.0), (46.0, 247.0), (65.0, 246.0), (4.0, 214.0), (95.0, 209.0), (22.0, 151.0), (73.0, 148.0), (-9.0, 108.0), (102.0, 102.0), (-7.0, 14.0), (100.0, 13.0), (0, 0), (94.0, -1.0), (-23.0, -19.0), (118.0, -16.0)]
[(56.0, 236.0), (46.0, 247.0), (65.0, 246.0), (4.0, 213.0), (95.0, 208.0), (22.0, 150.0), (73.0, 147.0), (-10.0, 106.0), (103.0, 99.0), (-7.0, 14.0), (100.0, 13.0), (0, 0), (94.0, -1.0), (-23.0, -19.0), (118.0, -16.0)]
[(56.0, 231.0), (46.0, 243.0), (65.0, 241.0), (4.0, 208.0), (95.0, 205.0), (22.0, 149.0), (73.0, 147.0), (-12.0, 102.0), (104.0, 98.0), (-7.0, 14.0), (100.0, 13.0), (0, 0), (94.0, -1.0), (-23.0, -19.0), (118.0, -16.0)]
[(56.0, 222.0), (46.0, 234.0), (65.0, 234.0), (4.0, 202.0), (95.0, 200.0), (22.0, 146.0), (73.0, 144.0), (-14.0, 99.0), (105.0, 93.0), (-7.0, 13.0), (100.0, 12.0), (0, 0), (93.0, -2.0), (-23.0, -19.0), (118.0, -16.0)]
[(56.0, 219.0), (46.0, 231.0), (65.0, 231.0), (4.0, 198.0), (95.0, 197.0), (22.0, 143.0), (73.0, 142.0), (-15.0, 97.0), (107.0, 91.0), (-7.0, 13.0), (100.0, 13.0), (0, 0), (93.0, -1.0), (-23.0, -18.0), (118.0, -15.0)]
[(56.0, 219.0), (46.0, 230.0), (65.0, 230.0), (4.0, 198.0), (96.0, 196.0), (22.0, 142.0), (73.0, 141.0), (-15.0, 96.0), (107.0, 92.0), (-7.0, 13.0), (100.0, 13.0), (0, 0), (93.0, -1.0), (-24.0, -18.0), (118.0, -15.0)]
[(55.0, 213.0), (45.0, 224.0), (64.0, 224.0), (3.0, 191.0), (94.0, 190.0), (21.0, 140.0), (72.0, 139.0), (-17.0, 95.0), (106.0, 92.0), (-8.0, 12.0), (99.0, 13.0), (0, 0), (92.0, 0.0), (-25.0, -19.0), (117.0, -15.0)]
[(55.0, 210.0), (45.0, 222.0), (64.0, 221.0), (3.0, 188.0), (95.0, 187.0), (22.0, 137.0), (72.0, 137.0), (-18.0, 94.0), (106.0, 91.0), (-8.0, 12.0), (99.0, 13.0), (0, 0), (91.0, 0.0), (-25.0, -18.0), (117.0, -15.0)]
[(55.0, 211.0), (45.0, 222.0), (64.0, 222.0), (3.0, 189.0), (95.0, 188.0), (22.0, 138.0), (71.0, 137.0), (-18.0, 95.0), (107.0, 92.0), (-8.0, 13.0), (99.0, 13.0), (0, 0), (91.0, 1.0), (-26.0, -17.0), (118.0, -14.0)]
[(55.0, 209.0), (45.0, 220.0), (64.0, 219.0), (3.0, 187.0), (94.0, 186.0), (22.0, 136.0), (71.0, 136.0), (-18.0, 95.0), (107.0, 92.0), (-8.0, 13.0), (99.0, 13.0), (0, 0), (91.0, 1.0), (-26.0, -17.0), (117.0, -14.0)]
[(55.0, 207.0), (45.0, 218.0), (64.0, 217.0), (2.0, 186.0), (94.0, 183.0), (22.0, 136.0), (71.0, 135.0), (-18.0, 95.0), (107.0, 91.0), (-8.0, 13.0), (99.0, 13.0), (0, 0), (91.0, 0.0), (-26.0, -17.0), (117.0, -14.0)]
[(55.0, 206.0), (45.0, 218.0), (64.0, 217.0), (2.0, 187.0), (94.0, 184.0), (22.0, 135.0), (71.0, 135.0), (-18.0, 94.0), (107.0, 92.0), (-8.0, 13.0), (99.0, 13.0), (0, 0), (91.0, 0.0), (-26.0, -17.0), (118.0, -14.0)]
[(53.0, 205.0), (44.0, 217.0), (63.0, 216.0), (1.0, 186.0), (93.0, 184.0), (21.0, 134.0), (71.0, 133.0), (-19.0, 94.0), (107.0, 92.0), (-8.0, 13.0), (99.0, 13.0), (0, 0), (91.0, 1.0), (-26.0, -17.0), (117.0, -14.0)]
[(53.0, 204.0), (44.0, 216.0), (63.0, 215.0), (1.0, 187.0), (93.0, 183.0), (21.0, 133.0), (70.0, 133.0), (-20.0, 94.0), (107.0, 92.0), (-8.0, 13.0), (99.0, 13.0), (0, 0), (91.0, 1.0), (-26.0, -17.0), (117.0, -14.0)]
[(52.0, 204.0), (43.0, 216.0), (62.0, 215.0), (-0.0, 187.0), (92.0, 183.0), (21.0, 133.0), (70.0, 132.0), (-21.0, 93.0), (107.0, 91.0), (-8.0, 13.0), (99.0, 13.0), (0, 0), (91.0, 1.0), (-26.0, -17.0), (117.0, -14.0)]
[(52.0, 205.0), (42.0, 217.0), (62.0, 216.0), (-1.0, 188.0), (92.0, 183.0), (20.0, 133.0), (69.0, 132.0), (-21.0, 93.0), (107.0, 91.0), (-8.0, 13.0), (99.0, 13.0), (0, 0), (91.0, 1.0), (-26.0, -17.0), (117.0, -14.0)]
[(51.0, 211.0), (42.0, 221.0), (61.0, 222.0), (-3.0, 188.0), (91.0, 185.0), (19.0, 134.0), (69.0, 133.0), (-21.0, 93.0), (107.0, 91.0), (-8.0, 13.0), (99.0, 13.0), (0, 0), (91.0, 1.0), (-27.0, -17.0), (117.0, -14.0)]
[(50.0, 221.0), (41.0, 230.0), (58.0, 231.0), (-3.0, 194.0), (91.0, 190.0), (18.0, 134.0), (69.0, 133.0), (-21.0, 92.0), (106.0, 91.0), (-8.0, 14.0), (99.0, 13.0), (0, 0), (91.0, 1.0), (-27.0, -17.0), (117.0, -14.0)]
[(49.0, 222.0), (40.0, 232.0), (58.0, 232.0), (-3.0, 194.0), (90.0, 191.0), (17.0, 133.0), (69.0, 132.0), (-21.0, 91.0), (105.0, 89.0), (-8.0, 13.0), (99.0, 12.0), (0, 0), (91.0, 0.0), (-27.0, -18.0), (117.0, -15.0)]
[(48.0, 232.0), (40.0, 241.0), (57.0, 241.0), (-4.0, 203.0), (90.0, 199.0), (16.0, 136.0), (69.0, 135.0), (-21.0, 91.0), (105.0, 91.0), (-8.0, 13.0), (99.0, 12.0), (0, 0), (91.0, 0.0), (-26.0, -18.0), (117.0, -15.0)]
[(47.0, 259.0), (39.0, 269.0), (56.0, 267.0), (-4.0, 225.0), (85.0, 219.0), (16.0, 146.0), (67.0, 145.0), (-17.0, 98.0), (104.0, 95.0), (-8.0, 13.0), (99.0, 12.0), (0, 0), (91.0, 0.0), (-25.0, -18.0), (117.0, -15.0)]
[(45.0, 279.0), (37.0, 288.0), (54.0, 288.0), (-4.0, 241.0), (85.0, 237.0), (16.0, 157.0), (67.0, 155.0), (-15.0, 99.0), (103.0, 99.0), (-8.0, 13.0), (98.0, 12.0), (0, 0), (91.0, 0.0), (-25.0, -18.0), (117.0, -15.0)]
[(45.0, 279.0), (36.0, 288.0), (53.0, 287.0), (-4.0, 242.0), (84.0, 238.0), (16.0, 158.0), (67.0, 157.0), (-13.0, 100.0), (103.0, 101.0), (-8.0, 13.0), (98.0, 12.0), (0, 0), (91.0, -1.0), (-25.0, -18.0), (118.0, -15.0)]
[(45.0, 296.0), (36.0, 305.0), (53.0, 304.0), (-5.0, 257.0), (84.0, 256.0), (16.0, 165.0), (67.0, 164.0), (-12.0, 99.0), (102.0, 101.0), (-8.0, 13.0), (98.0, 13.0), (0, 0), (91.0, -1.0), (-24.0, -18.0), (118.0, -15.0)]
[(44.0, 335.0), (34.0, 344.0), (52.0, 344.0), (-5.0, 290.0), (83.0, 287.0), (16.0, 184.0), (67.0, 184.0), (-8.0, 102.0), (99.0, 106.0), (-8.0, 13.0), (98.0, 13.0), (0, 0), (92.0, 0.0), (-24.0, -19.0), (118.0, -15.0)]
[(44.0, 354.0), (33.0, 363.0), (52.0, 363.0), (-5.0, 308.0), (82.0, 306.0), (16.0, 192.0), (67.0, 192.0), (-5.0, 108.0), (96.0, 109.0), (-8.0, 14.0), (99.0, 14.0), (0, 0), (92.0, 1.0), (-24.0, -17.0), (119.0, -14.0)]