[(42.0, 388.0), (32.0, 397.0), (49.0, 395.0), (-4.0, 340.0), (81.0, 338.0), (20.0, 206.0), (69.0, 207.0), (-0.0, 108.0), (91.0, 110.0), (-6.0, 13.0), (97.0, 14.0), (0, 0), (92.0, 3.0), (-26.0, -19.0), (120.0, -14.0)]
[(42.0, 386.0), (31.0, 394.0), (49.0, 394.0), (-4.0, 342.0), (81.0, 340.0), (20.0, 208.0), (70.0, 209.0), (-0.0, 109.0), (91.0, 112.0), (-6.0, 13.0), (97.0, 14.0), (0, 0), (92.0, 3.0), (-27.0, -19.0), (120.0, -14.0)]
[(41.0, 402.0), (30.0, 408.0), (49.0, 409.0), (-4.0, 356.0), (81.0, 357.0), (20.0, 214.0), (70.0, 216.0), (4.0, 111.0), (88.0, 112.0), (-6.0, 13.0), (97.0, 15.0), (0, 0), (92.0, 4.0), (-27.0, -19.0), (120.0, -14.0)]
[(40.0, 405.0), (29.0, 412.0), (48.0, 412.0), (-5.0, 359.0), (80.0, 356.0), (18.0, 214.0), (68.0, 216.0), (5.0, 111.0), (84.0, 112.0), (-7.0, 14.0), (96.0, 15.0), (0, 0), (91.0, 4.0), (-28.0, -19.0), (118.0, -14.0)]
[(40.0, 404.0), (29.0, 412.0), (48.0, 412.0), (-5.0, 358.0), (80.0, 355.0), (18.0, 214.0), (68.0, 216.0), (6.0, 111.0), (83.0, 111.0), (-7.0, 13.0), (96.0, 14.0), (0, 0), (91.0, 4.0), (-28.0, -20.0), (118.0, -15.0)]
[(39.0, 404.0), (28.0, 412.0), (47.0, 412.0), (-6.0, 358.0), (79.0, 355.0), (17.0, 213.0), (67.0, 216.0), (5.0, 110.0), (81.0, 111.0), (-7.0, 13.0), (95.0, 14.0), (0, 0), (90.0, 3.0), (-29.0, -20.0), (117.0, -15.0)]
[(38.0, 404.0), (28.0, 412.0), (47.0, 412.0), (-6.0, 358.0), (80.0, 355.0), (16.0, 212.0), (67.0, 216.0), (6.0, 109.0), (81.0, 111.0), (-7.0, 13.0), (95.0, 14.0), (0, 0), (89.0, 3.0), (-29.0, -20.0), (117.0, -15.0)]
[(38.0, 404.0), (28.0, 412.0), (47.0, 412.0), (-6.0, 358.0), (80.0, 355.0), (16.0, 213.0), (67.0, 216.0), (6.0, 109.0), (80.0, 111.0), (-7.0, 13.0), (95.0, 14.0), (0, 0), (89.0, 3.0), (-29.0, -21.0), (117.0, -15.0)]
[(38.0, 405.0), (28.0, 413.0), (47.0, 412.0), (-6.0, 359.0), (80.0, 354.0), (15.0, 214.0), (66.0, 217.0), (6.0, 109.0), (79.0, 112.0), (-7.0, 13.0), (95.0, 14.0), (0, 0), (90.0, 3.0), (-29.0, -21.0), (117.0, -15.0)]
[(38.0, 406.0), (28.0, 413.0), (47.0, 413.0), (-6.0, 359.0), (80.0, 354.0), (15.0, 213.0), (65.0, 216.0), (6.0, 109.0), (79.0, 111.0), (-7.0, 13.0), (95.0, 14.0), (0, 0), (89.0, 3.0), (-29.0, -21.0), (117.0, -15.0)]
[(38.0, 406.0), (28.0, 413.0), (47.0, 413.0), (-6.0, 359.0), (80.0, 354.0), (14.0, 213.0), (65.0, 216.0), (6.0, 109.0), (79.0, 111.0), (-6.0, 13.0), (95.0, 14.0), (0, 0), (89.0, 3.0), (-28.0, -21.0), (117.0, -15.0)]
[(37.0, 406.0), (27.0, 413.0), (46.0, 412.0), (-7.0, 357.0), (79.0, 354.0), (13.0, 212.0), (63.0, 216.0), (5.0, 108.0), (78.0, 110.0), (-7.0, 12.0), (94.0, 13.0), (0, 0), (88.0, 2.0), (-29.0, -22.0), (116.0, -16.0)]
[(37.0, 406.0), (27.0, 413.0), (46.0, 412.0), (-7.0, 357.0), (78.0, 354.0), (13.0, 213.0), (63.0, 216.0), (5.0, 108.0), (78.0, 111.0), (-7.0, 12.0), (94.0, 13.0), (0, 0), (88.0, 2.0), (-29.0, -22.0), (116.0, -16.0)]
[(37.0, 406.0), (27.0, 413.0), (46.0, 413.0), (-7.0, 358.0), (78.0, 355.0), (13.0, 213.0), (63.0, 216.0), (5.0, 109.0), (78.0, 111.0), (-7.0, 13.0), (94.0, 14.0), (0, 0), (88.0, 4.0), (-28.0, -22.0), (116.0, -15.0)]
[(37.0, 406.0), (27.0, 413.0), (46.0, 413.0), (-6.0, 358.0), (78.0, 354.0), (13.0, 213.0), (63.0, 216.0), (5.0, 109.0), (78.0, 111.0), (-7.0, 13.0), (94.0, 14.0), (0, 0), (88.0, 4.0), (-28.0, -22.0), (116.0, -15.0)]
[(37.0, 405.0), (27.0, 413.0), (46.0, 412.0), (-6.0, 358.0), (78.0, 354.0), (13.0, 213.0), (63.0, 216.0), (5.0, 109.0), (78.0, 111.0), (-7.0, 13.0), (93.0, 14.0), (0, 0), (88.0, 4.0), (-28.0, -22.0), (117.0, -15.0)]
[(37.0, 405.0), (27.0, 413.0), (46.0, 412.0), (-6.0, 358.0), (79.0, 353.0), (13.0, 213.0), (63.0, 216.0), (5.0, 109.0), (78.0, 111.0), (-7.0, 13.0), (93.0, 14.0), (0, 0), (88.0, 4.0), (-27.0, -22.0), (117.0, -14.0)]
[(38.0, 404.0), (28.0, 412.0), (46.0, 412.0), (-6.0, 358.0), (79.0, 353.0), (13.0, 213.0), (63.0, 215.0), (5.0, 109.0), (78.0, 111.0), (-7.0, 13.0), (93.0, 14.0), (0, 0), (88.0, 4.0), (-27.0, -22.0), (117.0, -14.0)]
[(40.0, 398.0), (29.0, 407.0), (47.0, 406.0), (-7.0, 352.0), (79.0, 348.0), (13.0, 212.0), (63.0, 213.0), (4.0, 109.0), (79.0, 109.0), (-7.0, 13.0), (93.0, 14.0), (0, 0), (88.0, 4.0), (-27.0, -22.0), (116.0, -14.0)]
[(41.0, 387.0), (29.0, 396.0), (48.0, 395.0), (-7.0, 343.0), (79.0, 340.0), (13.0, 207.0), (63.0, 206.0), (3.0, 106.0), (79.0, 107.0), (-7.0, 13.0), (93.0, 14.0), (0, 0), (88.0, 4.0), (-27.0, -22.0), (116.0, -14.0)]
[(43.0, 382.0), (31.0, 392.0), (50.0, 391.0), (-7.0, 340.0), (80.0, 338.0), (14.0, 206.0), (64.0, 205.0), (3.0, 106.0), (81.0, 106.0), (-6.0, 13.0), (94.0, 14.0), (0, 0), (89.0, 4.0), (-26.0, -22.0), (116.0, -14.0)]
[(43.0, 372.0), (31.0, 381.0), (51.0, 380.0), (-6.0, 331.0), (81.0, 328.0), (14.0, 201.0), (64.0, 200.0), (3.0, 102.0), (81.0, 105.0), (-7.0, 13.0), (94.0, 14.0), (0, 0), (89.0, 4.0), (-26.0, -22.0), (116.0, -14.0)]
[(45.0, 346.0), (33.0, 355.0), (52.0, 354.0), (-5.0, 309.0), (83.0, 304.0), (15.0, 186.0), (65.0, 185.0), (4.0, 95.0), (81.0, 99.0), (-5.0, 13.0), (95.0, 14.0), (0, 0), (91.0, 2.0), (-25.0, -22.0), (117.0, -15.0)]
[(45.0, 328.0), (34.0, 338.0), (53.0, 338.0), (-4.0, 295.0), (84.0, 288.0), (16.0, 175.0), (66.0, 174.0), (5.0, 89.0), (81.0, 92.0), (-5.0, 14.0), (95.0, 14.0), (0, 0), (92.0, 3.0), (-25.0, -20.0), (116.0, -14.0)]
[(46.0, 327.0), (35.0, 336.0), (54.0, 336.0), (-3.0, 292.0), (85.0, 286.0), (16.0, 173.0), (66.0, 171.0), (6.0, 87.0), (81.0, 91.0), (-5.0, 14.0), (95.0, 14.0), (0, 0), (92.0, 3.0), (-25.0, -20.0), (116.0, -14.0)]
[(46.0, 310.0), (35.0, 320.0), (54.0, 319.0), (-2.0, 278.0), (85.0, 272.0), (18.0, 168.0), (66.0, 167.0), (11.0, 86.0), (81.0, 89.0), (-5.0, 12.0), (95.0, 13.0), (0, 0), (91.0, 3.0), (-25.0, -20.0), (116.0, -14.0)]
[(46.0, 309.0), (35.0, 319.0), (54.0, 318.0), (-2.0, 276.0), (86.0, 272.0), (18.0, 170.0), (66.0, 168.0), (12.0, 87.0), (81.0, 87.0), (-5.0, 13.0), (95.0, 14.0), (0, 0), (91.0, 4.0), (-25.0, -19.0), (116.0, -14.0)]
[(47.0, 277.0), (37.0, 288.0), (56.0, 287.0), (-1.0, 250.0), (87.0, 246.0), (21.0, 155.0), (68.0, 156.0), (18.0, 81.0), (86.0, 81.0), (-4.0, 12.0), (96.0, 14.0), (0, 0), (92.0, 4.0), (-24.0, -18.0), (118.0, -13.0)]
[(47.0, 262.0), (37.0, 273.0), (56.0, 271.0), (-1.0, 234.0), (88.0, 229.0), (22.0, 145.0), (69.0, 146.0), (19.0, 78.0), (89.0, 78.0), (-4.0, 11.0), (96.0, 13.0), (0, 0), (91.0, 3.0), (-24.0, -18.0), (118.0, -13.0)]
[(50.0, 232.0), (40.0, 243.0), (57.0, 243.0), (-0.0, 208.0), (90.0, 206.0), (22.0, 132.0), (69.0, 132.0), (18.0, 70.0), (92.0, 70.0), (-4.0, 10.0), (96.0, 12.0), (0, 0), (91.0, 3.0), (-24.0, -18.0), (118.0, -14.0)]
[(49.0, 220.0), (40.0, 231.0), (58.0, 230.0), (1.0, 200.0), (91.0, 194.0), (24.0, 125.0), (70.0, 123.0), (18.0, 71.0), (93.0, 66.0), (-4.0, 10.0), (96.0, 11.0), (0, 0), (91.0, 3.0), (-24.0, -17.0), (117.0, -14.0)]
[(48.0, 219.0), (40.0, 230.0), (57.0, 229.0), (-0.0, 199.0), (90.0, 193.0), (24.0, 123.0), (69.0, 122.0), (16.0, 71.0), (92.0, 67.0), (-5.0, 10.0), (95.0, 11.0), (0, 0), (90.0, 2.0), (-24.0, -16.0), (116.0, -14.0)]
[(47.0, 203.0), (39.0, 215.0), (56.0, 213.0), (-2.0, 189.0), (88.0, 179.0), (23.0, 115.0), (68.0, 111.0), (12.0, 72.0), (90.0, 66.0), (-6.0, 10.0), (93.0, 10.0), (0, 0), (87.0, 1.0), (-24.0, -16.0), (113.0, -14.0)]
[(48.0, 202.0), (40.0, 213.0), (58.0, 212.0), (-2.0, 185.0), (88.0, 176.0), (22.0, 112.0), (68.0, 109.0), (7.0, 72.0), (91.0, 66.0), (-5.0, 9.0), (93.0, 9.0), (0, 0), (87.0, 0.0), (-24.0, -17.0), (113.0, -15.0)]
[(47.0, 201.0), (38.0, 213.0), (57.0, 211.0), (-3.0, 186.0), (86.0, 176.0), (21.0, 113.0), (67.0, 109.0), (4.0, 72.0), (89.0, 67.0), (-6.0, 9.0), (91.0, 8.0), (0, 0), (85.0, -1.0), (-25.0, -17.0), (111.0, -16.0)]
[(47.0, 201.0), (38.0, 212.0), (57.0, 210.0), (-3.0, 184.0), (86.0, 175.0), (21.0, 112.0), (67.0, 108.0), (3.0, 72.0), (89.0, 67.0), (-6.0, 8.0), (91.0, 7.0), (0, 0), (85.0, -2.0), (-24.0, -18.0), (111.0, -17.0)]
[(47.0, 207.0), (38.0, 219.0), (57.0, 216.0), (-3.0, 190.0), (86.0, 179.0), (21.0, 115.0), (67.0, 112.0), (2.0, 77.0), (89.0, 68.0), (-6.0, 8.0), (91.0, 8.0), (0, 0), (85.0, -2.0), (-25.0, -18.0), (111.0, -17.0)]
[(47.0, 208.0), (38.0, 219.0), (57.0, 217.0), (-3.0, 191.0), (86.0, 180.0), (21.0, 116.0), (67.0, 112.0), (1.0, 78.0), (89.0, 68.0), (-6.0, 9.0), (91.0, 8.0), (0, 0), (85.0, -1.0), (-25.0, -18.0), (111.0, -17.0)]
[(46.0, 214.0), (38.0, 226.0), (57.0, 224.0), (-2.0, 196.0), (87.0, 185.0), (22.0, 118.0), (68.0, 116.0), (-0.0, 78.0), (90.0, 70.0), (-5.0, 9.0), (92.0, 8.0), (0, 0), (86.0, -2.0), (-25.0, -17.0), (112.0, -17.0)]
[(44.0, 244.0), (36.0, 255.0), (53.0, 254.0), (-2.0, 215.0), (86.0, 211.0), (20.0, 133.0), (67.0, 132.0), (-4.0, 78.0), (91.0, 72.0), (-6.0, 9.0), (92.0, 9.0), (0, 0), (86.0, -1.0), (-26.0, -17.0), (114.0, -16.0)]
[(44.0, 266.0), (37.0, 276.0), (53.0, 275.0), (-0.0, 235.0), (84.0, 227.0), (21.0, 145.0), (68.0, 145.0), (-4.0, 80.0), (92.0, 80.0), (-6.0, 10.0), (95.0, 10.0), (0, 0), (89.0, 0.0), (-26.0, -16.0), (117.0, -15.0)]
[(44.0, 267.0), (36.0, 277.0), (53.0, 276.0), (-1.0, 235.0), (84.0, 230.0), (20.0, 146.0), (68.0, 147.0), (-5.0, 80.0), (92.0, 81.0), (-6.0, 10.0), (95.0, 10.0), (0, 0), (89.0, 0.0), (-25.0, -17.0), (117.0, -15.0)]
[(42.0, 286.0), (34.0, 296.0), (50.0, 295.0), (-1.0, 251.0), (81.0, 250.0), (20.0, 155.0), (68.0, 155.0), (-5.0, 85.0), (92.0, 86.0), (-7.0, 10.0), (95.0, 10.0), (0, 0), (89.0, 0.0), (-25.0, -17.0), (117.0, -15.0)]
[(42.0, 286.0), (33.0, 296.0), (50.0, 294.0), (-2.0, 250.0), (81.0, 250.0), (19.0, 154.0), (68.0, 155.0), (-6.0, 84.0), (92.0, 84.0), (-7.0, 10.0), (95.0, 10.0), (0, 0), (89.0, -1.0), (-25.0, -18.0), (117.0, -16.0)]
[(42.0, 302.0), (33.0, 312.0), (50.0, 311.0), (-2.0, 263.0), (82.0, 264.0), (19.0, 159.0), (68.0, 160.0), (-7.0, 86.0), (92.0, 87.0), (-7.0, 10.0), (95.0, 10.0), (0, 0), (90.0, -1.0), (-25.0, -18.0), (118.0, -16.0)]
[(42.0, 341.0), (32.0, 349.0), (49.0, 349.0), (-4.0, 297.0), (81.0, 297.0), (20.0, 181.0), (69.0, 182.0), (-5.0, 99.0), (93.0, 99.0), (-6.0, 11.0), (97.0, 10.0), (0, 0), (91.0, -1.0), (-25.0, -18.0), (119.0, -16.0)]
[(41.0, 364.0), (30.0, 371.0), (48.0, 371.0), (-4.0, 315.0), (80.0, 315.0), (20.0, 192.0), (69.0, 192.0), (-4.0, 103.0), (92.0, 102.0), (-7.0, 12.0), (97.0, 13.0), (0, 0), (91.0, 2.0), (-25.0, -18.0), (119.0, -15.0)]