[(57.0, 360.0), (49.0, 368.0), (65.0, 368.0), (9.0, 313.0), (94.0, 310.0), (27.0, 181.0), (80.0, 179.0), (15.0, 85.0), (97.0, 82.0), (-1.0, 10.0), (103.0, 12.0), (0, 0), (102.0, 5.0), (-1.0, -21.0), (110.0, -20.0)]
[(55.0, 364.0), (46.0, 372.0), (63.0, 372.0), (8.0, 315.0), (92.0, 311.0), (25.0, 183.0), (78.0, 181.0), (11.0, 87.0), (95.0, 84.0), (-2.0, 9.0), (102.0, 13.0), (0, 0), (100.0, 7.0), (-6.0, -20.0), (108.0, -20.0)]
[(54.0, 369.0), (45.0, 376.0), (62.0, 377.0), (7.0, 318.0), (91.0, 314.0), (24.0, 185.0), (77.0, 183.0), (10.0, 89.0), (94.0, 87.0), (-3.0, 10.0), (101.0, 14.0), (0, 0), (99.0, 7.0), (-8.0, -18.0), (105.0, -20.0)]
[(54.0, 372.0), (45.0, 379.0), (61.0, 380.0), (6.0, 318.0), (92.0, 314.0), (24.0, 185.0), (76.0, 184.0), (9.0, 89.0), (95.0, 89.0), (-3.0, 11.0), (100.0, 15.0), (0, 0), (99.0, 9.0), (-9.0, -18.0), (104.0, -21.0)]
[(53.0, 375.0), (44.0, 382.0), (61.0, 383.0), (4.0, 320.0), (91.0, 317.0), (23.0, 187.0), (75.0, 187.0), (8.0, 92.0), (93.0, 92.0), (-3.0, 12.0), (99.0, 16.0), (0, 0), (98.0, 10.0), (-10.0, -16.0), (103.0, -19.0)]
[(52.0, 376.0), (43.0, 384.0), (61.0, 384.0), (4.0, 319.0), (91.0, 319.0), (22.0, 190.0), (74.0, 189.0), (8.0, 95.0), (93.0, 95.0), (-3.0, 12.0), (99.0, 20.0), (0, 0), (98.0, 14.0), (-10.0, -16.0), (102.0, -18.0)]
[(52.0, 377.0), (43.0, 384.0), (60.0, 385.0), (4.0, 317.0), (91.0, 319.0), (22.0, 188.0), (74.0, 189.0), (8.0, 95.0), (93.0, 96.0), (-2.0, 13.0), (99.0, 19.0), (0, 0), (98.0, 12.0), (-10.0, -17.0), (102.0, -18.0)]
[(51.0, 375.0), (42.0, 383.0), (60.0, 383.0), (3.0, 316.0), (91.0, 317.0), (22.0, 186.0), (74.0, 188.0), (11.0, 96.0), (91.0, 99.0), (-2.0, 13.0), (98.0, 17.0), (0, 0), (96.0, 11.0), (-9.0, -19.0), (101.0, -19.0)]
[(50.0, 379.0), (41.0, 387.0), (59.0, 387.0), (2.0, 319.0), (91.0, 318.0), (20.0, 192.0), (72.0, 191.0), (9.0, 96.0), (89.0, 99.0), (-2.0, 14.0), (96.0, 20.0), (0, 0), (94.0, 13.0), (-10.0, -20.0), (99.0, -16.0)]
[(50.0, 381.0), (41.0, 389.0), (59.0, 389.0), (2.0, 322.0), (91.0, 320.0), (20.0, 193.0), (72.0, 193.0), (9.0, 98.0), (89.0, 101.0), (-2.0, 12.0), (96.0, 21.0), (0, 0), (94.0, 13.0), (-9.0, -20.0), (100.0, -14.0)]
[(50.0, 381.0), (41.0, 389.0), (59.0, 389.0), (2.0, 321.0), (91.0, 321.0), (19.0, 194.0), (72.0, 194.0), (8.0, 98.0), (89.0, 101.0), (-2.0, 12.0), (96.0, 21.0), (0, 0), (94.0, 14.0), (-9.0, -20.0), (100.0, -14.0)]
[(50.0, 381.0), (41.0, 389.0), (59.0, 389.0), (1.0, 321.0), (91.0, 321.0), (20.0, 193.0), (72.0, 193.0), (8.0, 97.0), (88.0, 100.0), (-2.0, 12.0), (96.0, 21.0), (0, 0), (95.0, 13.0), (-8.0, -20.0), (100.0, -15.0)]
[(50.0, 381.0), (41.0, 389.0), (59.0, 389.0), (1.0, 321.0), (91.0, 321.0), (20.0, 193.0), (72.0, 193.0), (6.0, 96.0), (88.0, 98.0), (-2.0, 10.0), (96.0, 19.0), (0, 0), (95.0, 12.0), (-8.0, -22.0), (100.0, -16.0)]
[(50.0, 381.0), (41.0, 389.0), (59.0, 389.0), (1.0, 321.0), (91.0, 321.0), (20.0, 193.0), (72.0, 193.0), (6.0, 95.0), (88.0, 98.0), (-3.0, 9.0), (96.0, 19.0), (0, 0), (96.0, 11.0), (-8.0, -22.0), (100.0, -16.0)]
[(51.0, 381.0), (42.0, 389.0), (60.0, 390.0), (2.0, 321.0), (92.0, 321.0), (21.0, 193.0), (73.0, 193.0), (7.0, 95.0), (89.0, 97.0), (-2.0, 10.0), (98.0, 17.0), (0, 0), (97.0, 10.0), (-7.0, -22.0), (101.0, -17.0)]
[(52.0, 381.0), (43.0, 389.0), (61.0, 390.0), (3.0, 320.0), (94.0, 321.0), (21.0, 192.0), (74.0, 192.0), (8.0, 95.0), (90.0, 96.0), (-2.0, 10.0), (99.0, 17.0), (0, 0), (98.0, 10.0), (-5.0, -22.0), (103.0, -17.0)]
[(52.0, 380.0), (43.0, 388.0), (61.0, 389.0), (2.0, 319.0), (94.0, 319.0), (21.0, 190.0), (74.0, 190.0), (8.0, 93.0), (90.0, 95.0), (-2.0, 9.0), (99.0, 18.0), (0, 0), (98.0, 11.0), (-5.0, -22.0), (103.0, -18.0)]
[(51.0, 380.0), (42.0, 388.0), (60.0, 389.0), (2.0, 320.0), (93.0, 319.0), (20.0, 190.0), (73.0, 190.0), (7.0, 93.0), (89.0, 94.0), (-3.0, 9.0), (98.0, 18.0), (0, 0), (97.0, 11.0), (-6.0, -23.0), (102.0, -18.0)]
[(53.0, 380.0), (45.0, 388.0), (62.0, 389.0), (5.0, 320.0), (96.0, 320.0), (23.0, 190.0), (76.0, 190.0), (10.0, 93.0), (91.0, 94.0), (-1.0, 9.0), (101.0, 17.0), (0, 0), (101.0, 10.0), (-5.0, -22.0), (105.0, -18.0)]
[(53.0, 380.0), (44.0, 388.0), (62.0, 389.0), (5.0, 321.0), (96.0, 320.0), (23.0, 190.0), (76.0, 190.0), (10.0, 93.0), (90.0, 94.0), (-1.0, 9.0), (101.0, 15.0), (0, 0), (100.0, 8.0), (-5.0, -22.0), (105.0, -19.0)]
[(52.0, 380.0), (43.0, 388.0), (61.0, 389.0), (3.0, 321.0), (95.0, 321.0), (22.0, 189.0), (76.0, 190.0), (9.0, 92.0), (89.0, 94.0), (-2.0, 9.0), (100.0, 16.0), (0, 0), (99.0, 9.0), (-6.0, -22.0), (104.0, -19.0)]
[(51.0, 377.0), (42.0, 385.0), (60.0, 386.0), (3.0, 318.0), (95.0, 319.0), (23.0, 186.0), (76.0, 186.0), (9.0, 89.0), (89.0, 91.0), (-2.0, 10.0), (99.0, 13.0), (0, 0), (99.0, 6.0), (-6.0, -24.0), (104.0, -22.0)]
[(50.0, 378.0), (41.0, 386.0), (59.0, 387.0), (2.0, 319.0), (93.0, 320.0), (23.0, 186.0), (75.0, 187.0), (8.0, 90.0), (89.0, 91.0), (-3.0, 11.0), (98.0, 14.0), (0, 0), (98.0, 7.0), (-7.0, -23.0), (103.0, -21.0)]
[(50.0, 379.0), (41.0, 387.0), (59.0, 387.0), (2.0, 319.0), (93.0, 322.0), (23.0, 187.0), (76.0, 188.0), (7.0, 91.0), (89.0, 92.0), (-3.0, 11.0), (98.0, 15.0), (0, 0), (97.0, 8.0), (-8.0, -21.0), (103.0, -20.0)]
[(49.0, 379.0), (40.0, 387.0), (58.0, 387.0), (1.0, 320.0), (91.0, 322.0), (22.0, 187.0), (74.0, 189.0), (5.0, 91.0), (90.0, 93.0), (-3.0, 11.0), (98.0, 16.0), (0, 0), (97.0, 8.0), (-11.0, -20.0), (102.0, -20.0)]
[(49.0, 379.0), (40.0, 387.0), (58.0, 387.0), (1.0, 320.0), (90.0, 322.0), (22.0, 187.0), (73.0, 189.0), (6.0, 91.0), (92.0, 93.0), (-3.0, 11.0), (98.0, 16.0), (0, 0), (97.0, 8.0), (-10.0, -20.0), (102.0, -20.0)]
[(49.0, 379.0), (40.0, 387.0), (58.0, 387.0), (1.0, 320.0), (90.0, 322.0), (22.0, 187.0), (73.0, 189.0), (7.0, 91.0), (93.0, 94.0), (-3.0, 11.0), (98.0, 16.0), (0, 0), (97.0, 8.0), (-10.0, -20.0), (102.0, -20.0)]
[(50.0, 378.0), (41.0, 386.0), (59.0, 387.0), (2.0, 321.0), (90.0, 323.0), (24.0, 187.0), (74.0, 189.0), (8.0, 91.0), (94.0, 95.0), (-2.0, 11.0), (99.0, 17.0), (0, 0), (98.0, 9.0), (-8.0, -20.0), (103.0, -20.0)]
[(50.0, 377.0), (41.0, 385.0), (59.0, 386.0), (3.0, 322.0), (90.0, 322.0), (24.0, 187.0), (74.0, 189.0), (9.0, 92.0), (94.0, 95.0), (-2.0, 11.0), (99.0, 17.0), (0, 0), (98.0, 9.0), (-9.0, -20.0), (103.0, -19.0)]
[(51.0, 375.0), (41.0, 383.0), (59.0, 384.0), (4.0, 322.0), (91.0, 322.0), (25.0, 187.0), (76.0, 189.0), (11.0, 91.0), (95.0, 94.0), (-2.0, 12.0), (100.0, 17.0), (0, 0), (101.0, 9.0), (-8.0, -20.0), (104.0, -19.0)]
[(50.0, 372.0), (41.0, 380.0), (58.0, 382.0), (4.0, 323.0), (90.0, 322.0), (25.0, 187.0), (76.0, 188.0), (11.0, 91.0), (95.0, 93.0), (-2.0, 11.0), (100.0, 16.0), (0, 0), (101.0, 9.0), (-8.0, -20.0), (104.0, -19.0)]
[(49.0, 371.0), (41.0, 379.0), (58.0, 381.0), (4.0, 324.0), (90.0, 323.0), (25.0, 187.0), (77.0, 187.0), (11.0, 91.0), (96.0, 91.0), (-2.0, 12.0), (100.0, 16.0), (0, 0), (101.0, 8.0), (-8.0, -19.0), (106.0, -18.0)]
[(49.0, 366.0), (40.0, 374.0), (58.0, 375.0), (4.0, 322.0), (90.0, 321.0), (25.0, 183.0), (77.0, 184.0), (11.0, 87.0), (96.0, 88.0), (-2.0, 12.0), (101.0, 15.0), (0, 0), (101.0, 7.0), (-8.0, -20.0), (106.0, -19.0)]
[(50.0, 361.0), (41.0, 370.0), (58.0, 370.0), (5.0, 319.0), (91.0, 319.0), (26.0, 181.0), (78.0, 181.0), (12.0, 85.0), (97.0, 85.0), (-2.0, 12.0), (101.0, 14.0), (0, 0), (101.0, 6.0), (-8.0, -19.0), (107.0, -20.0)]
[(50.0, 358.0), (41.0, 367.0), (58.0, 367.0), (5.0, 316.0), (91.0, 316.0), (27.0, 176.0), (79.0, 177.0), (12.0, 84.0), (97.0, 84.0), (-2.0, 12.0), (101.0, 11.0), (0, 0), (100.0, 3.0), (-8.0, -18.0), (107.0, -20.0)]
[(50.0, 354.0), (41.0, 363.0), (58.0, 363.0), (4.0, 312.0), (90.0, 313.0), (27.0, 172.0), (79.0, 173.0), (12.0, 83.0), (97.0, 82.0), (-2.0, 12.0), (101.0, 9.0), (0, 0), (100.0, 1.0), (-9.0, -17.0), (107.0, -20.0)]
[(49.0, 349.0), (41.0, 358.0), (57.0, 358.0), (4.0, 308.0), (90.0, 309.0), (27.0, 167.0), (80.0, 170.0), (12.0, 81.0), (97.0, 81.0), (-2.0, 11.0), (101.0, 9.0), (0, 0), (99.0, 2.0), (-8.0, -18.0), (109.0, -20.0)]
[(48.0, 344.0), (41.0, 353.0), (56.0, 353.0), (4.0, 304.0), (90.0, 303.0), (27.0, 164.0), (80.0, 165.0), (12.0, 78.0), (97.0, 77.0), (-2.0, 10.0), (100.0, 9.0), (0, 0), (98.0, 2.0), (-8.0, -18.0), (109.0, -20.0)]
[(48.0, 342.0), (41.0, 350.0), (56.0, 350.0), (4.0, 300.0), (90.0, 298.0), (27.0, 161.0), (80.0, 162.0), (12.0, 76.0), (97.0, 73.0), (-2.0, 10.0), (100.0, 7.0), (0, 0), (97.0, 0.0), (-6.0, -19.0), (108.0, -20.0)]
[(48.0, 334.0), (41.0, 342.0), (56.0, 343.0), (6.0, 290.0), (91.0, 292.0), (27.0, 156.0), (80.0, 157.0), (10.0, 72.0), (97.0, 68.0), (-2.0, 8.0), (100.0, 7.0), (0, 0), (97.0, 1.0), (-6.0, -21.0), (108.0, -20.0)]
[(48.0, 329.0), (41.0, 337.0), (56.0, 338.0), (7.0, 285.0), (91.0, 287.0), (27.0, 154.0), (80.0, 154.0), (9.0, 73.0), (98.0, 69.0), (-2.0, 7.0), (100.0, 7.0), (0, 0), (97.0, 1.0), (-5.0, -22.0), (110.0, -20.0)]
[(50.0, 312.0), (42.0, 320.0), (58.0, 320.0), (8.0, 274.0), (91.0, 274.0), (26.0, 154.0), (79.0, 155.0), (9.0, 74.0), (98.0, 74.0), (-2.0, 7.0), (100.0, 11.0), (0, 0), (97.0, 4.0), (-4.0, -18.0), (111.0, -13.0)]
[(52.0, 300.0), (43.0, 308.0), (60.0, 308.0), (11.0, 264.0), (93.0, 260.0), (25.0, 156.0), (78.0, 156.0), (10.0, 81.0), (101.0, 84.0), (-2.0, 10.0), (100.0, 17.0), (0, 0), (94.0, 8.0), (-5.0, -14.0), (110.0, -10.0)]
[(52.0, 292.0), (43.0, 299.0), (60.0, 299.0), (12.0, 257.0), (93.0, 252.0), (25.0, 152.0), (77.0, 152.0), (10.0, 80.0), (102.0, 86.0), (-2.0, 10.0), (99.0, 18.0), (0, 0), (94.0, 9.0), (-3.0, -15.0), (110.0, -11.0)]
[(53.0, 284.0), (44.0, 291.0), (61.0, 292.0), (13.0, 250.0), (94.0, 244.0), (25.0, 145.0), (77.0, 145.0), (10.0, 76.0), (100.0, 84.0), (-2.0, 10.0), (99.0, 20.0), (0, 0), (94.0, 11.0), (-2.0, -17.0), (108.0, -11.0)]
[(53.0, 276.0), (45.0, 284.0), (62.0, 285.0), (14.0, 243.0), (94.0, 238.0), (26.0, 142.0), (77.0, 141.0), (10.0, 78.0), (100.0, 82.0), (-2.0, 10.0), (99.0, 19.0), (0, 0), (94.0, 10.0), (-1.0, -17.0), (108.0, -12.0)]
[(54.0, 267.0), (46.0, 276.0), (63.0, 276.0), (15.0, 236.0), (95.0, 231.0), (26.0, 139.0), (77.0, 138.0), (10.0, 75.0), (100.0, 76.0), (-2.0, 9.0), (99.0, 18.0), (0, 0), (94.0, 9.0), (-1.0, -20.0), (107.0, -13.0)]
[(54.0, 257.0), (46.0, 265.0), (63.0, 265.0), (15.0, 226.0), (96.0, 220.0), (27.0, 132.0), (77.0, 129.0), (10.0, 74.0), (100.0, 69.0), (-2.0, 8.0), (100.0, 11.0), (0, 0), (95.0, 3.0), (0.0, -25.0), (107.0, -19.0)]
[(54.0, 248.0), (46.0, 257.0), (63.0, 257.0), (14.0, 218.0), (95.0, 212.0), (26.0, 127.0), (76.0, 124.0), (9.0, 71.0), (100.0, 66.0), (-2.0, 7.0), (99.0, 9.0), (0, 0), (94.0, 2.0), (0.0, -30.0), (105.0, -22.0)]
[(53.0, 243.0), (45.0, 252.0), (63.0, 252.0), (13.0, 213.0), (95.0, 207.0), (26.0, 122.0), (75.0, 119.0), (7.0, 64.0), (100.0, 59.0), (-3.0, 6.0), (98.0, 8.0), (0, 0), (93.0, 2.0), (-1.0, -30.0), (104.0, -23.0)]
[(54.0, 240.0), (45.0, 249.0), (63.0, 249.0), (14.0, 210.0), (95.0, 205.0), (26.0, 123.0), (75.0, 120.0), (6.0, 64.0), (100.0, 59.0), (-3.0, 6.0), (97.0, 12.0), (0, 0), (93.0, 7.0), (-1.0, -29.0), (103.0, -22.0)]
[(54.0, 239.0), (46.0, 247.0), (64.0, 248.0), (15.0, 210.0), (97.0, 204.0), (27.0, 121.0), (76.0, 118.0), (7.0, 64.0), (102.0, 58.0), (-2.0, 6.0), (98.0, 11.0), (0, 0), (94.0, 6.0), (-1.0, -28.0), (104.0, -22.0)]
[(55.0, 242.0), (47.0, 250.0), (64.0, 251.0), (15.0, 210.0), (97.0, 205.0), (27.0, 122.0), (77.0, 118.0), (7.0, 66.0), (105.0, 55.0), (-2.0, 6.0), (98.0, 7.0), (0, 0), (94.0, 3.0), (-1.0, -27.0), (104.0, -23.0)]
[(57.0, 243.0), (49.0, 250.0), (66.0, 252.0), (16.0, 210.0), (98.0, 206.0), (28.0, 121.0), (78.0, 119.0), (8.0, 61.0), (106.0, 56.0), (-1.0, 5.0), (99.0, 6.0), (0, 0), (95.0, 2.0), (0.0, -28.0), (105.0, -24.0)]
[(58.0, 244.0), (49.0, 251.0), (66.0, 253.0), (16.0, 210.0), (98.0, 206.0), (28.0, 121.0), (78.0, 119.0), (8.0, 61.0), (105.0, 57.0), (-2.0, 5.0), (100.0, 5.0), (0, 0), (96.0, 0.0), (0.0, -29.0), (105.0, -25.0)]
[(58.0, 246.0), (49.0, 254.0), (66.0, 255.0), (16.0, 212.0), (98.0, 209.0), (28.0, 121.0), (78.0, 119.0), (9.0, 67.0), (105.0, 60.0), (-2.0, 6.0), (101.0, 5.0), (0, 0), (98.0, 0.0), (0.0, -29.0), (104.0, -25.0)]
[(60.0, 246.0), (51.0, 254.0), (68.0, 255.0), (18.0, 213.0), (100.0, 210.0), (30.0, 121.0), (79.0, 120.0), (12.0, 70.0), (106.0, 68.0), (-0.0, 5.0), (103.0, 5.0), (0, 0), (100.0, -1.0), (2.0, -29.0), (106.0, -25.0)]
[(61.0, 253.0), (52.0, 261.0), (69.0, 261.0), (19.0, 217.0), (101.0, 212.0), (31.0, 122.0), (80.0, 120.0), (14.0, 72.0), (105.0, 71.0), (1.0, 5.0), (104.0, 5.0), (0, 0), (101.0, -1.0), (3.0, -28.0), (107.0, -25.0)]
[(61.0, 260.0), (53.0, 267.0), (69.0, 268.0), (19.0, 221.0), (100.0, 218.0), (31.0, 122.0), (80.0, 121.0), (16.0, 72.0), (101.0, 83.0), (1.0, 6.0), (104.0, 5.0), (0, 0), (101.0, -2.0), (2.0, -29.0), (107.0, -26.0)]
[(62.0, 266.0), (54.0, 274.0), (70.0, 274.0), (21.0, 229.0), (101.0, 222.0), (31.0, 125.0), (81.0, 124.0), (17.0, 73.0), (99.0, 90.0), (1.0, 6.0), (105.0, 9.0), (0, 0), (102.0, 2.0), (3.0, -29.0), (108.0, -25.0)]
[(62.0, 275.0), (54.0, 282.0), (70.0, 283.0), (21.0, 236.0), (101.0, 231.0), (30.0, 131.0), (79.0, 130.0), (17.0, 77.0), (99.0, 91.0), (1.0, 6.0), (105.0, 10.0), (0, 0), (102.0, 2.0), (3.0, -27.0), (108.0, -24.0)]
[(62.0, 279.0), (54.0, 285.0), (70.0, 286.0), (21.0, 239.0), (101.0, 233.0), (29.0, 133.0), (79.0, 131.0), (18.0, 72.0), (99.0, 84.0), (1.0, 5.0), (105.0, 5.0), (0, 0), (102.0, -2.0), (3.0, -31.0), (109.0, -28.0)]
[(62.0, 287.0), (55.0, 294.0), (70.0, 294.0), (21.0, 247.0), (100.0, 241.0), (28.0, 138.0), (78.0, 136.0), (18.0, 71.0), (99.0, 82.0), (1.0, 6.0), (105.0, 6.0), (0, 0), (102.0, -1.0), (3.0, -29.0), (109.0, -27.0)]
[(62.0, 297.0), (55.0, 304.0), (70.0, 304.0), (20.0, 254.0), (100.0, 250.0), (27.0, 144.0), (78.0, 142.0), (17.0, 71.0), (99.0, 83.0), (1.0, 7.0), (105.0, 10.0), (0, 0), (102.0, 2.0), (3.0, -26.0), (109.0, -24.0)]
[(58.0, 327.0), (50.0, 334.0), (66.0, 334.0), (12.0, 278.0), (95.0, 277.0), (22.0, 160.0), (73.0, 158.0), (9.0, 75.0), (92.0, 83.0), (-1.0, 8.0), (100.0, 11.0), (0, 0), (98.0, 4.0), (-1.0, -25.0), (104.0, -23.0)]
[(56.0, 335.0), (48.0, 344.0), (63.0, 343.0), (7.0, 285.0), (92.0, 287.0), (19.0, 167.0), (71.0, 166.0), (6.0, 80.0), (87.0, 85.0), (-2.0, 10.0), (98.0, 14.0), (0, 0), (96.0, 7.0), (-3.0, -22.0), (101.0, -20.0)]
[(55.0, 344.0), (47.0, 353.0), (62.0, 352.0), (2.0, 295.0), (91.0, 293.0), (17.0, 172.0), (70.0, 170.0), (3.0, 84.0), (86.0, 85.0), (-2.0, 11.0), (98.0, 15.0), (0, 0), (96.0, 9.0), (-4.0, -19.0), (101.0, -19.0)]