[(37.0, 377.0), (28.0, 386.0), (45.0, 383.0), (-6.0, 333.0), (75.0, 326.0), (13.0, 199.0), (61.0, 200.0), (-7.0, 104.0), (83.0, 105.0), (-7.0, 12.0), (92.0, 12.0), (0, 0), (87.0, 1.0), (-31.0, -19.0), (112.0, -15.0)]
[(36.0, 391.0), (27.0, 399.0), (44.0, 397.0), (-7.0, 345.0), (76.0, 339.0), (13.0, 206.0), (61.0, 207.0), (-4.0, 106.0), (81.0, 109.0), (-7.0, 12.0), (92.0, 13.0), (0, 0), (87.0, 1.0), (-32.0, -19.0), (112.0, -15.0)]
[(36.0, 391.0), (26.0, 399.0), (44.0, 398.0), (-7.0, 348.0), (76.0, 340.0), (13.0, 207.0), (61.0, 208.0), (-3.0, 107.0), (81.0, 108.0), (-7.0, 13.0), (91.0, 13.0), (0, 0), (87.0, 2.0), (-32.0, -19.0), (111.0, -15.0)]
[(35.0, 403.0), (26.0, 409.0), (44.0, 409.0), (-8.0, 357.0), (76.0, 354.0), (13.0, 213.0), (61.0, 215.0), (-0.0, 109.0), (80.0, 108.0), (-7.0, 12.0), (91.0, 12.0), (0, 0), (87.0, 1.0), (-32.0, -20.0), (111.0, -16.0)]
[(35.0, 406.0), (26.0, 413.0), (44.0, 413.0), (-8.0, 360.0), (76.0, 353.0), (13.0, 212.0), (61.0, 215.0), (2.0, 109.0), (77.0, 110.0), (-7.0, 12.0), (91.0, 13.0), (0, 0), (87.0, 2.0), (-32.0, -20.0), (111.0, -16.0)]
[(35.0, 406.0), (26.0, 413.0), (44.0, 413.0), (-8.0, 359.0), (76.0, 353.0), (12.0, 211.0), (62.0, 215.0), (3.0, 109.0), (76.0, 109.0), (-7.0, 12.0), (91.0, 13.0), (0, 0), (87.0, 2.0), (-32.0, -20.0), (111.0, -16.0)]
[(35.0, 405.0), (26.0, 413.0), (44.0, 413.0), (-8.0, 358.0), (76.0, 352.0), (12.0, 210.0), (62.0, 214.0), (3.0, 108.0), (76.0, 108.0), (-7.0, 12.0), (91.0, 13.0), (0, 0), (87.0, 2.0), (-32.0, -20.0), (111.0, -16.0)]
[(35.0, 408.0), (26.0, 414.0), (44.0, 414.0), (-8.0, 358.0), (76.0, 352.0), (12.0, 209.0), (61.0, 213.0), (3.0, 107.0), (76.0, 108.0), (-7.0, 12.0), (91.0, 12.0), (0, 0), (87.0, 2.0), (-32.0, -20.0), (111.0, -17.0)]
[(35.0, 408.0), (26.0, 415.0), (44.0, 414.0), (-9.0, 359.0), (76.0, 352.0), (11.0, 210.0), (61.0, 214.0), (3.0, 108.0), (75.0, 108.0), (-7.0, 12.0), (91.0, 13.0), (0, 0), (87.0, 3.0), (-32.0, -20.0), (110.0, -16.0)]
[(35.0, 408.0), (26.0, 415.0), (44.0, 414.0), (-9.0, 359.0), (76.0, 352.0), (11.0, 210.0), (61.0, 214.0), (3.0, 108.0), (75.0, 108.0), (-7.0, 12.0), (91.0, 13.0), (0, 0), (87.0, 3.0), (-32.0, -21.0), (110.0, -16.0)]
[(35.0, 408.0), (26.0, 414.0), (44.0, 414.0), (-9.0, 358.0), (76.0, 352.0), (11.0, 211.0), (61.0, 214.0), (3.0, 108.0), (75.0, 108.0), (-7.0, 12.0), (91.0, 13.0), (0, 0), (87.0, 3.0), (-32.0, -21.0), (110.0, -16.0)]
[(34.0, 407.0), (25.0, 414.0), (43.0, 414.0), (-10.0, 358.0), (75.0, 352.0), (10.0, 211.0), (60.0, 214.0), (2.0, 108.0), (74.0, 108.0), (-8.0, 12.0), (89.0, 13.0), (0, 0), (85.0, 3.0), (-33.0, -21.0), (109.0, -16.0)]
[(34.0, 408.0), (25.0, 415.0), (44.0, 414.0), (-10.0, 358.0), (75.0, 352.0), (10.0, 210.0), (60.0, 213.0), (2.0, 108.0), (75.0, 108.0), (-8.0, 12.0), (89.0, 13.0), (0, 0), (86.0, 3.0), (-33.0, -21.0), (109.0, -16.0)]
[(34.0, 408.0), (25.0, 415.0), (44.0, 414.0), (-11.0, 358.0), (75.0, 352.0), (10.0, 210.0), (60.0, 213.0), (2.0, 107.0), (75.0, 108.0), (-8.0, 12.0), (89.0, 13.0), (0, 0), (86.0, 3.0), (-33.0, -22.0), (109.0, -16.0)]
[(35.0, 407.0), (25.0, 414.0), (44.0, 414.0), (-11.0, 358.0), (75.0, 352.0), (10.0, 209.0), (60.0, 212.0), (2.0, 107.0), (75.0, 107.0), (-8.0, 12.0), (89.0, 13.0), (0, 0), (86.0, 3.0), (-32.0, -22.0), (109.0, -16.0)]
[(36.0, 406.0), (26.0, 414.0), (45.0, 413.0), (-11.0, 358.0), (75.0, 352.0), (10.0, 210.0), (60.0, 213.0), (1.0, 108.0), (75.0, 108.0), (-7.0, 13.0), (89.0, 14.0), (0, 0), (86.0, 4.0), (-32.0, -21.0), (109.0, -15.0)]
[(37.0, 401.0), (27.0, 411.0), (45.0, 409.0), (-11.0, 357.0), (75.0, 349.0), (10.0, 209.0), (61.0, 212.0), (-0.0, 107.0), (76.0, 106.0), (-7.0, 12.0), (89.0, 12.0), (0, 0), (86.0, 3.0), (-32.0, -22.0), (109.0, -16.0)]
[(38.0, 399.0), (27.0, 410.0), (46.0, 407.0), (-11.0, 356.0), (76.0, 347.0), (10.0, 209.0), (61.0, 212.0), (-1.0, 106.0), (77.0, 106.0), (-7.0, 12.0), (89.0, 12.0), (0, 0), (86.0, 3.0), (-32.0, -22.0), (109.0, -17.0)]
[(40.0, 375.0), (28.0, 385.0), (48.0, 383.0), (-11.0, 335.0), (77.0, 326.0), (10.0, 195.0), (62.0, 196.0), (-4.0, 100.0), (78.0, 102.0), (-7.0, 12.0), (89.0, 12.0), (0, 0), (86.0, 2.0), (-32.0, -22.0), (109.0, -17.0)]
[(41.0, 353.0), (31.0, 364.0), (49.0, 361.0), (-11.0, 318.0), (78.0, 308.0), (10.0, 185.0), (62.0, 186.0), (-5.0, 94.0), (78.0, 99.0), (-7.0, 12.0), (89.0, 11.0), (0, 0), (86.0, 2.0), (-33.0, -22.0), (109.0, -17.0)]
[(43.0, 353.0), (32.0, 362.0), (51.0, 361.0), (-9.0, 316.0), (78.0, 305.0), (10.0, 184.0), (62.0, 185.0), (-5.0, 91.0), (79.0, 98.0), (-7.0, 11.0), (89.0, 10.0), (0, 0), (86.0, 1.0), (-34.0, -22.0), (109.0, -17.0)]
[(45.0, 337.0), (34.0, 346.0), (52.0, 344.0), (-8.0, 301.0), (79.0, 289.0), (11.0, 174.0), (62.0, 173.0), (-5.0, 87.0), (80.0, 92.0), (-7.0, 11.0), (89.0, 10.0), (0, 0), (86.0, 1.0), (-34.0, -22.0), (109.0, -17.0)]
[(45.0, 316.0), (35.0, 326.0), (53.0, 324.0), (-6.0, 285.0), (80.0, 274.0), (12.0, 164.0), (63.0, 165.0), (-4.0, 83.0), (83.0, 87.0), (-6.0, 11.0), (90.0, 10.0), (0, 0), (87.0, 1.0), (-33.0, -20.0), (110.0, -17.0)]
[(46.0, 316.0), (36.0, 326.0), (53.0, 325.0), (-6.0, 282.0), (81.0, 272.0), (12.0, 164.0), (63.0, 164.0), (-4.0, 81.0), (84.0, 84.0), (-6.0, 10.0), (91.0, 10.0), (0, 0), (87.0, 1.0), (-33.0, -20.0), (110.0, -17.0)]
[(46.0, 278.0), (36.0, 290.0), (54.0, 288.0), (-5.0, 256.0), (82.0, 246.0), (13.0, 154.0), (63.0, 154.0), (-3.0, 78.0), (84.0, 81.0), (-6.0, 10.0), (91.0, 11.0), (0, 0), (87.0, 1.0), (-31.0, -19.0), (110.0, -16.0)]
[(46.0, 266.0), (36.0, 277.0), (53.0, 275.0), (-4.0, 241.0), (83.0, 229.0), (14.0, 148.0), (63.0, 146.0), (-1.0, 78.0), (84.0, 77.0), (-6.0, 10.0), (91.0, 11.0), (0, 0), (86.0, 1.0), (-31.0, -19.0), (110.0, -16.0)]
[(46.0, 265.0), (37.0, 276.0), (54.0, 274.0), (-4.0, 240.0), (83.0, 228.0), (14.0, 148.0), (63.0, 146.0), (-0.0, 78.0), (84.0, 77.0), (-6.0, 10.0), (91.0, 11.0), (0, 0), (86.0, 1.0), (-30.0, -19.0), (111.0, -16.0)]
[(46.0, 252.0), (37.0, 262.0), (54.0, 261.0), (-4.0, 228.0), (84.0, 216.0), (15.0, 142.0), (62.0, 140.0), (-0.0, 74.0), (86.0, 73.0), (-6.0, 10.0), (91.0, 10.0), (0, 0), (86.0, 1.0), (-29.0, -19.0), (111.0, -16.0)]
[(46.0, 251.0), (37.0, 262.0), (54.0, 261.0), (-3.0, 227.0), (84.0, 216.0), (15.0, 141.0), (62.0, 139.0), (1.0, 74.0), (87.0, 73.0), (-6.0, 10.0), (91.0, 10.0), (0, 0), (86.0, 0.0), (-29.0, -19.0), (111.0, -16.0)]
[(46.0, 237.0), (37.0, 248.0), (54.0, 246.0), (-3.0, 217.0), (84.0, 207.0), (16.0, 137.0), (62.0, 135.0), (1.0, 76.0), (88.0, 71.0), (-6.0, 9.0), (91.0, 10.0), (0, 0), (86.0, 0.0), (-29.0, -19.0), (110.0, -16.0)]
[(46.0, 216.0), (37.0, 227.0), (54.0, 226.0), (-3.0, 197.0), (84.0, 187.0), (16.0, 125.0), (63.0, 124.0), (1.0, 75.0), (90.0, 71.0), (-6.0, 9.0), (91.0, 10.0), (0, 0), (85.0, 0.0), (-28.0, -18.0), (110.0, -16.0)]
[(46.0, 205.0), (38.0, 216.0), (55.0, 214.0), (-3.0, 187.0), (85.0, 178.0), (17.0, 118.0), (64.0, 116.0), (1.0, 75.0), (92.0, 72.0), (-5.0, 9.0), (90.0, 9.0), (0, 0), (84.0, 0.0), (-28.0, -18.0), (110.0, -15.0)]
[(47.0, 204.0), (38.0, 215.0), (55.0, 214.0), (-3.0, 190.0), (85.0, 177.0), (17.0, 118.0), (64.0, 117.0), (-0.0, 73.0), (91.0, 73.0), (-5.0, 9.0), (90.0, 10.0), (0, 0), (84.0, 0.0), (-27.0, -18.0), (110.0, -15.0)]
[(46.0, 197.0), (37.0, 209.0), (54.0, 206.0), (-4.0, 184.0), (84.0, 172.0), (16.0, 116.0), (63.0, 113.0), (-3.0, 73.0), (91.0, 73.0), (-6.0, 9.0), (89.0, 10.0), (0, 0), (83.0, 0.0), (-26.0, -17.0), (109.0, -15.0)]
[(47.0, 192.0), (37.0, 204.0), (55.0, 202.0), (-4.0, 182.0), (84.0, 168.0), (17.0, 113.0), (63.0, 110.0), (-6.0, 75.0), (92.0, 73.0), (-6.0, 9.0), (89.0, 10.0), (0, 0), (83.0, 0.0), (-26.0, -17.0), (109.0, -15.0)]
[(47.0, 196.0), (38.0, 207.0), (55.0, 206.0), (-4.0, 186.0), (84.0, 171.0), (16.0, 117.0), (64.0, 113.0), (-6.0, 76.0), (92.0, 74.0), (-6.0, 9.0), (89.0, 10.0), (0, 0), (83.0, 0.0), (-26.0, -17.0), (109.0, -15.0)]
[(47.0, 197.0), (38.0, 208.0), (55.0, 207.0), (-4.0, 186.0), (84.0, 172.0), (16.0, 118.0), (64.0, 114.0), (-7.0, 77.0), (92.0, 74.0), (-6.0, 10.0), (89.0, 10.0), (0, 0), (83.0, 0.0), (-26.0, -17.0), (109.0, -15.0)]
[(47.0, 203.0), (38.0, 214.0), (55.0, 213.0), (-4.0, 192.0), (84.0, 177.0), (16.0, 119.0), (64.0, 116.0), (-7.0, 78.0), (92.0, 75.0), (-7.0, 10.0), (89.0, 10.0), (0, 0), (83.0, 0.0), (-26.0, -17.0), (109.0, -14.0)]
[(47.0, 204.0), (38.0, 215.0), (55.0, 214.0), (-4.0, 193.0), (84.0, 178.0), (16.0, 120.0), (64.0, 117.0), (-7.0, 78.0), (92.0, 75.0), (-7.0, 10.0), (89.0, 10.0), (0, 0), (83.0, 0.0), (-26.0, -17.0), (109.0, -14.0)]
[(46.0, 206.0), (38.0, 217.0), (55.0, 215.0), (-4.0, 195.0), (84.0, 178.0), (15.0, 124.0), (63.0, 122.0), (-7.0, 81.0), (91.0, 75.0), (-7.0, 10.0), (89.0, 10.0), (0, 0), (83.0, 0.0), (-26.0, -17.0), (109.0, -14.0)]
[(43.0, 240.0), (35.0, 250.0), (51.0, 248.0), (-4.0, 217.0), (83.0, 206.0), (14.0, 138.0), (62.0, 137.0), (-9.0, 81.0), (91.0, 76.0), (-7.0, 11.0), (89.0, 10.0), (0, 0), (83.0, 0.0), (-26.0, -16.0), (109.0, -14.0)]
[(41.0, 259.0), (35.0, 269.0), (50.0, 268.0), (-3.0, 232.0), (83.0, 218.0), (15.0, 144.0), (62.0, 143.0), (-8.0, 81.0), (90.0, 75.0), (-6.0, 10.0), (90.0, 9.0), (0, 0), (84.0, -1.0), (-26.0, -18.0), (110.0, -15.0)]
[(41.0, 260.0), (34.0, 270.0), (49.0, 268.0), (-3.0, 235.0), (81.0, 221.0), (14.0, 147.0), (61.0, 145.0), (-8.0, 81.0), (89.0, 75.0), (-6.0, 10.0), (90.0, 9.0), (0, 0), (85.0, -1.0), (-27.0, -18.0), (110.0, -15.0)]
[(41.0, 276.0), (33.0, 285.0), (49.0, 285.0), (-3.0, 246.0), (81.0, 234.0), (13.0, 151.0), (61.0, 150.0), (-8.0, 79.0), (87.0, 75.0), (-6.0, 9.0), (90.0, 8.0), (0, 0), (85.0, -2.0), (-27.0, -19.0), (110.0, -16.0)]
[(41.0, 275.0), (33.0, 285.0), (50.0, 284.0), (-4.0, 249.0), (81.0, 235.0), (13.0, 151.0), (61.0, 151.0), (-9.0, 80.0), (85.0, 79.0), (-6.0, 9.0), (90.0, 9.0), (0, 0), (85.0, -1.0), (-28.0, -19.0), (110.0, -16.0)]
[(41.0, 328.0), (32.0, 335.0), (49.0, 335.0), (-5.0, 286.0), (79.0, 275.0), (12.0, 169.0), (60.0, 169.0), (-10.0, 88.0), (84.0, 91.0), (-7.0, 9.0), (90.0, 9.0), (0, 0), (85.0, -1.0), (-28.0, -19.0), (110.0, -16.0)]
[(41.0, 327.0), (32.0, 336.0), (49.0, 334.0), (-5.0, 289.0), (78.0, 280.0), (12.0, 173.0), (60.0, 173.0), (-10.0, 92.0), (84.0, 92.0), (-7.0, 10.0), (91.0, 10.0), (0, 0), (86.0, 0.0), (-29.0, -18.0), (110.0, -16.0)]
[(38.0, 342.0), (30.0, 350.0), (46.0, 349.0), (-5.0, 302.0), (77.0, 292.0), (12.0, 180.0), (60.0, 180.0), (-10.0, 94.0), (83.0, 95.0), (-7.0, 11.0), (91.0, 11.0), (0, 0), (86.0, 0.0), (-30.0, -19.0), (111.0, -16.0)]
[(37.0, 345.0), (28.0, 351.0), (46.0, 352.0), (-5.0, 304.0), (77.0, 293.0), (12.0, 182.0), (60.0, 181.0), (-10.0, 96.0), (82.0, 97.0), (-7.0, 11.0), (91.0, 11.0), (0, 0), (87.0, 0.0), (-31.0, -19.0), (112.0, -16.0)]
[(37.0, 370.0), (29.0, 380.0), (45.0, 377.0), (-7.0, 328.0), (75.0, 320.0), (11.0, 195.0), (60.0, 195.0), (-10.0, 100.0), (81.0, 101.0), (-8.0, 12.0), (92.0, 12.0), (0, 0), (87.0, 1.0), (-32.0, -18.0), (112.0, -15.0)]