[(45.0, 382.0), (37.0, 390.0), (54.0, 390.0), (1.0, 340.0), (85.0, 336.0), (17.0, 194.0), (68.0, 194.0), (-8.0, 100.0), (97.0, 98.0), (-9.0, 13.0), (106.0, 13.0), (0, 0), (101.0, 1.0), (-26.0, -21.0), (124.0, -18.0)]
[(43.0, 381.0), (35.0, 390.0), (52.0, 389.0), (-1.0, 338.0), (83.0, 338.0), (15.0, 194.0), (66.0, 194.0), (-9.0, 100.0), (94.0, 100.0), (-9.0, 12.0), (103.0, 11.0), (0, 0), (98.0, -3.0), (-28.0, -22.0), (123.0, -19.0)]
[(39.0, 395.0), (31.0, 404.0), (49.0, 403.0), (-2.0, 351.0), (82.0, 350.0), (14.0, 205.0), (65.0, 205.0), (-2.0, 106.0), (88.0, 106.0), (-8.0, 13.0), (101.0, 12.0), (0, 0), (97.0, -2.0), (-29.0, -21.0), (122.0, -18.0)]
[(37.0, 401.0), (29.0, 410.0), (48.0, 410.0), (-2.0, 356.0), (82.0, 356.0), (15.0, 209.0), (66.0, 211.0), (3.0, 108.0), (87.0, 110.0), (-7.0, 14.0), (102.0, 14.0), (0, 0), (98.0, 1.0), (-27.0, -19.0), (123.0, -16.0)]
[(36.0, 402.0), (29.0, 411.0), (47.0, 409.0), (-2.0, 356.0), (82.0, 356.0), (15.0, 209.0), (66.0, 211.0), (3.0, 108.0), (86.0, 111.0), (-7.0, 14.0), (101.0, 16.0), (0, 0), (97.0, 2.0), (-27.0, -19.0), (123.0, -15.0)]
[(34.0, 403.0), (27.0, 412.0), (45.0, 410.0), (-3.0, 357.0), (81.0, 356.0), (14.0, 210.0), (65.0, 211.0), (3.0, 109.0), (84.0, 111.0), (-7.0, 13.0), (99.0, 16.0), (0, 0), (96.0, 2.0), (-28.0, -19.0), (121.0, -14.0)]
[(34.0, 403.0), (27.0, 412.0), (44.0, 411.0), (-4.0, 356.0), (80.0, 355.0), (14.0, 210.0), (64.0, 211.0), (4.0, 108.0), (84.0, 111.0), (-7.0, 13.0), (99.0, 16.0), (0, 0), (95.0, 3.0), (-28.0, -19.0), (121.0, -14.0)]
[(33.0, 403.0), (26.0, 411.0), (44.0, 410.0), (-4.0, 356.0), (80.0, 355.0), (14.0, 210.0), (64.0, 211.0), (4.0, 108.0), (82.0, 110.0), (-7.0, 13.0), (98.0, 16.0), (0, 0), (95.0, 3.0), (-28.0, -19.0), (121.0, -14.0)]
[(32.0, 403.0), (26.0, 411.0), (44.0, 410.0), (-4.0, 355.0), (80.0, 355.0), (14.0, 209.0), (64.0, 211.0), (5.0, 107.0), (82.0, 110.0), (-7.0, 13.0), (98.0, 16.0), (0, 0), (95.0, 3.0), (-28.0, -20.0), (121.0, -14.0)]
[(32.0, 402.0), (25.0, 411.0), (43.0, 410.0), (-4.0, 355.0), (79.0, 356.0), (14.0, 210.0), (64.0, 211.0), (4.0, 107.0), (82.0, 110.0), (-6.0, 13.0), (98.0, 16.0), (0, 0), (94.0, 3.0), (-28.0, -20.0), (121.0, -15.0)]
[(32.0, 402.0), (25.0, 411.0), (44.0, 410.0), (-4.0, 355.0), (79.0, 356.0), (14.0, 210.0), (64.0, 211.0), (4.0, 107.0), (82.0, 110.0), (-6.0, 13.0), (98.0, 16.0), (0, 0), (94.0, 3.0), (-28.0, -20.0), (121.0, -15.0)]
[(32.0, 402.0), (26.0, 410.0), (44.0, 410.0), (-4.0, 355.0), (79.0, 355.0), (14.0, 210.0), (64.0, 211.0), (4.0, 107.0), (82.0, 110.0), (-6.0, 13.0), (98.0, 16.0), (0, 0), (94.0, 3.0), (-28.0, -20.0), (121.0, -15.0)]
[(33.0, 402.0), (26.0, 410.0), (44.0, 410.0), (-4.0, 355.0), (79.0, 355.0), (14.0, 210.0), (64.0, 211.0), (4.0, 107.0), (83.0, 110.0), (-6.0, 13.0), (98.0, 15.0), (0, 0), (94.0, 4.0), (-27.0, -21.0), (121.0, -15.0)]
[(33.0, 402.0), (26.0, 410.0), (44.0, 410.0), (-4.0, 356.0), (79.0, 355.0), (14.0, 210.0), (64.0, 211.0), (4.0, 108.0), (82.0, 110.0), (-6.0, 13.0), (98.0, 15.0), (0, 0), (94.0, 4.0), (-27.0, -21.0), (121.0, -15.0)]
[(33.0, 402.0), (26.0, 410.0), (44.0, 410.0), (-4.0, 356.0), (79.0, 355.0), (14.0, 210.0), (64.0, 211.0), (3.0, 108.0), (82.0, 110.0), (-6.0, 13.0), (98.0, 15.0), (0, 0), (94.0, 4.0), (-27.0, -21.0), (121.0, -15.0)]
[(33.0, 402.0), (26.0, 410.0), (44.0, 410.0), (-5.0, 356.0), (79.0, 355.0), (14.0, 210.0), (64.0, 211.0), (3.0, 108.0), (83.0, 110.0), (-6.0, 13.0), (98.0, 15.0), (0, 0), (94.0, 4.0), (-27.0, -21.0), (120.0, -15.0)]
[(33.0, 402.0), (26.0, 410.0), (45.0, 410.0), (-5.0, 356.0), (79.0, 356.0), (14.0, 210.0), (64.0, 211.0), (4.0, 108.0), (83.0, 110.0), (-6.0, 13.0), (98.0, 15.0), (0, 0), (94.0, 4.0), (-27.0, -21.0), (121.0, -15.0)]
[(34.0, 402.0), (26.0, 410.0), (45.0, 410.0), (-4.0, 356.0), (79.0, 356.0), (14.0, 210.0), (64.0, 211.0), (4.0, 108.0), (83.0, 110.0), (-6.0, 13.0), (98.0, 15.0), (0, 0), (94.0, 4.0), (-27.0, -21.0), (121.0, -15.0)]
[(34.0, 402.0), (26.0, 410.0), (45.0, 410.0), (-4.0, 357.0), (79.0, 356.0), (14.0, 210.0), (64.0, 211.0), (4.0, 108.0), (83.0, 111.0), (-6.0, 13.0), (98.0, 15.0), (0, 0), (94.0, 4.0), (-27.0, -21.0), (120.0, -15.0)]
[(34.0, 402.0), (27.0, 410.0), (45.0, 410.0), (-4.0, 357.0), (80.0, 356.0), (14.0, 210.0), (64.0, 211.0), (4.0, 108.0), (83.0, 111.0), (-6.0, 13.0), (98.0, 15.0), (0, 0), (94.0, 4.0), (-27.0, -21.0), (121.0, -15.0)]
[(34.0, 402.0), (27.0, 410.0), (45.0, 410.0), (-4.0, 357.0), (80.0, 356.0), (14.0, 210.0), (64.0, 211.0), (4.0, 107.0), (83.0, 111.0), (-6.0, 13.0), (98.0, 15.0), (0, 0), (94.0, 4.0), (-27.0, -21.0), (121.0, -15.0)]
[(35.0, 401.0), (27.0, 410.0), (46.0, 410.0), (-4.0, 357.0), (81.0, 356.0), (14.0, 210.0), (64.0, 211.0), (4.0, 107.0), (84.0, 110.0), (-6.0, 13.0), (98.0, 15.0), (0, 0), (94.0, 4.0), (-27.0, -21.0), (121.0, -15.0)]
[(36.0, 401.0), (27.0, 410.0), (46.0, 410.0), (-3.0, 357.0), (81.0, 356.0), (14.0, 210.0), (64.0, 211.0), (4.0, 107.0), (84.0, 110.0), (-6.0, 13.0), (98.0, 15.0), (0, 0), (94.0, 4.0), (-27.0, -21.0), (121.0, -15.0)]
[(38.0, 396.0), (29.0, 405.0), (48.0, 405.0), (-2.0, 353.0), (82.0, 350.0), (14.0, 205.0), (65.0, 206.0), (1.0, 105.0), (87.0, 106.0), (-6.0, 13.0), (98.0, 15.0), (0, 0), (94.0, 4.0), (-28.0, -21.0), (120.0, -15.0)]
[(43.0, 384.0), (32.0, 394.0), (52.0, 393.0), (-2.0, 347.0), (86.0, 343.0), (15.0, 200.0), (66.0, 202.0), (-3.0, 104.0), (91.0, 105.0), (-7.0, 13.0), (98.0, 14.0), (0, 0), (94.0, 3.0), (-29.0, -21.0), (121.0, -15.0)]
[(44.0, 382.0), (33.0, 392.0), (53.0, 390.0), (-1.0, 345.0), (87.0, 340.0), (15.0, 198.0), (67.0, 199.0), (-4.0, 104.0), (93.0, 105.0), (-7.0, 13.0), (98.0, 14.0), (0, 0), (94.0, 3.0), (-29.0, -21.0), (120.0, -15.0)]
[(46.0, 370.0), (34.0, 380.0), (55.0, 378.0), (-0.0, 335.0), (88.0, 332.0), (16.0, 190.0), (68.0, 191.0), (-7.0, 100.0), (98.0, 102.0), (-8.0, 13.0), (100.0, 14.0), (0, 0), (95.0, 3.0), (-29.0, -21.0), (121.0, -15.0)]
[(46.0, 356.0), (35.0, 366.0), (55.0, 365.0), (-0.0, 327.0), (89.0, 325.0), (17.0, 182.0), (69.0, 182.0), (-10.0, 97.0), (101.0, 97.0), (-9.0, 13.0), (101.0, 13.0), (0, 0), (95.0, 3.0), (-29.0, -21.0), (122.0, -15.0)]
[(47.0, 352.0), (36.0, 361.0), (56.0, 361.0), (1.0, 322.0), (89.0, 321.0), (18.0, 179.0), (70.0, 180.0), (-10.0, 95.0), (103.0, 94.0), (-8.0, 12.0), (103.0, 12.0), (0, 0), (97.0, 1.0), (-28.0, -22.0), (123.0, -16.0)]
[(48.0, 321.0), (37.0, 332.0), (58.0, 331.0), (2.0, 296.0), (91.0, 292.0), (19.0, 156.0), (71.0, 157.0), (-18.0, 83.0), (111.0, 80.0), (-8.0, 11.0), (105.0, 10.0), (0, 0), (98.0, -1.0), (-27.0, -24.0), (125.0, -19.0)]
[(51.0, 303.0), (40.0, 314.0), (61.0, 313.0), (5.0, 281.0), (96.0, 275.0), (22.0, 145.0), (74.0, 145.0), (-21.0, 75.0), (117.0, 70.0), (-9.0, 9.0), (109.0, 8.0), (0, 0), (103.0, -1.0), (-24.0, -25.0), (127.0, -21.0)]
[(52.0, 300.0), (42.0, 310.0), (62.0, 309.0), (6.0, 279.0), (97.0, 273.0), (23.0, 145.0), (75.0, 145.0), (-20.0, 74.0), (118.0, 72.0), (-8.0, 9.0), (110.0, 8.0), (0, 0), (104.0, 0.0), (-23.0, -26.0), (128.0, -21.0)]
[(53.0, 287.0), (43.0, 297.0), (63.0, 296.0), (7.0, 265.0), (98.0, 260.0), (24.0, 134.0), (76.0, 135.0), (-20.0, 69.0), (121.0, 68.0), (-9.0, 7.0), (112.0, 7.0), (0, 0), (105.0, -1.0), (-23.0, -27.0), (129.0, -23.0)]
[(56.0, 255.0), (46.0, 266.0), (65.0, 264.0), (9.0, 239.0), (99.0, 232.0), (25.0, 108.0), (78.0, 109.0), (-21.0, 56.0), (124.0, 59.0), (-9.0, 4.0), (114.0, 5.0), (0, 0), (107.0, -2.0), (-21.0, -30.0), (131.0, -26.0)]
[(56.0, 241.0), (46.0, 252.0), (66.0, 251.0), (9.0, 220.0), (98.0, 215.0), (25.0, 95.0), (77.0, 95.0), (-22.0, 48.0), (125.0, 50.0), (-8.0, 2.0), (114.0, 3.0), (0, 0), (107.0, -3.0), (-18.0, -34.0), (130.0, -30.0)]
[(55.0, 241.0), (46.0, 251.0), (65.0, 249.0), (8.0, 218.0), (97.0, 212.0), (23.0, 91.0), (76.0, 91.0), (-23.0, 46.0), (126.0, 53.0), (-9.0, 1.0), (113.0, 3.0), (0, 0), (106.0, -3.0), (-19.0, -35.0), (129.0, -31.0)]
[(55.0, 223.0), (46.0, 232.0), (65.0, 232.0), (9.0, 197.0), (97.0, 195.0), (23.0, 72.0), (75.0, 73.0), (-25.0, 44.0), (129.0, 47.0), (-9.0, 1.0), (113.0, 2.0), (0, 0), (106.0, -4.0), (-19.0, -36.0), (129.0, -32.0)]
[(54.0, 215.0), (45.0, 224.0), (64.0, 223.0), (9.0, 189.0), (96.0, 186.0), (21.0, 64.0), (72.0, 65.0), (-27.0, 42.0), (130.0, 44.0), (-10.0, 1.0), (113.0, 1.0), (0, 0), (105.0, -4.0), (-20.0, -37.0), (128.0, -32.0)]
[(54.0, 214.0), (45.0, 223.0), (64.0, 223.0), (9.0, 188.0), (97.0, 184.0), (21.0, 65.0), (72.0, 64.0), (-28.0, 43.0), (131.0, 44.0), (-9.0, 1.0), (113.0, 1.0), (0, 0), (105.0, -4.0), (-20.0, -37.0), (128.0, -32.0)]
[(55.0, 211.0), (45.0, 220.0), (65.0, 219.0), (9.0, 181.0), (97.0, 179.0), (21.0, 61.0), (72.0, 60.0), (-27.0, 42.0), (131.0, 45.0), (-9.0, 1.0), (113.0, 1.0), (0, 0), (106.0, -4.0), (-20.0, -36.0), (128.0, -31.0)]
[(55.0, 208.0), (45.0, 218.0), (65.0, 217.0), (10.0, 178.0), (97.0, 173.0), (21.0, 58.0), (72.0, 56.0), (-27.0, 42.0), (131.0, 47.0), (-9.0, 1.0), (113.0, 1.0), (0, 0), (106.0, -4.0), (-20.0, -36.0), (128.0, -31.0)]
[(55.0, 210.0), (45.0, 220.0), (65.0, 221.0), (10.0, 182.0), (97.0, 180.0), (21.0, 59.0), (72.0, 58.0), (-28.0, 43.0), (131.0, 47.0), (-9.0, 2.0), (113.0, 2.0), (0, 0), (106.0, -4.0), (-19.0, -35.0), (128.0, -31.0)]
[(54.0, 211.0), (45.0, 221.0), (64.0, 221.0), (10.0, 183.0), (96.0, 182.0), (21.0, 59.0), (72.0, 58.0), (-28.0, 44.0), (131.0, 47.0), (-9.0, 2.0), (113.0, 2.0), (0, 0), (105.0, -4.0), (-19.0, -34.0), (128.0, -31.0)]
[(54.0, 216.0), (45.0, 225.0), (64.0, 225.0), (10.0, 187.0), (96.0, 185.0), (21.0, 62.0), (72.0, 62.0), (-29.0, 45.0), (132.0, 46.0), (-9.0, 2.0), (113.0, 4.0), (0, 0), (105.0, -3.0), (-19.0, -34.0), (128.0, -31.0)]
[(53.0, 222.0), (43.0, 231.0), (62.0, 232.0), (8.0, 198.0), (94.0, 192.0), (20.0, 74.0), (71.0, 73.0), (-31.0, 46.0), (129.0, 45.0), (-9.0, 2.0), (113.0, 4.0), (0, 0), (105.0, -2.0), (-20.0, -35.0), (127.0, -32.0)]
[(53.0, 235.0), (43.0, 244.0), (62.0, 244.0), (8.0, 207.0), (93.0, 200.0), (20.0, 81.0), (71.0, 80.0), (-31.0, 45.0), (127.0, 45.0), (-9.0, -0.0), (113.0, 0.0), (0, 0), (105.0, -6.0), (-20.0, -39.0), (127.0, -36.0)]
[(52.0, 240.0), (43.0, 249.0), (61.0, 249.0), (7.0, 211.0), (93.0, 206.0), (20.0, 85.0), (71.0, 84.0), (-32.0, 47.0), (126.0, 49.0), (-10.0, 1.0), (113.0, 1.0), (0, 0), (105.0, -5.0), (-20.0, -38.0), (126.0, -35.0)]
[(52.0, 255.0), (43.0, 264.0), (60.0, 263.0), (7.0, 224.0), (92.0, 219.0), (20.0, 98.0), (71.0, 97.0), (-32.0, 53.0), (125.0, 55.0), (-10.0, 3.0), (113.0, 3.0), (0, 0), (105.0, -2.0), (-21.0, -35.0), (127.0, -32.0)]
[(53.0, 267.0), (44.0, 276.0), (61.0, 275.0), (9.0, 239.0), (93.0, 233.0), (22.0, 110.0), (73.0, 111.0), (-30.0, 57.0), (125.0, 57.0), (-9.0, 3.0), (115.0, 3.0), (0, 0), (107.0, -2.0), (-19.0, -35.0), (129.0, -32.0)]
[(53.0, 268.0), (45.0, 277.0), (62.0, 277.0), (10.0, 239.0), (94.0, 235.0), (23.0, 111.0), (74.0, 110.0), (-29.0, 57.0), (125.0, 56.0), (-9.0, 2.0), (116.0, 3.0), (0, 0), (108.0, -2.0), (-20.0, -36.0), (130.0, -33.0)]
[(53.0, 295.0), (45.0, 303.0), (61.0, 303.0), (9.0, 261.0), (93.0, 257.0), (23.0, 129.0), (74.0, 130.0), (-29.0, 66.0), (123.0, 64.0), (-10.0, 5.0), (116.0, 4.0), (0, 0), (108.0, -1.0), (-20.0, -35.0), (130.0, -31.0)]
[(53.0, 311.0), (44.0, 319.0), (61.0, 319.0), (8.0, 275.0), (92.0, 271.0), (23.0, 140.0), (74.0, 142.0), (-28.0, 73.0), (119.0, 71.0), (-10.0, 5.0), (116.0, 5.0), (0, 0), (108.0, -2.0), (-20.0, -35.0), (130.0, -31.0)]
[(52.0, 312.0), (44.0, 320.0), (60.0, 321.0), (7.0, 278.0), (93.0, 276.0), (23.0, 142.0), (75.0, 143.0), (-28.0, 76.0), (119.0, 70.0), (-10.0, 6.0), (116.0, 6.0), (0, 0), (109.0, -2.0), (-20.0, -33.0), (130.0, -30.0)]
[(51.0, 322.0), (43.0, 331.0), (60.0, 332.0), (7.0, 289.0), (92.0, 288.0), (23.0, 150.0), (75.0, 151.0), (-25.0, 81.0), (116.0, 77.0), (-10.0, 6.0), (116.0, 5.0), (0, 0), (109.0, -4.0), (-19.0, -33.0), (131.0, -30.0)]
[(48.0, 358.0), (39.0, 367.0), (56.0, 366.0), (4.0, 320.0), (88.0, 318.0), (20.0, 179.0), (71.0, 180.0), (-15.0, 94.0), (106.0, 91.0), (-9.0, 12.0), (111.0, 10.0), (0, 0), (104.0, -1.0), (-22.0, -27.0), (129.0, -24.0)]