[(43.0, 358.0), (34.0, 366.0), (51.0, 367.0), (-3.0, 312.0), (83.0, 308.0), (15.0, 184.0), (69.0, 182.0), (2.0, 90.0), (83.0, 88.0), (-4.0, 15.0), (80.0, 14.0), (0, 0), (74.0, 4.0), (-13.0, -11.0), (90.0, -15.0)]
[(43.0, 367.0), (34.0, 374.0), (51.0, 375.0), (-3.0, 319.0), (83.0, 313.0), (15.0, 187.0), (69.0, 184.0), (-0.0, 90.0), (83.0, 88.0), (-4.0, 15.0), (81.0, 14.0), (0, 0), (75.0, 4.0), (-13.0, -12.0), (90.0, -15.0)]
[(45.0, 370.0), (36.0, 378.0), (53.0, 379.0), (-1.0, 325.0), (85.0, 319.0), (16.0, 190.0), (71.0, 189.0), (1.0, 92.0), (85.0, 90.0), (-3.0, 15.0), (83.0, 14.0), (0, 0), (76.0, 5.0), (-11.0, -12.0), (92.0, -15.0)]
[(45.0, 373.0), (35.0, 380.0), (53.0, 381.0), (-2.0, 325.0), (85.0, 321.0), (16.0, 188.0), (71.0, 189.0), (-0.0, 91.0), (86.0, 89.0), (-4.0, 13.0), (83.0, 12.0), (0, 0), (76.0, 3.0), (-11.0, -14.0), (92.0, -18.0)]
[(46.0, 377.0), (35.0, 384.0), (54.0, 385.0), (-2.0, 327.0), (85.0, 323.0), (16.0, 190.0), (71.0, 190.0), (-0.0, 91.0), (87.0, 90.0), (-5.0, 13.0), (83.0, 13.0), (0, 0), (76.0, 4.0), (-11.0, -14.0), (92.0, -19.0)]
[(46.0, 379.0), (35.0, 387.0), (54.0, 387.0), (-2.0, 328.0), (85.0, 324.0), (16.0, 192.0), (70.0, 191.0), (-0.0, 92.0), (87.0, 93.0), (-4.0, 14.0), (83.0, 12.0), (0, 0), (76.0, 3.0), (-14.0, -12.0), (92.0, -20.0)]
[(46.0, 380.0), (35.0, 388.0), (54.0, 389.0), (-2.0, 330.0), (85.0, 326.0), (14.0, 194.0), (69.0, 193.0), (-0.0, 94.0), (86.0, 94.0), (-4.0, 14.0), (84.0, 12.0), (0, 0), (77.0, 2.0), (-14.0, -12.0), (93.0, -20.0)]
[(46.0, 382.0), (35.0, 390.0), (54.0, 391.0), (-2.0, 331.0), (85.0, 327.0), (14.0, 196.0), (68.0, 195.0), (-0.0, 95.0), (86.0, 97.0), (-4.0, 14.0), (84.0, 12.0), (0, 0), (78.0, 2.0), (-14.0, -13.0), (93.0, -20.0)]
[(46.0, 382.0), (35.0, 391.0), (54.0, 392.0), (-2.0, 331.0), (85.0, 329.0), (13.0, 196.0), (68.0, 196.0), (1.0, 97.0), (86.0, 100.0), (-4.0, 15.0), (84.0, 14.0), (0, 0), (78.0, 4.0), (-14.0, -13.0), (92.0, -20.0)]
[(45.0, 381.0), (35.0, 389.0), (54.0, 390.0), (-2.0, 329.0), (84.0, 327.0), (14.0, 198.0), (68.0, 197.0), (1.0, 98.0), (85.0, 101.0), (-4.0, 14.0), (85.0, 14.0), (0, 0), (78.0, 4.0), (-15.0, -14.0), (92.0, -21.0)]
[(44.0, 383.0), (34.0, 391.0), (52.0, 391.0), (-3.0, 331.0), (83.0, 328.0), (12.0, 197.0), (66.0, 196.0), (1.0, 98.0), (84.0, 100.0), (-5.0, 14.0), (84.0, 14.0), (0, 0), (77.0, 5.0), (-14.0, -16.0), (94.0, -19.0)]
[(44.0, 383.0), (34.0, 391.0), (52.0, 392.0), (-3.0, 331.0), (83.0, 328.0), (12.0, 196.0), (66.0, 195.0), (1.0, 97.0), (83.0, 100.0), (-4.0, 14.0), (84.0, 14.0), (0, 0), (77.0, 5.0), (-14.0, -18.0), (93.0, -19.0)]
[(43.0, 384.0), (33.0, 392.0), (52.0, 393.0), (-3.0, 332.0), (83.0, 329.0), (12.0, 197.0), (65.0, 196.0), (1.0, 98.0), (82.0, 101.0), (-4.0, 14.0), (84.0, 14.0), (0, 0), (77.0, 4.0), (-12.0, -18.0), (93.0, -19.0)]
[(43.0, 383.0), (33.0, 391.0), (52.0, 391.0), (-3.0, 331.0), (83.0, 329.0), (12.0, 197.0), (65.0, 196.0), (-0.0, 97.0), (82.0, 100.0), (-4.0, 13.0), (83.0, 14.0), (0, 0), (77.0, 4.0), (-12.0, -18.0), (93.0, -19.0)]
[(43.0, 385.0), (33.0, 393.0), (51.0, 393.0), (-3.0, 334.0), (82.0, 331.0), (12.0, 198.0), (65.0, 197.0), (-0.0, 98.0), (81.0, 100.0), (-5.0, 11.0), (83.0, 16.0), (0, 0), (77.0, 6.0), (-12.0, -19.0), (93.0, -17.0)]
[(43.0, 386.0), (33.0, 394.0), (52.0, 394.0), (-2.0, 334.0), (83.0, 332.0), (13.0, 199.0), (66.0, 198.0), (-0.0, 99.0), (81.0, 101.0), (-5.0, 11.0), (83.0, 17.0), (0, 0), (77.0, 7.0), (-12.0, -18.0), (93.0, -16.0)]
[(42.0, 388.0), (33.0, 395.0), (51.0, 396.0), (-2.0, 336.0), (83.0, 334.0), (13.0, 200.0), (66.0, 199.0), (-1.0, 98.0), (81.0, 99.0), (-5.0, 12.0), (83.0, 16.0), (0, 0), (77.0, 6.0), (-12.0, -18.0), (93.0, -16.0)]
[(42.0, 386.0), (33.0, 394.0), (51.0, 394.0), (-2.0, 334.0), (82.0, 333.0), (13.0, 199.0), (66.0, 198.0), (-1.0, 96.0), (81.0, 98.0), (-5.0, 11.0), (83.0, 15.0), (0, 0), (78.0, 5.0), (-12.0, -18.0), (93.0, -18.0)]
[(42.0, 386.0), (33.0, 394.0), (51.0, 394.0), (-2.0, 334.0), (82.0, 333.0), (13.0, 199.0), (66.0, 198.0), (-2.0, 96.0), (81.0, 96.0), (-5.0, 11.0), (83.0, 15.0), (0, 0), (78.0, 5.0), (-12.0, -17.0), (93.0, -18.0)]
[(42.0, 386.0), (33.0, 393.0), (51.0, 394.0), (-2.0, 334.0), (82.0, 332.0), (13.0, 198.0), (66.0, 197.0), (-3.0, 94.0), (81.0, 95.0), (-5.0, 10.0), (83.0, 13.0), (0, 0), (77.0, 3.0), (-14.0, -17.0), (92.0, -19.0)]
[(42.0, 386.0), (33.0, 393.0), (51.0, 394.0), (-2.0, 334.0), (82.0, 332.0), (13.0, 198.0), (66.0, 197.0), (-3.0, 92.0), (81.0, 92.0), (-5.0, 11.0), (83.0, 13.0), (0, 0), (77.0, 3.0), (-15.0, -16.0), (92.0, -19.0)]
[(40.0, 389.0), (31.0, 397.0), (49.0, 397.0), (-3.0, 337.0), (81.0, 336.0), (12.0, 200.0), (65.0, 200.0), (-3.0, 95.0), (80.0, 94.0), (-5.0, 11.0), (82.0, 15.0), (0, 0), (76.0, 5.0), (-14.0, -17.0), (92.0, -16.0)]
[(40.0, 389.0), (31.0, 397.0), (49.0, 397.0), (-3.0, 336.0), (81.0, 336.0), (12.0, 200.0), (65.0, 200.0), (-3.0, 94.0), (80.0, 94.0), (-5.0, 11.0), (82.0, 14.0), (0, 0), (76.0, 5.0), (-14.0, -17.0), (92.0, -16.0)]
[(40.0, 389.0), (31.0, 397.0), (49.0, 398.0), (-3.0, 336.0), (81.0, 336.0), (12.0, 200.0), (65.0, 199.0), (-3.0, 94.0), (80.0, 93.0), (-5.0, 11.0), (82.0, 14.0), (0, 0), (76.0, 5.0), (-14.0, -17.0), (92.0, -17.0)]
[(40.0, 390.0), (31.0, 397.0), (49.0, 398.0), (-3.0, 336.0), (81.0, 336.0), (12.0, 200.0), (66.0, 199.0), (-3.0, 94.0), (80.0, 93.0), (-4.0, 11.0), (82.0, 13.0), (0, 0), (76.0, 3.0), (-14.0, -17.0), (91.0, -18.0)]
[(39.0, 390.0), (30.0, 397.0), (49.0, 398.0), (-3.0, 336.0), (80.0, 337.0), (12.0, 200.0), (66.0, 200.0), (-1.0, 94.0), (80.0, 94.0), (-4.0, 10.0), (82.0, 13.0), (0, 0), (76.0, 3.0), (-13.0, -18.0), (91.0, -18.0)]
[(37.0, 390.0), (28.0, 397.0), (47.0, 398.0), (-6.0, 337.0), (78.0, 337.0), (10.0, 200.0), (64.0, 200.0), (-2.0, 95.0), (78.0, 94.0), (-5.0, 11.0), (80.0, 13.0), (0, 0), (74.0, 3.0), (-14.0, -18.0), (89.0, -17.0)]
[(36.0, 390.0), (27.0, 397.0), (46.0, 398.0), (-7.0, 337.0), (77.0, 338.0), (9.0, 200.0), (63.0, 200.0), (-3.0, 95.0), (77.0, 95.0), (-5.0, 10.0), (79.0, 13.0), (0, 0), (73.0, 3.0), (-13.0, -20.0), (88.0, -18.0)]
[(36.0, 391.0), (27.0, 398.0), (45.0, 399.0), (-7.0, 338.0), (78.0, 339.0), (9.0, 201.0), (63.0, 201.0), (-3.0, 96.0), (76.0, 96.0), (-5.0, 11.0), (79.0, 14.0), (0, 0), (73.0, 4.0), (-13.0, -19.0), (88.0, -17.0)]
[(36.0, 392.0), (26.0, 399.0), (45.0, 400.0), (-7.0, 339.0), (78.0, 340.0), (9.0, 202.0), (64.0, 202.0), (-2.0, 97.0), (77.0, 97.0), (-5.0, 11.0), (80.0, 15.0), (0, 0), (74.0, 5.0), (-15.0, -17.0), (89.0, -16.0)]
[(36.0, 392.0), (26.0, 399.0), (45.0, 400.0), (-7.0, 339.0), (78.0, 340.0), (9.0, 202.0), (64.0, 202.0), (-2.0, 97.0), (77.0, 97.0), (-5.0, 11.0), (80.0, 15.0), (0, 0), (74.0, 5.0), (-15.0, -18.0), (89.0, -15.0)]
[(36.0, 392.0), (26.0, 400.0), (45.0, 401.0), (-7.0, 339.0), (78.0, 340.0), (10.0, 202.0), (64.0, 201.0), (-3.0, 97.0), (78.0, 97.0), (-5.0, 11.0), (80.0, 15.0), (0, 0), (74.0, 5.0), (-15.0, -17.0), (89.0, -15.0)]
[(36.0, 391.0), (26.0, 399.0), (45.0, 400.0), (-7.0, 338.0), (78.0, 340.0), (10.0, 201.0), (65.0, 200.0), (-3.0, 97.0), (78.0, 96.0), (-5.0, 11.0), (80.0, 14.0), (0, 0), (74.0, 5.0), (-16.0, -17.0), (89.0, -16.0)]
[(35.0, 391.0), (26.0, 399.0), (45.0, 400.0), (-7.0, 337.0), (78.0, 339.0), (11.0, 200.0), (65.0, 200.0), (-3.0, 96.0), (79.0, 96.0), (-5.0, 11.0), (80.0, 14.0), (0, 0), (74.0, 4.0), (-16.0, -17.0), (90.0, -16.0)]
[(35.0, 392.0), (26.0, 400.0), (45.0, 401.0), (-8.0, 337.0), (78.0, 340.0), (12.0, 200.0), (66.0, 200.0), (-3.0, 96.0), (80.0, 97.0), (-5.0, 12.0), (81.0, 15.0), (0, 0), (76.0, 5.0), (-18.0, -16.0), (91.0, -15.0)]
[(35.0, 391.0), (25.0, 399.0), (45.0, 400.0), (-8.0, 337.0), (77.0, 340.0), (13.0, 200.0), (66.0, 199.0), (-3.0, 97.0), (82.0, 98.0), (-5.0, 12.0), (82.0, 15.0), (0, 0), (77.0, 5.0), (-22.0, -19.0), (93.0, -15.0)]
[(35.0, 389.0), (25.0, 397.0), (45.0, 398.0), (-8.0, 335.0), (77.0, 338.0), (13.0, 196.0), (67.0, 196.0), (-3.0, 96.0), (83.0, 96.0), (-5.0, 12.0), (82.0, 13.0), (0, 0), (76.0, 4.0), (-24.0, -20.0), (93.0, -17.0)]
[(35.0, 384.0), (26.0, 392.0), (45.0, 393.0), (-7.0, 331.0), (77.0, 334.0), (14.0, 192.0), (67.0, 191.0), (-3.0, 93.0), (84.0, 93.0), (-5.0, 13.0), (82.0, 11.0), (0, 0), (76.0, 1.0), (-23.0, -14.0), (93.0, -19.0)]
[(35.0, 379.0), (26.0, 387.0), (45.0, 388.0), (-8.0, 328.0), (77.0, 331.0), (14.0, 190.0), (68.0, 190.0), (-3.0, 92.0), (84.0, 93.0), (-5.0, 14.0), (82.0, 11.0), (0, 0), (76.0, 1.0), (-24.0, -11.0), (92.0, -20.0)]
[(35.0, 374.0), (26.0, 382.0), (45.0, 383.0), (-8.0, 325.0), (77.0, 327.0), (15.0, 186.0), (69.0, 188.0), (-3.0, 91.0), (85.0, 91.0), (-6.0, 15.0), (82.0, 11.0), (0, 0), (76.0, 1.0), (-25.0, -10.0), (92.0, -21.0)]
[(36.0, 370.0), (27.0, 378.0), (46.0, 379.0), (-8.0, 321.0), (77.0, 324.0), (16.0, 184.0), (70.0, 186.0), (-2.0, 90.0), (85.0, 91.0), (-5.0, 15.0), (84.0, 11.0), (0, 0), (77.0, 1.0), (-21.0, -11.0), (92.0, -21.0)]
[(36.0, 367.0), (27.0, 375.0), (45.0, 376.0), (-9.0, 318.0), (77.0, 320.0), (17.0, 182.0), (71.0, 185.0), (-1.0, 89.0), (85.0, 90.0), (-4.0, 15.0), (84.0, 11.0), (0, 0), (77.0, 1.0), (-18.0, -12.0), (92.0, -21.0)]
[(36.0, 362.0), (27.0, 370.0), (45.0, 372.0), (-10.0, 313.0), (78.0, 315.0), (17.0, 177.0), (71.0, 180.0), (-1.0, 88.0), (85.0, 87.0), (-4.0, 15.0), (84.0, 10.0), (0, 0), (77.0, 1.0), (-18.0, -12.0), (92.0, -21.0)]
[(34.0, 355.0), (26.0, 363.0), (43.0, 364.0), (-11.0, 307.0), (77.0, 311.0), (16.0, 173.0), (70.0, 175.0), (-3.0, 86.0), (84.0, 85.0), (-5.0, 14.0), (83.0, 9.0), (0, 0), (76.0, 0.0), (-18.0, -14.0), (92.0, -22.0)]
[(33.0, 349.0), (24.0, 358.0), (41.0, 358.0), (-12.0, 301.0), (76.0, 304.0), (15.0, 170.0), (68.0, 172.0), (-6.0, 84.0), (84.0, 82.0), (-5.0, 14.0), (82.0, 9.0), (0, 0), (75.0, 0.0), (-18.0, -14.0), (91.0, -22.0)]
[(32.0, 345.0), (24.0, 354.0), (41.0, 354.0), (-12.0, 297.0), (76.0, 301.0), (15.0, 169.0), (68.0, 171.0), (-6.0, 84.0), (84.0, 82.0), (-5.0, 15.0), (81.0, 10.0), (0, 0), (74.0, 1.0), (-18.0, -13.0), (89.0, -21.0)]
[(32.0, 340.0), (24.0, 350.0), (41.0, 350.0), (-12.0, 294.0), (76.0, 298.0), (15.0, 169.0), (68.0, 170.0), (-6.0, 85.0), (84.0, 82.0), (-5.0, 14.0), (81.0, 11.0), (0, 0), (74.0, 2.0), (-18.0, -15.0), (89.0, -20.0)]
[(32.0, 334.0), (23.0, 343.0), (40.0, 344.0), (-12.0, 288.0), (76.0, 292.0), (15.0, 169.0), (68.0, 169.0), (-6.0, 86.0), (85.0, 82.0), (-5.0, 14.0), (80.0, 11.0), (0, 0), (73.0, 2.0), (-18.0, -15.0), (87.0, -20.0)]
[(33.0, 309.0), (24.0, 317.0), (42.0, 319.0), (-10.0, 268.0), (77.0, 269.0), (14.0, 155.0), (66.0, 157.0), (-4.0, 81.0), (84.0, 78.0), (-5.0, 11.0), (78.0, 10.0), (0, 0), (72.0, 2.0), (-18.0, -15.0), (86.0, -20.0)]
[(33.0, 301.0), (25.0, 310.0), (42.0, 311.0), (-10.0, 262.0), (77.0, 263.0), (13.0, 152.0), (64.0, 155.0), (-5.0, 77.0), (84.0, 78.0), (-5.0, 11.0), (78.0, 10.0), (0, 0), (72.0, 2.0), (-17.0, -16.0), (87.0, -19.0)]
[(33.0, 294.0), (25.0, 304.0), (42.0, 304.0), (-9.0, 258.0), (79.0, 254.0), (12.0, 153.0), (62.0, 155.0), (-8.0, 76.0), (83.0, 78.0), (-5.0, 10.0), (77.0, 12.0), (0, 0), (70.0, 3.0), (-16.0, -17.0), (86.0, -19.0)]
[(34.0, 289.0), (25.0, 298.0), (43.0, 299.0), (-8.0, 253.0), (79.0, 248.0), (12.0, 150.0), (61.0, 152.0), (-8.0, 77.0), (82.0, 78.0), (-5.0, 10.0), (77.0, 11.0), (0, 0), (70.0, 3.0), (-16.0, -17.0), (85.0, -19.0)]
[(33.0, 279.0), (24.0, 289.0), (42.0, 290.0), (-9.0, 245.0), (82.0, 237.0), (10.0, 148.0), (60.0, 148.0), (-8.0, 78.0), (80.0, 78.0), (-6.0, 10.0), (75.0, 11.0), (0, 0), (69.0, 3.0), (-16.0, -19.0), (82.0, -19.0)]
[(33.0, 273.0), (24.0, 283.0), (43.0, 284.0), (-9.0, 240.0), (83.0, 232.0), (10.0, 148.0), (60.0, 147.0), (-8.0, 78.0), (79.0, 80.0), (-6.0, 10.0), (74.0, 11.0), (0, 0), (69.0, 3.0), (-15.0, -19.0), (82.0, -18.0)]
[(33.0, 267.0), (24.0, 277.0), (43.0, 277.0), (-9.0, 237.0), (83.0, 229.0), (9.0, 144.0), (60.0, 144.0), (-9.0, 78.0), (77.0, 83.0), (-6.0, 10.0), (74.0, 11.0), (0, 0), (70.0, 3.0), (-15.0, -18.0), (81.0, -18.0)]
[(34.0, 256.0), (26.0, 266.0), (44.0, 266.0), (-8.0, 231.0), (83.0, 221.0), (8.0, 143.0), (60.0, 142.0), (-9.0, 80.0), (77.0, 83.0), (-5.0, 10.0), (74.0, 9.0), (0, 0), (70.0, 0.0), (-14.0, -19.0), (81.0, -19.0)]
[(34.0, 250.0), (26.0, 260.0), (44.0, 261.0), (-8.0, 223.0), (83.0, 217.0), (6.0, 136.0), (59.0, 137.0), (-10.0, 80.0), (77.0, 89.0), (-5.0, 9.0), (74.0, 8.0), (0, 0), (71.0, -1.0), (-12.0, -22.0), (81.0, -21.0)]
[(33.0, 243.0), (25.0, 253.0), (43.0, 253.0), (-9.0, 217.0), (81.0, 212.0), (5.0, 133.0), (58.0, 134.0), (-14.0, 79.0), (79.0, 86.0), (-6.0, 8.0), (74.0, 4.0), (0, 0), (70.0, -6.0), (-13.0, -23.0), (82.0, -24.0)]
[(34.0, 239.0), (25.0, 249.0), (44.0, 249.0), (-10.0, 213.0), (81.0, 209.0), (5.0, 134.0), (58.0, 134.0), (-16.0, 78.0), (83.0, 86.0), (-6.0, 9.0), (75.0, 5.0), (0, 0), (72.0, -4.0), (-13.0, -26.0), (82.0, -24.0)]
[(34.0, 233.0), (25.0, 243.0), (44.0, 244.0), (-10.0, 211.0), (82.0, 204.0), (5.0, 133.0), (57.0, 133.0), (-21.0, 74.0), (88.0, 83.0), (-6.0, 9.0), (75.0, 4.0), (0, 0), (72.0, -5.0), (-13.0, -26.0), (83.0, -26.0)]
[(34.0, 229.0), (25.0, 239.0), (44.0, 240.0), (-10.0, 209.0), (82.0, 202.0), (5.0, 132.0), (57.0, 130.0), (-23.0, 75.0), (89.0, 77.0), (-6.0, 8.0), (75.0, 4.0), (0, 0), (72.0, -5.0), (-14.0, -27.0), (84.0, -27.0)]
[(35.0, 227.0), (26.0, 237.0), (45.0, 238.0), (-10.0, 205.0), (82.0, 198.0), (5.0, 131.0), (56.0, 129.0), (-24.0, 75.0), (88.0, 79.0), (-6.0, 8.0), (75.0, 4.0), (0, 0), (71.0, -5.0), (-14.0, -27.0), (83.0, -28.0)]
[(35.0, 223.0), (25.0, 233.0), (45.0, 235.0), (-11.0, 203.0), (82.0, 196.0), (4.0, 131.0), (55.0, 130.0), (-25.0, 75.0), (88.0, 79.0), (-7.0, 8.0), (75.0, 4.0), (0, 0), (70.0, -5.0), (-16.0, -26.0), (83.0, -28.0)]
[(34.0, 221.0), (24.0, 232.0), (44.0, 233.0), (-11.0, 202.0), (81.0, 195.0), (3.0, 127.0), (54.0, 125.0), (-27.0, 74.0), (88.0, 76.0), (-8.0, 9.0), (74.0, 4.0), (0, 0), (68.0, -4.0), (-17.0, -26.0), (82.0, -27.0)]
[(35.0, 220.0), (25.0, 230.0), (45.0, 231.0), (-11.0, 201.0), (82.0, 194.0), (4.0, 126.0), (55.0, 123.0), (-27.0, 70.0), (87.0, 73.0), (-8.0, 8.0), (74.0, 3.0), (0, 0), (68.0, -5.0), (-17.0, -26.0), (83.0, -29.0)]
[(36.0, 221.0), (25.0, 231.0), (46.0, 232.0), (-11.0, 203.0), (82.0, 195.0), (4.0, 128.0), (55.0, 126.0), (-27.0, 75.0), (88.0, 75.0), (-8.0, 9.0), (74.0, 4.0), (0, 0), (68.0, -4.0), (-17.0, -25.0), (83.0, -28.0)]
[(37.0, 235.0), (28.0, 244.0), (48.0, 245.0), (-7.0, 211.0), (84.0, 202.0), (7.0, 130.0), (59.0, 128.0), (-13.0, 81.0), (81.0, 86.0), (-7.0, 9.0), (75.0, 6.0), (0, 0), (69.0, -3.0), (-16.0, -26.0), (83.0, -25.0)]
[(38.0, 242.0), (29.0, 251.0), (49.0, 252.0), (-6.0, 215.0), (84.0, 205.0), (7.0, 131.0), (59.0, 128.0), (-10.0, 77.0), (79.0, 84.0), (-6.0, 8.0), (75.0, 4.0), (0, 0), (70.0, -5.0), (-13.0, -26.0), (84.0, -25.0)]
[(39.0, 248.0), (30.0, 258.0), (49.0, 259.0), (-5.0, 220.0), (85.0, 211.0), (9.0, 133.0), (61.0, 131.0), (-4.0, 73.0), (75.0, 83.0), (-5.0, 9.0), (76.0, 4.0), (0, 0), (71.0, -5.0), (-12.0, -24.0), (83.0, -24.0)]
[(40.0, 258.0), (31.0, 267.0), (51.0, 267.0), (-3.0, 228.0), (86.0, 218.0), (11.0, 137.0), (62.0, 135.0), (-4.0, 72.0), (75.0, 78.0), (-4.0, 9.0), (76.0, 4.0), (0, 0), (72.0, -5.0), (-11.0, -23.0), (81.0, -24.0)]
[(42.0, 295.0), (34.0, 303.0), (52.0, 304.0), (-1.0, 256.0), (87.0, 248.0), (13.0, 156.0), (63.0, 154.0), (-2.0, 75.0), (77.0, 83.0), (-3.0, 11.0), (77.0, 7.0), (0, 0), (73.0, -2.0), (-13.0, -19.0), (83.0, -21.0)]
[(45.0, 306.0), (36.0, 315.0), (54.0, 315.0), (-1.0, 266.0), (87.0, 259.0), (13.0, 162.0), (63.0, 161.0), (-2.0, 79.0), (78.0, 84.0), (-3.0, 10.0), (78.0, 9.0), (0, 0), (73.0, -1.0), (-13.0, -18.0), (83.0, -19.0)]
[(46.0, 320.0), (38.0, 328.0), (55.0, 329.0), (-0.0, 275.0), (87.0, 268.0), (13.0, 164.0), (64.0, 164.0), (-1.0, 81.0), (80.0, 84.0), (-3.0, 11.0), (78.0, 11.0), (0, 0), (73.0, 1.0), (-13.0, -16.0), (85.0, -17.0)]
[(46.0, 331.0), (38.0, 339.0), (54.0, 339.0), (-1.0, 282.0), (87.0, 277.0), (14.0, 167.0), (65.0, 168.0), (1.0, 84.0), (81.0, 86.0), (-3.0, 11.0), (78.0, 12.0), (0, 0), (73.0, 2.0), (-13.0, -15.0), (87.0, -16.0)]