[(26.0, 365.0), (18.0, 374.0), (34.0, 374.0), (-23.0, 311.0), (70.0, 310.0), (-0.0, 187.0), (53.0, 188.0), (-13.0, 93.0), (67.0, 92.0), (-8.0, 13.0), (68.0, 18.0), (0, 0), (63.0, 6.0), (-27.0, -18.0), (80.0, -15.0)]
[(26.0, 371.0), (18.0, 380.0), (34.0, 380.0), (-23.0, 315.0), (70.0, 312.0), (1.0, 188.0), (53.0, 189.0), (-13.0, 93.0), (67.0, 93.0), (-8.0, 13.0), (68.0, 17.0), (0, 0), (63.0, 6.0), (-27.0, -19.0), (80.0, -16.0)]
[(26.0, 379.0), (18.0, 387.0), (34.0, 386.0), (-23.0, 319.0), (69.0, 317.0), (1.0, 191.0), (53.0, 192.0), (-13.0, 95.0), (66.0, 95.0), (-8.0, 13.0), (69.0, 17.0), (0, 0), (64.0, 6.0), (-27.0, -19.0), (80.0, -16.0)]
[(26.0, 383.0), (18.0, 391.0), (34.0, 391.0), (-23.0, 323.0), (69.0, 321.0), (1.0, 194.0), (53.0, 195.0), (-12.0, 98.0), (66.0, 98.0), (-8.0, 14.0), (70.0, 17.0), (0, 0), (66.0, 6.0), (-27.0, -19.0), (80.0, -16.0)]
[(25.0, 385.0), (16.0, 393.0), (33.0, 393.0), (-24.0, 324.0), (68.0, 324.0), (-0.0, 194.0), (52.0, 195.0), (-11.0, 99.0), (65.0, 100.0), (-8.0, 14.0), (69.0, 18.0), (0, 0), (65.0, 9.0), (-28.0, -19.0), (79.0, -16.0)]
[(24.0, 388.0), (15.0, 395.0), (32.0, 395.0), (-24.0, 323.0), (67.0, 326.0), (-1.0, 195.0), (51.0, 196.0), (-8.0, 99.0), (64.0, 101.0), (-8.0, 14.0), (68.0, 18.0), (0, 0), (64.0, 9.0), (-29.0, -19.0), (78.0, -15.0)]
[(24.0, 385.0), (15.0, 393.0), (32.0, 393.0), (-24.0, 323.0), (67.0, 325.0), (-1.0, 193.0), (52.0, 194.0), (-7.0, 97.0), (64.0, 98.0), (-8.0, 13.0), (68.0, 17.0), (0, 0), (64.0, 8.0), (-28.0, -21.0), (76.0, -17.0)]
[(24.0, 387.0), (15.0, 394.0), (33.0, 394.0), (-22.0, 323.0), (68.0, 325.0), (-1.0, 192.0), (52.0, 193.0), (-7.0, 96.0), (64.0, 97.0), (-8.0, 13.0), (67.0, 17.0), (0, 0), (62.0, 7.0), (-28.0, -21.0), (76.0, -17.0)]
[(25.0, 385.0), (16.0, 392.0), (33.0, 393.0), (-22.0, 323.0), (69.0, 325.0), (-1.0, 192.0), (52.0, 193.0), (-7.0, 96.0), (64.0, 97.0), (-8.0, 13.0), (67.0, 17.0), (0, 0), (62.0, 7.0), (-28.0, -21.0), (76.0, -17.0)]
[(27.0, 386.0), (16.0, 393.0), (34.0, 393.0), (-21.0, 324.0), (69.0, 324.0), (-1.0, 193.0), (53.0, 194.0), (-6.0, 97.0), (64.0, 99.0), (-8.0, 13.0), (67.0, 17.0), (0, 0), (62.0, 7.0), (-28.0, -21.0), (76.0, -17.0)]
[(27.0, 385.0), (16.0, 392.0), (34.0, 393.0), (-22.0, 325.0), (69.0, 325.0), (-2.0, 193.0), (52.0, 194.0), (-7.0, 97.0), (63.0, 100.0), (-8.0, 13.0), (66.0, 17.0), (0, 0), (60.0, 7.0), (-29.0, -21.0), (74.0, -17.0)]
[(27.0, 385.0), (17.0, 392.0), (35.0, 392.0), (-21.0, 324.0), (69.0, 325.0), (-1.0, 193.0), (52.0, 193.0), (-7.0, 98.0), (62.0, 100.0), (-8.0, 13.0), (66.0, 16.0), (0, 0), (60.0, 7.0), (-29.0, -21.0), (74.0, -17.0)]
[(27.0, 385.0), (17.0, 392.0), (35.0, 393.0), (-21.0, 325.0), (69.0, 326.0), (-1.0, 194.0), (53.0, 195.0), (-7.0, 99.0), (62.0, 102.0), (-8.0, 14.0), (66.0, 17.0), (0, 0), (60.0, 8.0), (-29.0, -20.0), (74.0, -16.0)]
[(27.0, 385.0), (17.0, 392.0), (35.0, 393.0), (-21.0, 325.0), (69.0, 326.0), (-1.0, 193.0), (53.0, 194.0), (-8.0, 99.0), (61.0, 102.0), (-9.0, 13.0), (65.0, 16.0), (0, 0), (60.0, 7.0), (-29.0, -20.0), (73.0, -16.0)]
[(28.0, 385.0), (18.0, 392.0), (36.0, 393.0), (-19.0, 326.0), (71.0, 326.0), (1.0, 193.0), (54.0, 194.0), (-7.0, 99.0), (62.0, 101.0), (-8.0, 13.0), (66.0, 16.0), (0, 0), (61.0, 7.0), (-28.0, -20.0), (74.0, -16.0)]
[(29.0, 384.0), (18.0, 392.0), (36.0, 393.0), (-19.0, 326.0), (72.0, 326.0), (1.0, 193.0), (54.0, 194.0), (-7.0, 98.0), (62.0, 101.0), (-8.0, 13.0), (66.0, 16.0), (0, 0), (60.0, 7.0), (-28.0, -20.0), (74.0, -16.0)]
[(29.0, 384.0), (19.0, 392.0), (36.0, 393.0), (-19.0, 326.0), (72.0, 326.0), (1.0, 193.0), (54.0, 194.0), (-7.0, 98.0), (62.0, 101.0), (-8.0, 12.0), (65.0, 16.0), (0, 0), (60.0, 7.0), (-29.0, -21.0), (73.0, -16.0)]
[(29.0, 385.0), (19.0, 392.0), (37.0, 393.0), (-19.0, 326.0), (72.0, 326.0), (1.0, 192.0), (54.0, 193.0), (-8.0, 98.0), (63.0, 99.0), (-8.0, 13.0), (65.0, 16.0), (0, 0), (60.0, 7.0), (-29.0, -20.0), (73.0, -17.0)]
[(29.0, 384.0), (19.0, 392.0), (37.0, 393.0), (-19.0, 326.0), (73.0, 327.0), (1.0, 192.0), (54.0, 193.0), (-8.0, 98.0), (63.0, 97.0), (-8.0, 13.0), (65.0, 16.0), (0, 0), (60.0, 7.0), (-29.0, -20.0), (73.0, -17.0)]
[(29.0, 384.0), (19.0, 392.0), (37.0, 393.0), (-18.0, 327.0), (73.0, 327.0), (2.0, 192.0), (55.0, 193.0), (-8.0, 97.0), (63.0, 97.0), (-8.0, 12.0), (65.0, 16.0), (0, 0), (60.0, 6.0), (-28.0, -20.0), (73.0, -17.0)]
[(29.0, 384.0), (19.0, 392.0), (37.0, 393.0), (-18.0, 326.0), (73.0, 327.0), (2.0, 191.0), (55.0, 192.0), (-8.0, 95.0), (64.0, 94.0), (-8.0, 12.0), (65.0, 15.0), (0, 0), (61.0, 6.0), (-28.0, -21.0), (73.0, -17.0)]
[(30.0, 384.0), (20.0, 392.0), (37.0, 393.0), (-18.0, 327.0), (74.0, 327.0), (3.0, 191.0), (55.0, 192.0), (-7.0, 95.0), (66.0, 95.0), (-8.0, 12.0), (66.0, 15.0), (0, 0), (61.0, 6.0), (-28.0, -21.0), (74.0, -17.0)]
[(30.0, 385.0), (20.0, 393.0), (37.0, 394.0), (-17.0, 328.0), (74.0, 329.0), (3.0, 192.0), (56.0, 194.0), (-7.0, 96.0), (66.0, 96.0), (-8.0, 13.0), (66.0, 16.0), (0, 0), (61.0, 7.0), (-28.0, -20.0), (74.0, -16.0)]
[(30.0, 384.0), (20.0, 392.0), (37.0, 393.0), (-17.0, 327.0), (74.0, 328.0), (3.0, 191.0), (56.0, 193.0), (-7.0, 94.0), (67.0, 95.0), (-8.0, 12.0), (67.0, 16.0), (0, 0), (61.0, 6.0), (-28.0, -21.0), (75.0, -17.0)]
[(30.0, 385.0), (20.0, 393.0), (38.0, 394.0), (-17.0, 328.0), (74.0, 329.0), (3.0, 192.0), (56.0, 194.0), (-8.0, 95.0), (68.0, 96.0), (-8.0, 13.0), (67.0, 17.0), (0, 0), (61.0, 7.0), (-30.0, -20.0), (76.0, -16.0)]
[(30.0, 386.0), (20.0, 394.0), (38.0, 395.0), (-16.0, 330.0), (74.0, 331.0), (3.0, 193.0), (56.0, 195.0), (-8.0, 95.0), (69.0, 96.0), (-8.0, 13.0), (68.0, 17.0), (0, 0), (61.0, 8.0), (-30.0, -20.0), (77.0, -16.0)]
[(30.0, 388.0), (20.0, 396.0), (38.0, 397.0), (-15.0, 333.0), (74.0, 334.0), (3.0, 196.0), (56.0, 197.0), (-8.0, 97.0), (70.0, 98.0), (-8.0, 13.0), (68.0, 19.0), (0, 0), (61.0, 9.0), (-30.0, -20.0), (77.0, -14.0)]
[(29.0, 386.0), (19.0, 395.0), (37.0, 396.0), (-15.0, 335.0), (74.0, 336.0), (3.0, 197.0), (56.0, 198.0), (-8.0, 97.0), (71.0, 98.0), (-8.0, 13.0), (68.0, 19.0), (0, 0), (61.0, 9.0), (-30.0, -20.0), (78.0, -14.0)]
[(29.0, 385.0), (19.0, 393.0), (37.0, 394.0), (-15.0, 336.0), (73.0, 336.0), (3.0, 197.0), (57.0, 198.0), (-8.0, 97.0), (71.0, 98.0), (-9.0, 13.0), (68.0, 19.0), (0, 0), (61.0, 9.0), (-30.0, -19.0), (78.0, -14.0)]
[(29.0, 383.0), (19.0, 391.0), (37.0, 392.0), (-14.0, 335.0), (73.0, 335.0), (3.0, 196.0), (57.0, 197.0), (-10.0, 96.0), (72.0, 97.0), (-9.0, 13.0), (68.0, 17.0), (0, 0), (61.0, 7.0), (-30.0, -19.0), (78.0, -16.0)]
[(32.0, 382.0), (22.0, 391.0), (40.0, 391.0), (-11.0, 336.0), (76.0, 336.0), (6.0, 196.0), (61.0, 197.0), (-8.0, 97.0), (76.0, 97.0), (-8.0, 14.0), (71.0, 18.0), (0, 0), (65.0, 8.0), (-28.0, -18.0), (81.0, -15.0)]
[(32.0, 378.0), (22.0, 386.0), (40.0, 387.0), (-11.0, 335.0), (76.0, 335.0), (7.0, 195.0), (61.0, 195.0), (-10.0, 96.0), (76.0, 95.0), (-9.0, 14.0), (72.0, 17.0), (0, 0), (64.0, 7.0), (-28.0, -18.0), (82.0, -15.0)]
[(32.0, 373.0), (22.0, 382.0), (40.0, 383.0), (-12.0, 332.0), (76.0, 332.0), (7.0, 191.0), (61.0, 191.0), (-12.0, 94.0), (77.0, 91.0), (-9.0, 13.0), (72.0, 15.0), (0, 0), (64.0, 5.0), (-28.0, -19.0), (82.0, -17.0)]
[(31.0, 369.0), (22.0, 377.0), (39.0, 379.0), (-12.0, 328.0), (75.0, 328.0), (7.0, 186.0), (62.0, 187.0), (-14.0, 92.0), (77.0, 89.0), (-9.0, 13.0), (72.0, 14.0), (0, 0), (64.0, 4.0), (-27.0, -20.0), (82.0, -18.0)]
[(31.0, 362.0), (21.0, 370.0), (38.0, 371.0), (-11.0, 322.0), (75.0, 324.0), (7.0, 183.0), (62.0, 183.0), (-14.0, 91.0), (77.0, 87.0), (-9.0, 13.0), (72.0, 13.0), (0, 0), (64.0, 3.0), (-27.0, -20.0), (83.0, -19.0)]
[(30.0, 359.0), (21.0, 368.0), (37.0, 369.0), (-11.0, 320.0), (74.0, 322.0), (8.0, 182.0), (62.0, 182.0), (-14.0, 91.0), (77.0, 86.0), (-9.0, 13.0), (72.0, 13.0), (0, 0), (64.0, 3.0), (-26.0, -19.0), (83.0, -19.0)]
[(29.0, 355.0), (21.0, 364.0), (37.0, 365.0), (-11.0, 317.0), (73.0, 320.0), (8.0, 179.0), (62.0, 179.0), (-15.0, 90.0), (77.0, 86.0), (-10.0, 13.0), (72.0, 13.0), (0, 0), (64.0, 4.0), (-27.0, -19.0), (83.0, -18.0)]
[(29.0, 346.0), (20.0, 355.0), (36.0, 356.0), (-12.0, 311.0), (71.0, 316.0), (9.0, 175.0), (62.0, 176.0), (-15.0, 89.0), (77.0, 85.0), (-10.0, 14.0), (72.0, 14.0), (0, 0), (63.0, 5.0), (-27.0, -17.0), (83.0, -17.0)]
[(29.0, 342.0), (20.0, 351.0), (36.0, 351.0), (-13.0, 307.0), (68.0, 313.0), (8.0, 174.0), (62.0, 174.0), (-15.0, 89.0), (77.0, 85.0), (-10.0, 14.0), (70.0, 14.0), (0, 0), (61.0, 6.0), (-27.0, -17.0), (82.0, -17.0)]
[(28.0, 333.0), (19.0, 342.0), (35.0, 342.0), (-13.0, 303.0), (68.0, 306.0), (9.0, 174.0), (62.0, 173.0), (-15.0, 89.0), (78.0, 85.0), (-9.0, 14.0), (71.0, 14.0), (0, 0), (61.0, 6.0), (-27.0, -17.0), (82.0, -17.0)]
[(28.0, 325.0), (19.0, 335.0), (36.0, 335.0), (-13.0, 296.0), (69.0, 300.0), (10.0, 172.0), (64.0, 172.0), (-14.0, 89.0), (81.0, 85.0), (-8.0, 14.0), (72.0, 14.0), (0, 0), (63.0, 6.0), (-26.0, -17.0), (83.0, -17.0)]
[(27.0, 315.0), (18.0, 326.0), (35.0, 325.0), (-14.0, 288.0), (68.0, 293.0), (9.0, 171.0), (63.0, 171.0), (-15.0, 91.0), (81.0, 85.0), (-9.0, 14.0), (72.0, 14.0), (0, 0), (62.0, 6.0), (-27.0, -17.0), (82.0, -17.0)]
[(28.0, 298.0), (18.0, 308.0), (36.0, 308.0), (-12.0, 276.0), (69.0, 277.0), (9.0, 168.0), (61.0, 168.0), (-17.0, 89.0), (82.0, 85.0), (-9.0, 13.0), (72.0, 14.0), (0, 0), (62.0, 5.0), (-28.0, -17.0), (83.0, -17.0)]
[(28.0, 288.0), (18.0, 297.0), (36.0, 298.0), (-12.0, 267.0), (68.0, 266.0), (8.0, 159.0), (58.0, 160.0), (-20.0, 83.0), (82.0, 85.0), (-9.0, 13.0), (71.0, 14.0), (0, 0), (61.0, 5.0), (-28.0, -18.0), (83.0, -17.0)]
[(27.0, 275.0), (18.0, 285.0), (35.0, 285.0), (-13.0, 259.0), (67.0, 253.0), (5.0, 152.0), (53.0, 154.0), (-23.0, 77.0), (81.0, 84.0), (-10.0, 12.0), (70.0, 13.0), (0, 0), (61.0, 4.0), (-30.0, -20.0), (82.0, -18.0)]
[(26.0, 262.0), (16.0, 273.0), (34.0, 273.0), (-13.0, 250.0), (66.0, 243.0), (4.0, 151.0), (52.0, 152.0), (-26.0, 78.0), (80.0, 83.0), (-11.0, 12.0), (69.0, 14.0), (0, 0), (59.0, 4.0), (-31.0, -20.0), (81.0, -18.0)]
[(26.0, 261.0), (16.0, 271.0), (34.0, 272.0), (-13.0, 248.0), (67.0, 241.0), (4.0, 153.0), (52.0, 153.0), (-29.0, 78.0), (80.0, 83.0), (-10.0, 12.0), (68.0, 14.0), (0, 0), (59.0, 5.0), (-30.0, -20.0), (81.0, -18.0)]
[(26.0, 250.0), (16.0, 261.0), (34.0, 261.0), (-13.0, 237.0), (67.0, 231.0), (4.0, 150.0), (52.0, 151.0), (-28.0, 86.0), (79.0, 89.0), (-10.0, 13.0), (69.0, 15.0), (0, 0), (61.0, 6.0), (-30.0, -20.0), (79.0, -18.0)]
[(25.0, 237.0), (16.0, 248.0), (34.0, 249.0), (-13.0, 227.0), (67.0, 220.0), (4.0, 150.0), (52.0, 147.0), (-27.0, 86.0), (77.0, 87.0), (-10.0, 12.0), (68.0, 13.0), (0, 0), (61.0, 4.0), (-28.0, -21.0), (78.0, -20.0)]
[(24.0, 226.0), (15.0, 236.0), (33.0, 237.0), (-14.0, 218.0), (67.0, 210.0), (3.0, 141.0), (51.0, 141.0), (-31.0, 87.0), (75.0, 89.0), (-10.0, 13.0), (67.0, 14.0), (0, 0), (60.0, 4.0), (-29.0, -19.0), (77.0, -18.0)]
[(24.0, 182.0), (15.0, 192.0), (33.0, 193.0), (-18.0, 180.0), (68.0, 174.0), (2.0, 113.0), (50.0, 111.0), (-30.0, 64.0), (75.0, 77.0), (-10.0, 11.0), (67.0, 11.0), (0, 0), (60.0, 2.0), (-27.0, -21.0), (77.0, -20.0)]
[(26.0, 157.0), (17.0, 167.0), (35.0, 168.0), (-19.0, 158.0), (70.0, 153.0), (1.0, 117.0), (51.0, 116.0), (-31.0, 61.0), (88.0, 67.0), (-9.0, 6.0), (68.0, 7.0), (0, 0), (61.0, 0.0), (-25.0, -27.0), (80.0, -26.0)]
[(30.0, 123.0), (21.0, 134.0), (39.0, 134.0), (-15.0, 126.0), (74.0, 120.0), (5.0, 91.0), (55.0, 91.0), (-27.0, 47.0), (90.0, 42.0), (-8.0, 4.0), (72.0, -19.0), (0, 0), (65.0, -25.0), (-22.0, -25.0), (84.0, -52.0)]
[(26.0, 49.0), (17.0, 60.0), (35.0, 60.0), (-20.0, 55.0), (70.0, 47.0), (2.0, 25.0), (50.0, 22.0), (-30.0, 13.0), (86.0, -26.0), (-8.0, -0.0), (66.0, -85.0), (0, 0), (54.0, -87.0), (-16.0, -16.0), (79.0, -119.0)]
[(26.0, 90.0), (16.0, 101.0), (35.0, 101.0), (-19.0, 97.0), (70.0, 88.0), (2.0, 64.0), (50.0, 64.0), (-30.0, 50.0), (87.0, 15.0), (-8.0, 19.0), (66.0, -44.0), (0, 0), (55.0, -47.0), (-18.0, 3.0), (79.0, -79.0)]
[(26.0, 96.0), (16.0, 109.0), (37.0, 108.0), (-18.0, 105.0), (71.0, 97.0), (3.0, 68.0), (50.0, 67.0), (-35.0, 47.0), (93.0, 29.0), (-9.0, 6.0), (68.0, -32.0), (0, 0), (56.0, -33.0), (-20.0, -17.0), (81.0, -66.0)]
[(27.0, 131.0), (17.0, 142.0), (37.0, 142.0), (-18.0, 137.0), (71.0, 128.0), (3.0, 99.0), (50.0, 100.0), (-34.0, 64.0), (91.0, 56.0), (-9.0, 7.0), (66.0, 0.0), (0, 0), (53.0, -2.0), (-21.0, -21.0), (78.0, -34.0)]
[(27.0, 135.0), (17.0, 146.0), (38.0, 146.0), (-18.0, 142.0), (71.0, 133.0), (3.0, 100.0), (50.0, 102.0), (-33.0, 61.0), (91.0, 58.0), (-8.0, 6.0), (66.0, 2.0), (0, 0), (54.0, -2.0), (-21.0, -23.0), (79.0, -31.0)]
[(30.0, 150.0), (19.0, 160.0), (40.0, 160.0), (-15.0, 157.0), (73.0, 148.0), (3.0, 112.0), (50.0, 110.0), (-29.0, 62.0), (92.0, 67.0), (-7.0, 5.0), (68.0, 14.0), (0, 0), (57.0, 6.0), (-20.0, -27.0), (82.0, -19.0)]
[(35.0, 153.0), (25.0, 164.0), (45.0, 164.0), (-10.0, 159.0), (78.0, 151.0), (8.0, 114.0), (55.0, 111.0), (-21.0, 64.0), (94.0, 67.0), (-6.0, 6.0), (73.0, 11.0), (0, 0), (65.0, 5.0), (-15.0, -26.0), (88.0, -20.0)]
[(35.0, 154.0), (26.0, 165.0), (45.0, 165.0), (-11.0, 160.0), (77.0, 154.0), (7.0, 119.0), (53.0, 112.0), (-17.0, 64.0), (86.0, 67.0), (-6.0, 6.0), (71.0, 9.0), (0, 0), (64.0, 3.0), (-16.0, -24.0), (87.0, -22.0)]
[(35.0, 163.0), (25.0, 174.0), (45.0, 174.0), (-11.0, 172.0), (76.0, 162.0), (5.0, 121.0), (51.0, 116.0), (-18.0, 68.0), (84.0, 71.0), (-6.0, 8.0), (71.0, 11.0), (0, 0), (65.0, 3.0), (-18.0, -22.0), (87.0, -21.0)]
[(34.0, 187.0), (24.0, 197.0), (44.0, 198.0), (-13.0, 190.0), (74.0, 178.0), (3.0, 134.0), (49.0, 131.0), (-19.0, 72.0), (82.0, 74.0), (-7.0, 9.0), (70.0, 12.0), (0, 0), (64.0, 3.0), (-22.0, -21.0), (85.0, -20.0)]
[(31.0, 201.0), (21.0, 212.0), (41.0, 211.0), (-17.0, 195.0), (71.0, 187.0), (1.0, 135.0), (47.0, 133.0), (-23.0, 73.0), (80.0, 77.0), (-9.0, 9.0), (68.0, 11.0), (0, 0), (62.0, 2.0), (-25.0, -26.0), (80.0, -22.0)]
[(30.0, 202.0), (20.0, 212.0), (40.0, 212.0), (-18.0, 197.0), (70.0, 187.0), (-0.0, 136.0), (47.0, 136.0), (-24.0, 73.0), (79.0, 77.0), (-9.0, 9.0), (67.0, 11.0), (0, 0), (61.0, 2.0), (-25.0, -24.0), (79.0, -22.0)]
[(29.0, 213.0), (19.0, 223.0), (39.0, 224.0), (-19.0, 206.0), (70.0, 197.0), (-1.0, 143.0), (47.0, 142.0), (-26.0, 81.0), (77.0, 85.0), (-9.0, 11.0), (67.0, 14.0), (0, 0), (61.0, 5.0), (-26.0, -23.0), (78.0, -20.0)]
[(30.0, 229.0), (20.0, 238.0), (40.0, 240.0), (-19.0, 215.0), (69.0, 212.0), (-0.0, 148.0), (47.0, 150.0), (-16.0, 82.0), (75.0, 102.0), (-9.0, 12.0), (67.0, 17.0), (0, 0), (62.0, 7.0), (-26.0, -21.0), (78.0, -18.0)]
[(30.0, 243.0), (20.0, 254.0), (40.0, 253.0), (-19.0, 223.0), (69.0, 217.0), (-1.0, 150.0), (48.0, 149.0), (-14.0, 83.0), (73.0, 98.0), (-9.0, 12.0), (67.0, 17.0), (0, 0), (62.0, 7.0), (-27.0, -20.0), (78.0, -18.0)]
[(30.0, 255.0), (21.0, 265.0), (40.0, 265.0), (-18.0, 234.0), (72.0, 227.0), (-0.0, 154.0), (50.0, 152.0), (-15.0, 87.0), (70.0, 101.0), (-8.0, 13.0), (68.0, 18.0), (0, 0), (64.0, 7.0), (-25.0, -20.0), (79.0, -17.0)]
[(30.0, 304.0), (21.0, 314.0), (39.0, 314.0), (-20.0, 265.0), (71.0, 262.0), (-2.0, 171.0), (48.0, 168.0), (-16.0, 88.0), (64.0, 96.0), (-8.0, 12.0), (67.0, 16.0), (0, 0), (62.0, 4.0), (-27.0, -20.0), (77.0, -18.0)]
[(32.0, 318.0), (23.0, 328.0), (40.0, 327.0), (-19.0, 276.0), (73.0, 271.0), (-1.0, 176.0), (50.0, 175.0), (-16.0, 88.0), (66.0, 95.0), (-7.0, 12.0), (69.0, 15.0), (0, 0), (64.0, 4.0), (-27.0, -19.0), (79.0, -17.0)]
[(32.0, 342.0), (23.0, 351.0), (40.0, 351.0), (-19.0, 290.0), (73.0, 290.0), (-1.0, 181.0), (52.0, 180.0), (-17.0, 89.0), (65.0, 94.0), (-7.0, 13.0), (69.0, 16.0), (0, 0), (64.0, 5.0), (-27.0, -18.0), (79.0, -16.0)]