[(37.0, 369.0), (29.0, 377.0), (45.0, 377.0), (-11.0, 314.0), (78.0, 311.0), (7.0, 192.0), (58.0, 192.0), (-8.0, 95.0), (73.0, 99.0), (-7.0, 12.0), (69.0, 19.0), (0, 0), (63.0, 9.0), (-25.0, -16.0), (80.0, -14.0)]
[(37.0, 375.0), (28.0, 384.0), (45.0, 383.0), (-11.0, 317.0), (79.0, 314.0), (7.0, 192.0), (59.0, 193.0), (-8.0, 97.0), (72.0, 99.0), (-7.0, 13.0), (69.0, 19.0), (0, 0), (63.0, 9.0), (-25.0, -17.0), (80.0, -13.0)]
[(38.0, 380.0), (29.0, 389.0), (45.0, 388.0), (-11.0, 321.0), (79.0, 318.0), (7.0, 198.0), (59.0, 198.0), (-8.0, 100.0), (73.0, 100.0), (-7.0, 14.0), (70.0, 19.0), (0, 0), (63.0, 9.0), (-25.0, -18.0), (80.0, -14.0)]
[(37.0, 382.0), (28.0, 390.0), (45.0, 390.0), (-12.0, 322.0), (78.0, 320.0), (6.0, 197.0), (58.0, 197.0), (-8.0, 101.0), (71.0, 100.0), (-8.0, 13.0), (70.0, 18.0), (0, 0), (65.0, 9.0), (-26.0, -19.0), (79.0, -15.0)]
[(37.0, 385.0), (28.0, 392.0), (45.0, 392.0), (-12.0, 325.0), (78.0, 323.0), (6.0, 199.0), (57.0, 198.0), (-5.0, 103.0), (70.0, 103.0), (-7.0, 14.0), (70.0, 19.0), (0, 0), (65.0, 10.0), (-26.0, -19.0), (78.0, -15.0)]
[(36.0, 384.0), (27.0, 392.0), (44.0, 392.0), (-13.0, 325.0), (77.0, 324.0), (5.0, 199.0), (56.0, 198.0), (-6.0, 103.0), (69.0, 103.0), (-8.0, 14.0), (69.0, 19.0), (0, 0), (64.0, 10.0), (-27.0, -19.0), (77.0, -15.0)]
[(36.0, 383.0), (27.0, 391.0), (44.0, 392.0), (-13.0, 324.0), (77.0, 324.0), (4.0, 198.0), (56.0, 197.0), (-5.0, 102.0), (69.0, 103.0), (-8.0, 13.0), (69.0, 19.0), (0, 0), (64.0, 10.0), (-28.0, -19.0), (77.0, -15.0)]
[(35.0, 384.0), (26.0, 392.0), (43.0, 392.0), (-14.0, 325.0), (76.0, 325.0), (3.0, 195.0), (55.0, 195.0), (-4.0, 101.0), (68.0, 103.0), (-8.0, 14.0), (68.0, 21.0), (0, 0), (64.0, 11.0), (-29.0, -18.0), (75.0, -15.0)]
[(35.0, 383.0), (26.0, 391.0), (43.0, 391.0), (-14.0, 325.0), (76.0, 323.0), (3.0, 194.0), (55.0, 194.0), (-5.0, 101.0), (67.0, 102.0), (-8.0, 14.0), (68.0, 20.0), (0, 0), (64.0, 11.0), (-29.0, -18.0), (75.0, -16.0)]
[(35.0, 383.0), (25.0, 391.0), (43.0, 391.0), (-14.0, 323.0), (76.0, 323.0), (3.0, 192.0), (55.0, 192.0), (-5.0, 99.0), (67.0, 101.0), (-8.0, 13.0), (68.0, 19.0), (0, 0), (64.0, 10.0), (-29.0, -19.0), (75.0, -17.0)]
[(34.0, 383.0), (25.0, 391.0), (43.0, 391.0), (-14.0, 324.0), (76.0, 323.0), (3.0, 192.0), (55.0, 192.0), (-6.0, 99.0), (67.0, 101.0), (-8.0, 13.0), (68.0, 19.0), (0, 0), (63.0, 10.0), (-29.0, -19.0), (74.0, -17.0)]
[(34.0, 382.0), (25.0, 390.0), (43.0, 390.0), (-14.0, 323.0), (76.0, 323.0), (3.0, 192.0), (55.0, 192.0), (-6.0, 99.0), (66.0, 100.0), (-8.0, 13.0), (68.0, 19.0), (0, 0), (64.0, 9.0), (-29.0, -19.0), (74.0, -17.0)]
[(34.0, 382.0), (25.0, 391.0), (42.0, 391.0), (-14.0, 324.0), (75.0, 323.0), (3.0, 192.0), (55.0, 191.0), (-6.0, 99.0), (66.0, 100.0), (-8.0, 13.0), (68.0, 17.0), (0, 0), (64.0, 8.0), (-29.0, -19.0), (74.0, -18.0)]
[(34.0, 382.0), (26.0, 390.0), (43.0, 390.0), (-13.0, 324.0), (75.0, 323.0), (4.0, 192.0), (56.0, 191.0), (-6.0, 98.0), (66.0, 99.0), (-7.0, 13.0), (69.0, 17.0), (0, 0), (66.0, 8.0), (-29.0, -19.0), (75.0, -18.0)]
[(35.0, 382.0), (27.0, 391.0), (44.0, 391.0), (-13.0, 324.0), (76.0, 324.0), (5.0, 192.0), (57.0, 192.0), (-5.0, 99.0), (67.0, 101.0), (-7.0, 13.0), (69.0, 17.0), (0, 0), (66.0, 8.0), (-28.0, -18.0), (76.0, -17.0)]
[(35.0, 382.0), (27.0, 391.0), (44.0, 391.0), (-13.0, 323.0), (75.0, 325.0), (5.0, 192.0), (57.0, 192.0), (-6.0, 99.0), (67.0, 100.0), (-8.0, 13.0), (69.0, 17.0), (0, 0), (66.0, 7.0), (-28.0, -18.0), (76.0, -17.0)]
[(36.0, 382.0), (27.0, 390.0), (44.0, 390.0), (-13.0, 323.0), (76.0, 326.0), (7.0, 192.0), (58.0, 192.0), (-5.0, 99.0), (67.0, 100.0), (-7.0, 13.0), (71.0, 16.0), (0, 0), (69.0, 7.0), (-27.0, -18.0), (77.0, -17.0)]
[(34.0, 383.0), (26.0, 391.0), (43.0, 391.0), (-14.0, 323.0), (74.0, 327.0), (6.0, 192.0), (58.0, 192.0), (-6.0, 98.0), (67.0, 100.0), (-8.0, 12.0), (70.0, 16.0), (0, 0), (67.0, 6.0), (-28.0, -18.0), (76.0, -17.0)]
[(35.0, 383.0), (27.0, 391.0), (44.0, 391.0), (-14.0, 323.0), (74.0, 327.0), (7.0, 192.0), (59.0, 192.0), (-5.0, 97.0), (68.0, 99.0), (-7.0, 12.0), (70.0, 16.0), (0, 0), (65.0, 6.0), (-26.0, -19.0), (77.0, -17.0)]
[(35.0, 383.0), (27.0, 391.0), (44.0, 391.0), (-14.0, 325.0), (74.0, 327.0), (7.0, 192.0), (59.0, 192.0), (-5.0, 97.0), (67.0, 99.0), (-8.0, 12.0), (69.0, 15.0), (0, 0), (64.0, 6.0), (-26.0, -19.0), (77.0, -18.0)]
[(35.0, 384.0), (26.0, 392.0), (43.0, 392.0), (-14.0, 326.0), (73.0, 328.0), (7.0, 193.0), (59.0, 193.0), (-5.0, 98.0), (67.0, 100.0), (-8.0, 12.0), (69.0, 16.0), (0, 0), (64.0, 7.0), (-26.0, -19.0), (77.0, -17.0)]
[(35.0, 385.0), (26.0, 393.0), (43.0, 393.0), (-15.0, 327.0), (73.0, 329.0), (7.0, 194.0), (59.0, 194.0), (-5.0, 98.0), (66.0, 100.0), (-8.0, 12.0), (69.0, 17.0), (0, 0), (63.0, 8.0), (-26.0, -20.0), (77.0, -16.0)]
[(34.0, 385.0), (25.0, 393.0), (42.0, 393.0), (-15.0, 327.0), (73.0, 330.0), (7.0, 194.0), (59.0, 194.0), (-5.0, 98.0), (66.0, 100.0), (-8.0, 12.0), (69.0, 17.0), (0, 0), (62.0, 8.0), (-26.0, -20.0), (77.0, -16.0)]
[(32.0, 385.0), (23.0, 393.0), (40.0, 393.0), (-16.0, 327.0), (72.0, 330.0), (6.0, 194.0), (57.0, 194.0), (-5.0, 98.0), (65.0, 100.0), (-8.0, 13.0), (68.0, 17.0), (0, 0), (61.0, 8.0), (-27.0, -19.0), (76.0, -16.0)]
[(31.0, 384.0), (23.0, 393.0), (39.0, 393.0), (-17.0, 327.0), (72.0, 330.0), (5.0, 194.0), (57.0, 194.0), (-5.0, 98.0), (65.0, 100.0), (-8.0, 13.0), (67.0, 17.0), (0, 0), (61.0, 8.0), (-27.0, -20.0), (76.0, -16.0)]
[(31.0, 384.0), (22.0, 392.0), (39.0, 392.0), (-17.0, 329.0), (72.0, 331.0), (5.0, 194.0), (56.0, 195.0), (-5.0, 98.0), (66.0, 100.0), (-8.0, 13.0), (67.0, 17.0), (0, 0), (59.0, 8.0), (-27.0, -20.0), (77.0, -16.0)]
[(30.0, 384.0), (21.0, 392.0), (38.0, 393.0), (-17.0, 331.0), (71.0, 332.0), (4.0, 195.0), (56.0, 195.0), (-5.0, 98.0), (66.0, 100.0), (-8.0, 13.0), (67.0, 17.0), (0, 0), (59.0, 7.0), (-27.0, -20.0), (77.0, -16.0)]
[(29.0, 384.0), (21.0, 392.0), (38.0, 393.0), (-17.0, 331.0), (71.0, 332.0), (4.0, 195.0), (56.0, 196.0), (-5.0, 98.0), (68.0, 100.0), (-8.0, 13.0), (67.0, 17.0), (0, 0), (59.0, 7.0), (-27.0, -20.0), (78.0, -16.0)]
[(29.0, 384.0), (21.0, 392.0), (38.0, 393.0), (-16.0, 332.0), (70.0, 334.0), (4.0, 196.0), (56.0, 197.0), (-6.0, 99.0), (68.0, 101.0), (-8.0, 14.0), (67.0, 18.0), (0, 0), (59.0, 8.0), (-27.0, -19.0), (78.0, -15.0)]
[(29.0, 382.0), (21.0, 391.0), (38.0, 391.0), (-16.0, 333.0), (70.0, 335.0), (4.0, 196.0), (56.0, 197.0), (-7.0, 99.0), (70.0, 101.0), (-8.0, 14.0), (67.0, 18.0), (0, 0), (59.0, 8.0), (-27.0, -19.0), (79.0, -15.0)]
[(29.0, 380.0), (20.0, 389.0), (38.0, 389.0), (-15.0, 334.0), (70.0, 335.0), (4.0, 196.0), (56.0, 197.0), (-7.0, 99.0), (70.0, 101.0), (-9.0, 14.0), (67.0, 18.0), (0, 0), (60.0, 8.0), (-27.0, -19.0), (79.0, -16.0)]
[(30.0, 379.0), (21.0, 388.0), (39.0, 388.0), (-14.0, 335.0), (71.0, 335.0), (5.0, 196.0), (57.0, 197.0), (-6.0, 99.0), (72.0, 101.0), (-8.0, 14.0), (68.0, 18.0), (0, 0), (61.0, 8.0), (-26.0, -19.0), (81.0, -16.0)]
[(30.0, 377.0), (21.0, 386.0), (38.0, 386.0), (-14.0, 334.0), (71.0, 334.0), (5.0, 196.0), (57.0, 197.0), (-6.0, 98.0), (72.0, 100.0), (-8.0, 13.0), (68.0, 17.0), (0, 0), (61.0, 7.0), (-26.0, -20.0), (81.0, -17.0)]
[(29.0, 374.0), (20.0, 384.0), (38.0, 384.0), (-14.0, 334.0), (70.0, 334.0), (4.0, 196.0), (57.0, 197.0), (-7.0, 98.0), (72.0, 100.0), (-8.0, 13.0), (68.0, 17.0), (0, 0), (61.0, 7.0), (-26.0, -20.0), (80.0, -17.0)]
[(29.0, 371.0), (20.0, 380.0), (37.0, 380.0), (-14.0, 334.0), (70.0, 334.0), (4.0, 195.0), (57.0, 195.0), (-7.0, 98.0), (73.0, 98.0), (-8.0, 13.0), (68.0, 17.0), (0, 0), (60.0, 6.0), (-26.0, -20.0), (80.0, -17.0)]
[(29.0, 366.0), (20.0, 375.0), (37.0, 376.0), (-14.0, 332.0), (68.0, 332.0), (4.0, 192.0), (57.0, 193.0), (-8.0, 96.0), (72.0, 96.0), (-9.0, 14.0), (68.0, 15.0), (0, 0), (60.0, 5.0), (-26.0, -21.0), (80.0, -19.0)]
[(28.0, 363.0), (19.0, 372.0), (36.0, 371.0), (-16.0, 332.0), (67.0, 330.0), (3.0, 192.0), (56.0, 192.0), (-9.0, 96.0), (71.0, 95.0), (-10.0, 14.0), (67.0, 14.0), (0, 0), (59.0, 4.0), (-27.0, -21.0), (79.0, -19.0)]
[(27.0, 358.0), (18.0, 367.0), (34.0, 367.0), (-17.0, 329.0), (64.0, 329.0), (2.0, 190.0), (55.0, 190.0), (-10.0, 95.0), (70.0, 94.0), (-11.0, 14.0), (66.0, 14.0), (0, 0), (58.0, 4.0), (-28.0, -21.0), (78.0, -19.0)]
[(26.0, 347.0), (17.0, 357.0), (33.0, 358.0), (-18.0, 322.0), (62.0, 324.0), (1.0, 185.0), (54.0, 185.0), (-13.0, 94.0), (69.0, 91.0), (-11.0, 14.0), (65.0, 13.0), (0, 0), (57.0, 3.0), (-29.0, -20.0), (77.0, -20.0)]
[(26.0, 339.0), (16.0, 348.0), (33.0, 349.0), (-17.0, 313.0), (62.0, 316.0), (2.0, 179.0), (55.0, 178.0), (-13.0, 90.0), (70.0, 87.0), (-10.0, 13.0), (65.0, 9.0), (0, 0), (57.0, -1.0), (-28.0, -20.0), (77.0, -24.0)]
[(27.0, 327.0), (18.0, 337.0), (34.0, 336.0), (-16.0, 306.0), (64.0, 308.0), (4.0, 175.0), (57.0, 174.0), (-12.0, 88.0), (72.0, 84.0), (-8.0, 13.0), (67.0, 7.0), (0, 0), (59.0, -2.0), (-25.0, -18.0), (79.0, -25.0)]
[(26.0, 322.0), (17.0, 332.0), (34.0, 331.0), (-16.0, 303.0), (64.0, 303.0), (4.0, 175.0), (57.0, 173.0), (-14.0, 89.0), (73.0, 85.0), (-8.0, 14.0), (68.0, 9.0), (0, 0), (59.0, 0.0), (-25.0, -18.0), (78.0, -23.0)]
[(26.0, 316.0), (17.0, 327.0), (34.0, 325.0), (-16.0, 295.0), (64.0, 295.0), (4.0, 173.0), (57.0, 172.0), (-15.0, 89.0), (74.0, 85.0), (-9.0, 13.0), (68.0, 9.0), (0, 0), (59.0, 0.0), (-25.0, -19.0), (78.0, -23.0)]
[(27.0, 307.0), (18.0, 317.0), (35.0, 316.0), (-15.0, 285.0), (64.0, 287.0), (5.0, 171.0), (58.0, 171.0), (-15.0, 90.0), (77.0, 85.0), (-9.0, 13.0), (70.0, 9.0), (0, 0), (61.0, 0.0), (-24.0, -19.0), (80.0, -23.0)]
[(28.0, 298.0), (19.0, 308.0), (36.0, 306.0), (-14.0, 278.0), (65.0, 277.0), (6.0, 167.0), (58.0, 168.0), (-16.0, 89.0), (81.0, 85.0), (-9.0, 13.0), (71.0, 9.0), (0, 0), (62.0, 0.0), (-23.0, -20.0), (81.0, -23.0)]
[(28.0, 290.0), (19.0, 300.0), (36.0, 299.0), (-13.0, 272.0), (65.0, 270.0), (6.0, 163.0), (56.0, 165.0), (-16.0, 86.0), (81.0, 86.0), (-9.0, 14.0), (72.0, 10.0), (0, 0), (62.0, 1.0), (-25.0, -19.0), (81.0, -22.0)]
[(28.0, 277.0), (19.0, 287.0), (36.0, 288.0), (-13.0, 262.0), (66.0, 259.0), (6.0, 162.0), (55.0, 164.0), (-17.0, 84.0), (81.0, 89.0), (-9.0, 14.0), (72.0, 12.0), (0, 0), (63.0, 3.0), (-26.0, -17.0), (81.0, -20.0)]
[(27.0, 266.0), (19.0, 278.0), (36.0, 278.0), (-13.0, 251.0), (67.0, 251.0), (5.0, 155.0), (53.0, 159.0), (-20.0, 84.0), (81.0, 90.0), (-9.0, 12.0), (72.0, 12.0), (0, 0), (65.0, 3.0), (-26.0, -18.0), (81.0, -19.0)]
[(26.0, 227.0), (17.0, 237.0), (34.0, 238.0), (-14.0, 219.0), (67.0, 216.0), (4.0, 134.0), (52.0, 134.0), (-32.0, 86.0), (78.0, 93.0), (-10.0, 13.0), (71.0, 13.0), (0, 0), (62.0, 4.0), (-27.0, -18.0), (80.0, -19.0)]
[(26.0, 216.0), (17.0, 225.0), (35.0, 226.0), (-14.0, 206.0), (69.0, 203.0), (4.0, 116.0), (52.0, 123.0), (-30.0, 80.0), (76.0, 81.0), (-10.0, 13.0), (69.0, 13.0), (0, 0), (62.0, 4.0), (-26.0, -18.0), (79.0, -19.0)]
[(27.0, 205.0), (18.0, 215.0), (36.0, 216.0), (-15.0, 197.0), (70.0, 194.0), (3.0, 131.0), (52.0, 130.0), (-28.0, 80.0), (78.0, 82.0), (-9.0, 13.0), (69.0, 13.0), (0, 0), (62.0, 4.0), (-25.0, -19.0), (80.0, -19.0)]
[(28.0, 195.0), (18.0, 205.0), (37.0, 206.0), (-15.0, 188.0), (72.0, 185.0), (4.0, 134.0), (52.0, 135.0), (-27.0, 77.0), (81.0, 83.0), (-9.0, 10.0), (70.0, 13.0), (0, 0), (63.0, 5.0), (-26.0, -21.0), (81.0, -19.0)]
[(28.0, 157.0), (18.0, 168.0), (37.0, 168.0), (-17.0, 152.0), (71.0, 152.0), (2.0, 107.0), (51.0, 105.0), (-29.0, 51.0), (85.0, 56.0), (-10.0, 4.0), (70.0, -11.0), (0, 0), (64.0, -17.0), (-23.0, -25.0), (82.0, -43.0)]
[(28.0, 145.0), (18.0, 156.0), (38.0, 156.0), (-19.0, 141.0), (71.0, 139.0), (2.0, 100.0), (49.0, 98.0), (-37.0, 59.0), (88.0, 46.0), (-10.0, 5.0), (69.0, -17.0), (0, 0), (62.0, -23.0), (-19.0, -30.0), (82.0, -49.0)]
[(26.0, 143.0), (16.0, 154.0), (36.0, 154.0), (-21.0, 144.0), (70.0, 139.0), (-0.0, 105.0), (47.0, 106.0), (-36.0, 70.0), (86.0, 55.0), (-11.0, 7.0), (67.0, -9.0), (0, 0), (60.0, -15.0), (-21.0, -27.0), (80.0, -42.0)]
[(27.0, 111.0), (17.0, 122.0), (36.0, 122.0), (-20.0, 112.0), (71.0, 106.0), (1.0, 76.0), (48.0, 76.0), (-35.0, 62.0), (87.0, 28.0), (-10.0, 7.0), (66.0, -35.0), (0, 0), (51.0, -41.0), (-22.0, -20.0), (79.0, -68.0)]
[(29.0, 120.0), (19.0, 131.0), (39.0, 131.0), (-18.0, 123.0), (73.0, 117.0), (3.0, 89.0), (50.0, 88.0), (-28.0, 54.0), (89.0, 42.0), (-9.0, 11.0), (64.0, -20.0), (0, 0), (50.0, -26.0), (-21.0, -22.0), (80.0, -53.0)]
[(32.0, 149.0), (22.0, 160.0), (42.0, 161.0), (-16.0, 151.0), (75.0, 146.0), (5.0, 117.0), (52.0, 114.0), (-22.0, 76.0), (90.0, 71.0), (-6.0, 11.0), (65.0, 7.0), (0, 0), (53.0, -1.0), (-19.0, -16.0), (82.0, -21.0)]
[(33.0, 142.0), (23.0, 153.0), (43.0, 153.0), (-14.0, 146.0), (76.0, 141.0), (4.0, 109.0), (53.0, 108.0), (-23.0, 69.0), (91.0, 65.0), (-5.0, 9.0), (67.0, 3.0), (0, 0), (55.0, -5.0), (-21.0, -19.0), (84.0, -26.0)]
[(31.0, 147.0), (21.0, 158.0), (41.0, 159.0), (-16.0, 152.0), (75.0, 146.0), (1.0, 114.0), (51.0, 116.0), (-23.0, 70.0), (86.0, 72.0), (-5.0, 10.0), (65.0, 8.0), (0, 0), (54.0, -1.0), (-20.0, -19.0), (82.0, -20.0)]
[(31.0, 153.0), (21.0, 164.0), (41.0, 164.0), (-16.0, 159.0), (74.0, 152.0), (2.0, 120.0), (50.0, 117.0), (-23.0, 70.0), (88.0, 74.0), (-6.0, 8.0), (65.0, 11.0), (0, 0), (54.0, 1.0), (-20.0, -20.0), (82.0, -17.0)]
[(32.0, 158.0), (22.0, 169.0), (42.0, 170.0), (-15.0, 162.0), (75.0, 156.0), (3.0, 120.0), (50.0, 118.0), (-22.0, 66.0), (88.0, 74.0), (-6.0, 7.0), (66.0, 10.0), (0, 0), (55.0, 2.0), (-19.0, -22.0), (83.0, -15.0)]
[(31.0, 158.0), (21.0, 168.0), (41.0, 169.0), (-15.0, 160.0), (74.0, 155.0), (2.0, 118.0), (49.0, 116.0), (-22.0, 67.0), (85.0, 69.0), (-6.0, 8.0), (65.0, 6.0), (0, 0), (57.0, -1.0), (-18.0, -22.0), (82.0, -19.0)]
[(34.0, 159.0), (24.0, 170.0), (44.0, 170.0), (-13.0, 160.0), (76.0, 154.0), (4.0, 119.0), (51.0, 117.0), (-19.0, 69.0), (86.0, 71.0), (-6.0, 8.0), (67.0, 6.0), (0, 0), (60.0, -2.0), (-16.0, -20.0), (84.0, -21.0)]
[(34.0, 178.0), (24.0, 188.0), (44.0, 189.0), (-15.0, 173.0), (76.0, 170.0), (3.0, 128.0), (49.0, 125.0), (-19.0, 75.0), (85.0, 81.0), (-6.0, 9.0), (68.0, 15.0), (0, 0), (60.0, 6.0), (-22.0, -14.0), (85.0, -12.0)]
[(36.0, 183.0), (26.0, 192.0), (46.0, 194.0), (-13.0, 179.0), (77.0, 176.0), (4.0, 130.0), (50.0, 128.0), (-18.0, 78.0), (86.0, 84.0), (-5.0, 9.0), (71.0, 17.0), (0, 0), (63.0, 8.0), (-22.0, -14.0), (87.0, -11.0)]
[(34.0, 196.0), (24.0, 206.0), (44.0, 207.0), (-16.0, 191.0), (75.0, 187.0), (2.0, 136.0), (48.0, 135.0), (-21.0, 85.0), (83.0, 85.0), (-6.0, 9.0), (70.0, 16.0), (0, 0), (64.0, 5.0), (-24.0, -17.0), (85.0, -13.0)]
[(32.0, 206.0), (22.0, 217.0), (42.0, 218.0), (-18.0, 200.0), (71.0, 195.0), (-0.0, 142.0), (46.0, 141.0), (-21.0, 87.0), (81.0, 88.0), (-8.0, 11.0), (69.0, 18.0), (0, 0), (63.0, 9.0), (-27.0, -17.0), (83.0, -13.0)]
[(31.0, 216.0), (21.0, 226.0), (41.0, 226.0), (-19.0, 205.0), (69.0, 203.0), (-1.0, 147.0), (45.0, 146.0), (-22.0, 93.0), (83.0, 93.0), (-8.0, 10.0), (69.0, 19.0), (0, 0), (62.0, 10.0), (-28.0, -18.0), (82.0, -15.0)]
[(30.0, 228.0), (21.0, 239.0), (40.0, 238.0), (-19.0, 214.0), (69.0, 209.0), (-1.0, 149.0), (45.0, 149.0), (-18.0, 90.0), (78.0, 93.0), (-8.0, 10.0), (69.0, 19.0), (0, 0), (62.0, 10.0), (-28.0, -18.0), (82.0, -16.0)]
[(27.0, 239.0), (20.0, 250.0), (38.0, 250.0), (-19.0, 224.0), (68.0, 219.0), (-0.0, 153.0), (47.0, 151.0), (-16.0, 90.0), (77.0, 92.0), (-7.0, 11.0), (69.0, 19.0), (0, 0), (63.0, 10.0), (-27.0, -19.0), (81.0, -17.0)]
[(26.0, 249.0), (18.0, 261.0), (36.0, 260.0), (-20.0, 232.0), (68.0, 227.0), (-1.0, 155.0), (47.0, 154.0), (-16.0, 87.0), (71.0, 90.0), (-8.0, 10.0), (68.0, 18.0), (0, 0), (62.0, 8.0), (-27.0, -20.0), (80.0, -18.0)]
[(27.0, 265.0), (19.0, 275.0), (36.0, 275.0), (-20.0, 239.0), (68.0, 236.0), (-1.0, 156.0), (49.0, 156.0), (-21.0, 85.0), (71.0, 90.0), (-8.0, 10.0), (69.0, 18.0), (0, 0), (63.0, 8.0), (-24.0, -20.0), (79.0, -18.0)]
[(26.0, 299.0), (18.0, 310.0), (36.0, 310.0), (-20.0, 262.0), (68.0, 258.0), (-1.0, 172.0), (50.0, 171.0), (-20.0, 87.0), (69.0, 91.0), (-8.0, 11.0), (69.0, 19.0), (0, 0), (63.0, 8.0), (-24.0, -19.0), (79.0, -17.0)]
[(26.0, 310.0), (18.0, 320.0), (35.0, 320.0), (-20.0, 270.0), (68.0, 268.0), (-1.0, 172.0), (50.0, 172.0), (-18.0, 87.0), (69.0, 91.0), (-7.0, 11.0), (69.0, 18.0), (0, 0), (64.0, 8.0), (-24.0, -19.0), (79.0, -17.0)]
[(27.0, 333.0), (19.0, 343.0), (35.0, 342.0), (-20.0, 283.0), (68.0, 285.0), (-1.0, 177.0), (51.0, 178.0), (-16.0, 88.0), (68.0, 91.0), (-7.0, 11.0), (69.0, 18.0), (0, 0), (64.0, 8.0), (-24.0, -19.0), (79.0, -16.0)]
[(25.0, 344.0), (17.0, 354.0), (33.0, 353.0), (-22.0, 292.0), (67.0, 293.0), (-1.0, 179.0), (50.0, 181.0), (-16.0, 90.0), (66.0, 90.0), (-8.0, 11.0), (68.0, 18.0), (0, 0), (63.0, 8.0), (-26.0, -19.0), (79.0, -16.0)]