[(41.0, 378.0), (32.0, 386.0), (50.0, 386.0), (-2.0, 340.0), (82.0, 340.0), (18.0, 201.0), (69.0, 201.0), (-1.0, 108.0), (94.0, 105.0), (-8.0, 14.0), (103.0, 14.0), (0, 0), (97.0, 1.0), (-28.0, -19.0), (125.0, -16.0)]
[(40.0, 385.0), (31.0, 394.0), (49.0, 394.0), (-2.0, 347.0), (82.0, 347.0), (18.0, 205.0), (68.0, 207.0), (2.0, 108.0), (90.0, 110.0), (-7.0, 14.0), (102.0, 14.0), (0, 0), (97.0, 2.0), (-28.0, -19.0), (125.0, -15.0)]
[(38.0, 383.0), (29.0, 393.0), (48.0, 393.0), (-3.0, 347.0), (80.0, 347.0), (17.0, 204.0), (67.0, 206.0), (1.0, 108.0), (90.0, 109.0), (-8.0, 13.0), (100.0, 13.0), (0, 0), (95.0, 1.0), (-28.0, -20.0), (124.0, -16.0)]
[(37.0, 391.0), (28.0, 401.0), (47.0, 400.0), (-3.0, 352.0), (80.0, 353.0), (17.0, 208.0), (66.0, 209.0), (3.0, 108.0), (87.0, 110.0), (-7.0, 13.0), (99.0, 14.0), (0, 0), (95.0, 2.0), (-27.0, -20.0), (123.0, -15.0)]
[(33.0, 397.0), (26.0, 406.0), (44.0, 406.0), (-3.0, 356.0), (80.0, 356.0), (16.0, 210.0), (65.0, 210.0), (4.0, 108.0), (85.0, 109.0), (-7.0, 13.0), (99.0, 15.0), (0, 0), (95.0, 4.0), (-26.0, -20.0), (122.0, -14.0)]
[(34.0, 397.0), (26.0, 407.0), (45.0, 407.0), (-3.0, 356.0), (80.0, 356.0), (15.0, 210.0), (65.0, 209.0), (4.0, 108.0), (83.0, 109.0), (-7.0, 13.0), (98.0, 15.0), (0, 0), (95.0, 4.0), (-25.0, -20.0), (122.0, -14.0)]
[(34.0, 397.0), (26.0, 407.0), (45.0, 407.0), (-4.0, 356.0), (80.0, 356.0), (15.0, 209.0), (65.0, 209.0), (4.0, 108.0), (83.0, 109.0), (-7.0, 13.0), (98.0, 14.0), (0, 0), (94.0, 4.0), (-24.0, -20.0), (121.0, -14.0)]
[(34.0, 398.0), (26.0, 407.0), (45.0, 408.0), (-4.0, 356.0), (80.0, 356.0), (15.0, 210.0), (64.0, 210.0), (5.0, 108.0), (83.0, 109.0), (-7.0, 13.0), (98.0, 14.0), (0, 0), (94.0, 4.0), (-24.0, -20.0), (121.0, -14.0)]
[(34.0, 398.0), (26.0, 408.0), (45.0, 408.0), (-4.0, 356.0), (80.0, 356.0), (14.0, 209.0), (64.0, 210.0), (5.0, 108.0), (83.0, 109.0), (-7.0, 13.0), (98.0, 14.0), (0, 0), (94.0, 4.0), (-24.0, -20.0), (121.0, -14.0)]
[(33.0, 400.0), (26.0, 409.0), (44.0, 409.0), (-4.0, 357.0), (80.0, 357.0), (14.0, 211.0), (64.0, 211.0), (5.0, 109.0), (82.0, 109.0), (-7.0, 14.0), (98.0, 15.0), (0, 0), (94.0, 5.0), (-25.0, -19.0), (121.0, -13.0)]
[(32.0, 400.0), (25.0, 409.0), (44.0, 409.0), (-4.0, 357.0), (79.0, 356.0), (14.0, 211.0), (64.0, 211.0), (5.0, 109.0), (82.0, 109.0), (-7.0, 14.0), (98.0, 15.0), (0, 0), (94.0, 5.0), (-25.0, -19.0), (121.0, -13.0)]
[(33.0, 400.0), (25.0, 409.0), (44.0, 409.0), (-4.0, 357.0), (79.0, 356.0), (14.0, 210.0), (64.0, 211.0), (5.0, 109.0), (82.0, 110.0), (-7.0, 14.0), (98.0, 16.0), (0, 0), (94.0, 5.0), (-26.0, -19.0), (121.0, -13.0)]
[(33.0, 400.0), (26.0, 409.0), (44.0, 409.0), (-4.0, 357.0), (79.0, 357.0), (14.0, 211.0), (63.0, 212.0), (5.0, 109.0), (82.0, 110.0), (-7.0, 13.0), (98.0, 16.0), (0, 0), (94.0, 5.0), (-26.0, -19.0), (121.0, -13.0)]
[(33.0, 400.0), (26.0, 409.0), (44.0, 409.0), (-4.0, 357.0), (79.0, 356.0), (13.0, 211.0), (63.0, 212.0), (5.0, 109.0), (82.0, 110.0), (-7.0, 13.0), (97.0, 16.0), (0, 0), (94.0, 5.0), (-26.0, -19.0), (121.0, -13.0)]
[(33.0, 400.0), (26.0, 409.0), (44.0, 409.0), (-4.0, 357.0), (79.0, 356.0), (13.0, 211.0), (63.0, 212.0), (5.0, 109.0), (81.0, 110.0), (-7.0, 14.0), (97.0, 16.0), (0, 0), (94.0, 5.0), (-26.0, -19.0), (120.0, -13.0)]
[(32.0, 400.0), (26.0, 409.0), (44.0, 409.0), (-4.0, 357.0), (79.0, 357.0), (13.0, 211.0), (63.0, 212.0), (5.0, 108.0), (81.0, 110.0), (-7.0, 13.0), (97.0, 16.0), (0, 0), (94.0, 5.0), (-27.0, -19.0), (120.0, -13.0)]
[(33.0, 400.0), (26.0, 409.0), (44.0, 409.0), (-4.0, 358.0), (79.0, 357.0), (13.0, 211.0), (63.0, 212.0), (5.0, 108.0), (81.0, 110.0), (-7.0, 13.0), (97.0, 15.0), (0, 0), (94.0, 5.0), (-27.0, -19.0), (120.0, -13.0)]
[(33.0, 400.0), (26.0, 409.0), (44.0, 409.0), (-4.0, 358.0), (79.0, 357.0), (13.0, 210.0), (63.0, 211.0), (5.0, 108.0), (82.0, 110.0), (-7.0, 13.0), (97.0, 15.0), (0, 0), (94.0, 5.0), (-27.0, -19.0), (120.0, -13.0)]
[(33.0, 400.0), (26.0, 409.0), (44.0, 409.0), (-4.0, 358.0), (79.0, 357.0), (14.0, 210.0), (63.0, 211.0), (5.0, 108.0), (82.0, 110.0), (-7.0, 13.0), (97.0, 15.0), (0, 0), (94.0, 5.0), (-27.0, -19.0), (120.0, -13.0)]
[(33.0, 399.0), (26.0, 409.0), (45.0, 408.0), (-4.0, 358.0), (79.0, 357.0), (14.0, 211.0), (63.0, 212.0), (5.0, 108.0), (82.0, 110.0), (-7.0, 13.0), (97.0, 15.0), (0, 0), (94.0, 5.0), (-27.0, -19.0), (120.0, -13.0)]
[(33.0, 399.0), (26.0, 409.0), (45.0, 408.0), (-4.0, 358.0), (80.0, 357.0), (14.0, 211.0), (64.0, 212.0), (5.0, 108.0), (82.0, 110.0), (-7.0, 13.0), (97.0, 15.0), (0, 0), (94.0, 5.0), (-27.0, -19.0), (120.0, -13.0)]
[(33.0, 399.0), (25.0, 409.0), (44.0, 408.0), (-4.0, 359.0), (80.0, 357.0), (13.0, 211.0), (63.0, 212.0), (4.0, 108.0), (82.0, 110.0), (-8.0, 14.0), (96.0, 15.0), (0, 0), (93.0, 5.0), (-28.0, -19.0), (119.0, -13.0)]
[(34.0, 398.0), (26.0, 408.0), (46.0, 407.0), (-3.0, 358.0), (80.0, 356.0), (14.0, 211.0), (64.0, 212.0), (4.0, 108.0), (83.0, 110.0), (-7.0, 14.0), (96.0, 15.0), (0, 0), (93.0, 5.0), (-28.0, -19.0), (120.0, -13.0)]
[(35.0, 396.0), (27.0, 407.0), (46.0, 405.0), (-3.0, 357.0), (80.0, 355.0), (14.0, 210.0), (64.0, 211.0), (3.0, 108.0), (83.0, 109.0), (-7.0, 13.0), (97.0, 14.0), (0, 0), (93.0, 4.0), (-29.0, -20.0), (120.0, -14.0)]
[(38.0, 393.0), (29.0, 403.0), (48.0, 402.0), (-3.0, 355.0), (81.0, 351.0), (14.0, 209.0), (64.0, 210.0), (2.0, 108.0), (85.0, 109.0), (-8.0, 13.0), (97.0, 14.0), (0, 0), (93.0, 4.0), (-29.0, -20.0), (120.0, -14.0)]
[(44.0, 375.0), (33.0, 384.0), (53.0, 383.0), (-2.0, 340.0), (85.0, 337.0), (16.0, 197.0), (67.0, 199.0), (-3.0, 104.0), (92.0, 107.0), (-8.0, 12.0), (98.0, 14.0), (0, 0), (94.0, 4.0), (-28.0, -21.0), (121.0, -14.0)]
[(45.0, 359.0), (34.0, 368.0), (54.0, 367.0), (-1.0, 328.0), (87.0, 327.0), (16.0, 186.0), (68.0, 188.0), (-7.0, 98.0), (97.0, 100.0), (-9.0, 12.0), (99.0, 13.0), (0, 0), (94.0, 3.0), (-29.0, -21.0), (122.0, -15.0)]
[(47.0, 356.0), (35.0, 365.0), (57.0, 365.0), (-0.0, 325.0), (89.0, 323.0), (18.0, 183.0), (70.0, 184.0), (-7.0, 97.0), (100.0, 97.0), (-8.0, 13.0), (101.0, 13.0), (0, 0), (96.0, 3.0), (-28.0, -21.0), (123.0, -15.0)]
[(49.0, 343.0), (37.0, 352.0), (58.0, 351.0), (1.0, 314.0), (91.0, 313.0), (19.0, 172.0), (71.0, 173.0), (-10.0, 91.0), (105.0, 89.0), (-8.0, 12.0), (104.0, 12.0), (0, 0), (98.0, 1.0), (-27.0, -22.0), (124.0, -17.0)]
[(48.0, 325.0), (37.0, 335.0), (58.0, 334.0), (1.0, 298.0), (91.0, 295.0), (19.0, 160.0), (72.0, 160.0), (-14.0, 85.0), (110.0, 82.0), (-8.0, 11.0), (105.0, 9.0), (0, 0), (98.0, -2.0), (-26.0, -24.0), (125.0, -20.0)]
[(53.0, 292.0), (41.0, 303.0), (61.0, 302.0), (3.0, 273.0), (93.0, 268.0), (21.0, 140.0), (74.0, 140.0), (-22.0, 74.0), (116.0, 68.0), (-9.0, 9.0), (107.0, 6.0), (0, 0), (101.0, -3.0), (-25.0, -27.0), (126.0, -23.0)]
[(53.0, 293.0), (42.0, 303.0), (61.0, 302.0), (3.0, 272.0), (93.0, 267.0), (21.0, 139.0), (74.0, 140.0), (-23.0, 72.0), (116.0, 70.0), (-9.0, 9.0), (107.0, 9.0), (0, 0), (101.0, 0.0), (-25.0, -26.0), (126.0, -22.0)]
[(52.0, 279.0), (41.0, 290.0), (61.0, 288.0), (3.0, 258.0), (93.0, 253.0), (21.0, 131.0), (74.0, 132.0), (-23.0, 69.0), (117.0, 68.0), (-9.0, 8.0), (107.0, 9.0), (0, 0), (101.0, 0.0), (-25.0, -27.0), (126.0, -23.0)]
[(53.0, 266.0), (42.0, 276.0), (62.0, 275.0), (5.0, 246.0), (94.0, 240.0), (22.0, 122.0), (75.0, 122.0), (-24.0, 64.0), (119.0, 63.0), (-9.0, 7.0), (109.0, 8.0), (0, 0), (102.0, 1.0), (-24.0, -28.0), (127.0, -24.0)]
[(54.0, 265.0), (43.0, 274.0), (63.0, 272.0), (5.0, 246.0), (94.0, 240.0), (22.0, 122.0), (75.0, 122.0), (-23.0, 63.0), (119.0, 60.0), (-9.0, 7.0), (109.0, 8.0), (0, 0), (103.0, 1.0), (-24.0, -29.0), (127.0, -24.0)]
[(53.0, 237.0), (43.0, 248.0), (62.0, 247.0), (4.0, 220.0), (93.0, 217.0), (21.0, 100.0), (74.0, 100.0), (-28.0, 55.0), (119.0, 53.0), (-9.0, 4.0), (109.0, 4.0), (0, 0), (102.0, -2.0), (-25.0, -33.0), (126.0, -28.0)]
[(54.0, 224.0), (43.0, 235.0), (63.0, 235.0), (4.0, 208.0), (93.0, 205.0), (21.0, 89.0), (74.0, 90.0), (-29.0, 53.0), (121.0, 53.0), (-9.0, 4.0), (109.0, 3.0), (0, 0), (102.0, -3.0), (-22.0, -34.0), (125.0, -30.0)]
[(54.0, 225.0), (44.0, 234.0), (63.0, 233.0), (5.0, 207.0), (93.0, 202.0), (21.0, 88.0), (74.0, 87.0), (-29.0, 53.0), (121.0, 52.0), (-9.0, 3.0), (109.0, 2.0), (0, 0), (102.0, -4.0), (-22.0, -35.0), (125.0, -31.0)]
[(52.0, 214.0), (41.0, 224.0), (61.0, 223.0), (3.0, 201.0), (92.0, 196.0), (19.0, 82.0), (71.0, 81.0), (-32.0, 51.0), (119.0, 51.0), (-10.0, 3.0), (107.0, 2.0), (0, 0), (100.0, -4.0), (-24.0, -35.0), (122.0, -32.0)]
[(51.0, 203.0), (40.0, 213.0), (60.0, 212.0), (4.0, 182.0), (91.0, 178.0), (18.0, 67.0), (69.0, 67.0), (-34.0, 49.0), (121.0, 49.0), (-11.0, 3.0), (106.0, 2.0), (0, 0), (99.0, -3.0), (-24.0, -35.0), (121.0, -32.0)]
[(51.0, 199.0), (40.0, 209.0), (60.0, 208.0), (4.0, 178.0), (91.0, 173.0), (18.0, 64.0), (68.0, 63.0), (-34.0, 50.0), (123.0, 49.0), (-10.0, 2.0), (106.0, 1.0), (0, 0), (100.0, -4.0), (-24.0, -36.0), (121.0, -33.0)]
[(50.0, 199.0), (40.0, 209.0), (60.0, 208.0), (4.0, 177.0), (90.0, 172.0), (18.0, 64.0), (67.0, 63.0), (-34.0, 51.0), (124.0, 51.0), (-10.0, 3.0), (106.0, 2.0), (0, 0), (99.0, -3.0), (-24.0, -35.0), (120.0, -32.0)]
[(50.0, 200.0), (40.0, 209.0), (60.0, 208.0), (4.0, 179.0), (90.0, 173.0), (18.0, 64.0), (67.0, 63.0), (-34.0, 52.0), (125.0, 51.0), (-10.0, 3.0), (106.0, 2.0), (0, 0), (99.0, -3.0), (-23.0, -35.0), (120.0, -32.0)]
[(50.0, 200.0), (39.0, 210.0), (60.0, 209.0), (4.0, 179.0), (90.0, 174.0), (17.0, 63.0), (67.0, 62.0), (-34.0, 52.0), (125.0, 52.0), (-10.0, 3.0), (106.0, 2.0), (0, 0), (99.0, -3.0), (-23.0, -35.0), (120.0, -32.0)]
[(53.0, 208.0), (43.0, 217.0), (63.0, 217.0), (8.0, 188.0), (95.0, 183.0), (21.0, 70.0), (71.0, 69.0), (-32.0, 53.0), (129.0, 53.0), (-9.0, 3.0), (110.0, 1.0), (0, 0), (103.0, -5.0), (-20.0, -34.0), (124.0, -32.0)]
[(54.0, 213.0), (45.0, 222.0), (64.0, 222.0), (9.0, 194.0), (96.0, 189.0), (22.0, 75.0), (72.0, 71.0), (-32.0, 55.0), (130.0, 56.0), (-10.0, 3.0), (112.0, 1.0), (0, 0), (105.0, -6.0), (-19.0, -34.0), (126.0, -32.0)]
[(59.0, 226.0), (50.0, 237.0), (68.0, 237.0), (12.0, 211.0), (99.0, 203.0), (26.0, 86.0), (76.0, 84.0), (-28.0, 58.0), (134.0, 57.0), (-10.0, 3.0), (117.0, 0.0), (0, 0), (109.0, -6.0), (-16.0, -34.0), (130.0, -31.0)]
[(61.0, 232.0), (52.0, 242.0), (69.0, 242.0), (13.0, 214.0), (99.0, 208.0), (27.0, 90.0), (77.0, 88.0), (-27.0, 58.0), (135.0, 58.0), (-10.0, 2.0), (119.0, 0.0), (0, 0), (110.0, -6.0), (-16.0, -34.0), (131.0, -31.0)]
[(60.0, 247.0), (53.0, 257.0), (68.0, 257.0), (16.0, 225.0), (101.0, 217.0), (30.0, 99.0), (80.0, 98.0), (-24.0, 60.0), (137.0, 60.0), (-10.0, 1.0), (122.0, 1.0), (0, 0), (114.0, -6.0), (-13.0, -33.0), (135.0, -31.0)]
[(61.0, 251.0), (55.0, 261.0), (70.0, 260.0), (18.0, 228.0), (102.0, 221.0), (32.0, 102.0), (82.0, 101.0), (-23.0, 61.0), (137.0, 59.0), (-9.0, 1.0), (124.0, 1.0), (0, 0), (116.0, -5.0), (-12.0, -33.0), (137.0, -31.0)]
[(62.0, 280.0), (56.0, 289.0), (71.0, 288.0), (19.0, 251.0), (103.0, 246.0), (32.0, 123.0), (83.0, 123.0), (-22.0, 66.0), (136.0, 65.0), (-9.0, 2.0), (126.0, 2.0), (0, 0), (118.0, -4.0), (-12.0, -32.0), (139.0, -30.0)]
[(63.0, 297.0), (56.0, 306.0), (71.0, 305.0), (19.0, 264.0), (103.0, 260.0), (32.0, 132.0), (83.0, 133.0), (-22.0, 71.0), (134.0, 69.0), (-9.0, 3.0), (126.0, 1.0), (0, 0), (118.0, -5.0), (-12.0, -33.0), (139.0, -31.0)]
[(64.0, 313.0), (55.0, 322.0), (72.0, 322.0), (18.0, 278.0), (102.0, 274.0), (31.0, 142.0), (82.0, 144.0), (-22.0, 76.0), (130.0, 74.0), (-9.0, 4.0), (125.0, 4.0), (0, 0), (117.0, -4.0), (-13.0, -33.0), (137.0, -31.0)]
[(63.0, 314.0), (54.0, 323.0), (71.0, 324.0), (17.0, 279.0), (101.0, 276.0), (30.0, 142.0), (81.0, 143.0), (-23.0, 76.0), (129.0, 73.0), (-9.0, 5.0), (124.0, 6.0), (0, 0), (116.0, -2.0), (-13.0, -33.0), (137.0, -30.0)]
[(58.0, 346.0), (49.0, 355.0), (66.0, 354.0), (11.0, 309.0), (95.0, 304.0), (25.0, 166.0), (76.0, 168.0), (-18.0, 83.0), (116.0, 85.0), (-9.0, 8.0), (118.0, 8.0), (0, 0), (111.0, -3.0), (-19.0, -30.0), (132.0, -27.0)]
[(53.0, 368.0), (45.0, 377.0), (61.0, 376.0), (6.0, 330.0), (90.0, 323.0), (21.0, 183.0), (72.0, 184.0), (-12.0, 95.0), (106.0, 96.0), (-8.0, 11.0), (112.0, 13.0), (0, 0), (105.0, 1.0), (-22.0, -25.0), (128.0, -21.0)]