[(46.0, 362.0), (37.0, 369.0), (53.0, 369.0), (-0.0, 309.0), (84.0, 307.0), (16.0, 186.0), (64.0, 185.0), (4.0, 95.0), (73.0, 98.0), (-4.0, 13.0), (72.0, 16.0), (0, 0), (66.0, 6.0), (-10.0, -19.0), (80.0, -19.0)]
[(46.0, 363.0), (37.0, 370.0), (54.0, 370.0), (-0.0, 309.0), (84.0, 308.0), (16.0, 186.0), (64.0, 186.0), (4.0, 95.0), (73.0, 98.0), (-5.0, 13.0), (72.0, 16.0), (0, 0), (66.0, 7.0), (-10.0, -19.0), (80.0, -18.0)]
[(47.0, 359.0), (38.0, 366.0), (54.0, 367.0), (2.0, 308.0), (86.0, 311.0), (17.0, 185.0), (66.0, 183.0), (6.0, 94.0), (76.0, 96.0), (-4.0, 11.0), (74.0, 15.0), (0, 0), (68.0, 6.0), (-8.0, -20.0), (81.0, -21.0)]
[(45.0, 358.0), (37.0, 366.0), (53.0, 366.0), (1.0, 309.0), (85.0, 311.0), (17.0, 184.0), (65.0, 183.0), (5.0, 94.0), (74.0, 96.0), (-4.0, 11.0), (73.0, 15.0), (0, 0), (67.0, 6.0), (-9.0, -20.0), (80.0, -21.0)]
[(45.0, 359.0), (36.0, 367.0), (53.0, 368.0), (1.0, 309.0), (85.0, 312.0), (18.0, 184.0), (66.0, 184.0), (6.0, 94.0), (75.0, 95.0), (-4.0, 12.0), (73.0, 16.0), (0, 0), (66.0, 7.0), (-9.0, -19.0), (80.0, -20.0)]
[(44.0, 359.0), (36.0, 367.0), (52.0, 368.0), (1.0, 310.0), (85.0, 312.0), (18.0, 184.0), (66.0, 184.0), (6.0, 93.0), (76.0, 94.0), (-4.0, 12.0), (73.0, 16.0), (0, 0), (65.0, 7.0), (-9.0, -19.0), (80.0, -21.0)]
[(43.0, 359.0), (35.0, 366.0), (51.0, 367.0), (-0.0, 309.0), (84.0, 311.0), (18.0, 183.0), (66.0, 183.0), (5.0, 92.0), (76.0, 93.0), (-4.0, 11.0), (72.0, 15.0), (0, 0), (64.0, 6.0), (-9.0, -21.0), (79.0, -22.0)]
[(43.0, 359.0), (35.0, 366.0), (51.0, 367.0), (-0.0, 309.0), (84.0, 311.0), (18.0, 183.0), (67.0, 183.0), (6.0, 92.0), (76.0, 93.0), (-4.0, 11.0), (72.0, 14.0), (0, 0), (64.0, 6.0), (-8.0, -21.0), (78.0, -22.0)]
[(43.0, 359.0), (35.0, 366.0), (51.0, 367.0), (-0.0, 309.0), (84.0, 311.0), (18.0, 183.0), (67.0, 182.0), (6.0, 92.0), (77.0, 93.0), (-3.0, 11.0), (72.0, 14.0), (0, 0), (64.0, 6.0), (-8.0, -21.0), (79.0, -23.0)]
[(43.0, 359.0), (35.0, 366.0), (51.0, 368.0), (-0.0, 309.0), (84.0, 311.0), (19.0, 183.0), (67.0, 182.0), (8.0, 91.0), (77.0, 93.0), (-3.0, 11.0), (72.0, 13.0), (0, 0), (63.0, 5.0), (-7.0, -22.0), (79.0, -23.0)]
[(43.0, 359.0), (34.0, 366.0), (50.0, 368.0), (-1.0, 309.0), (83.0, 311.0), (19.0, 183.0), (67.0, 182.0), (7.0, 91.0), (76.0, 93.0), (-4.0, 11.0), (71.0, 13.0), (0, 0), (62.0, 5.0), (-8.0, -22.0), (78.0, -23.0)]
[(42.0, 359.0), (33.0, 366.0), (49.0, 368.0), (-2.0, 309.0), (82.0, 311.0), (19.0, 182.0), (67.0, 182.0), (7.0, 91.0), (75.0, 93.0), (-4.0, 11.0), (70.0, 13.0), (0, 0), (61.0, 5.0), (-8.0, -22.0), (77.0, -23.0)]
[(40.0, 358.0), (32.0, 365.0), (48.0, 367.0), (-3.0, 308.0), (81.0, 310.0), (19.0, 181.0), (67.0, 181.0), (7.0, 90.0), (75.0, 93.0), (-4.0, 11.0), (69.0, 12.0), (0, 0), (60.0, 4.0), (-9.0, -23.0), (77.0, -24.0)]
[(40.0, 359.0), (32.0, 366.0), (48.0, 367.0), (-3.0, 308.0), (81.0, 311.0), (18.0, 181.0), (66.0, 182.0), (7.0, 90.0), (74.0, 93.0), (-5.0, 11.0), (69.0, 12.0), (0, 0), (61.0, 3.0), (-9.0, -23.0), (77.0, -25.0)]
[(40.0, 359.0), (31.0, 366.0), (48.0, 367.0), (-3.0, 308.0), (81.0, 311.0), (17.0, 182.0), (66.0, 182.0), (8.0, 91.0), (74.0, 93.0), (-5.0, 11.0), (69.0, 12.0), (0, 0), (61.0, 3.0), (-8.0, -24.0), (77.0, -25.0)]
[(40.0, 358.0), (31.0, 366.0), (48.0, 367.0), (-3.0, 307.0), (81.0, 311.0), (16.0, 182.0), (66.0, 182.0), (8.0, 90.0), (74.0, 93.0), (-4.0, 10.0), (69.0, 11.0), (0, 0), (61.0, 2.0), (-8.0, -25.0), (78.0, -25.0)]
[(40.0, 358.0), (32.0, 366.0), (48.0, 367.0), (-2.0, 306.0), (82.0, 310.0), (17.0, 182.0), (66.0, 183.0), (8.0, 90.0), (75.0, 93.0), (-4.0, 10.0), (70.0, 10.0), (0, 0), (63.0, 1.0), (-7.0, -25.0), (80.0, -25.0)]
[(41.0, 358.0), (33.0, 366.0), (49.0, 367.0), (-1.0, 306.0), (83.0, 310.0), (18.0, 182.0), (67.0, 183.0), (7.0, 89.0), (76.0, 92.0), (-3.0, 10.0), (71.0, 10.0), (0, 0), (64.0, 1.0), (-6.0, -27.0), (81.0, -26.0)]
[(42.0, 359.0), (34.0, 366.0), (50.0, 368.0), (-1.0, 305.0), (83.0, 310.0), (19.0, 182.0), (68.0, 183.0), (7.0, 88.0), (77.0, 91.0), (-3.0, 9.0), (73.0, 9.0), (0, 0), (67.0, 1.0), (-5.0, -27.0), (82.0, -26.0)]
[(42.0, 359.0), (33.0, 367.0), (50.0, 368.0), (-1.0, 305.0), (83.0, 310.0), (19.0, 182.0), (68.0, 182.0), (7.0, 86.0), (77.0, 90.0), (-3.0, 8.0), (74.0, 9.0), (0, 0), (67.0, 0.0), (-5.0, -28.0), (82.0, -26.0)]
[(43.0, 360.0), (34.0, 368.0), (51.0, 369.0), (-1.0, 305.0), (83.0, 310.0), (20.0, 182.0), (69.0, 182.0), (8.0, 85.0), (78.0, 89.0), (-2.0, 8.0), (75.0, 9.0), (0, 0), (68.0, 0.0), (-4.0, -28.0), (83.0, -26.0)]
[(45.0, 363.0), (36.0, 371.0), (53.0, 372.0), (-0.0, 307.0), (85.0, 312.0), (22.0, 183.0), (70.0, 183.0), (10.0, 86.0), (80.0, 89.0), (-1.0, 8.0), (77.0, 10.0), (0, 0), (71.0, 1.0), (-2.0, -27.0), (85.0, -25.0)]
[(46.0, 363.0), (37.0, 371.0), (53.0, 371.0), (-0.0, 306.0), (85.0, 311.0), (22.0, 181.0), (70.0, 182.0), (11.0, 84.0), (81.0, 86.0), (-1.0, 7.0), (78.0, 9.0), (0, 0), (72.0, 0.0), (-1.0, -28.0), (86.0, -26.0)]
[(45.0, 363.0), (36.0, 371.0), (53.0, 372.0), (-0.0, 306.0), (85.0, 311.0), (22.0, 181.0), (69.0, 182.0), (11.0, 83.0), (81.0, 86.0), (-1.0, 7.0), (78.0, 9.0), (0, 0), (72.0, 0.0), (-1.0, -28.0), (86.0, -26.0)]
[(45.0, 363.0), (36.0, 372.0), (52.0, 372.0), (-0.0, 307.0), (84.0, 311.0), (21.0, 181.0), (69.0, 182.0), (11.0, 83.0), (81.0, 86.0), (-1.0, 7.0), (79.0, 9.0), (0, 0), (73.0, 0.0), (-1.0, -28.0), (87.0, -26.0)]
[(45.0, 363.0), (36.0, 372.0), (53.0, 372.0), (-0.0, 307.0), (85.0, 311.0), (22.0, 181.0), (69.0, 182.0), (11.0, 82.0), (82.0, 85.0), (-0.0, 7.0), (80.0, 9.0), (0, 0), (74.0, 0.0), (0.0, -28.0), (88.0, -26.0)]
[(43.0, 364.0), (33.0, 372.0), (51.0, 372.0), (-2.0, 308.0), (83.0, 312.0), (17.0, 181.0), (67.0, 182.0), (9.0, 83.0), (80.0, 86.0), (-1.0, 7.0), (79.0, 8.0), (0, 0), (73.0, 0.0), (-1.0, -28.0), (86.0, -27.0)]
[(43.0, 363.0), (34.0, 371.0), (51.0, 371.0), (-3.0, 308.0), (83.0, 311.0), (17.0, 180.0), (67.0, 182.0), (8.0, 83.0), (79.0, 85.0), (-0.0, 7.0), (80.0, 7.0), (0, 0), (74.0, -1.0), (0.0, -29.0), (87.0, -28.0)]
[(42.0, 364.0), (33.0, 372.0), (50.0, 372.0), (-5.0, 310.0), (81.0, 312.0), (15.0, 181.0), (66.0, 183.0), (6.0, 84.0), (76.0, 88.0), (-1.0, 7.0), (78.0, 9.0), (0, 0), (73.0, 0.0), (-1.0, -28.0), (86.0, -27.0)]
[(42.0, 364.0), (33.0, 372.0), (50.0, 372.0), (-5.0, 310.0), (80.0, 312.0), (15.0, 182.0), (65.0, 184.0), (4.0, 85.0), (75.0, 89.0), (-1.0, 7.0), (78.0, 9.0), (0, 0), (73.0, 0.0), (-2.0, -28.0), (86.0, -27.0)]
[(40.0, 365.0), (31.0, 372.0), (48.0, 373.0), (-7.0, 311.0), (77.0, 312.0), (12.0, 182.0), (62.0, 184.0), (2.0, 85.0), (73.0, 90.0), (-2.0, 8.0), (76.0, 9.0), (0, 0), (71.0, 0.0), (-4.0, -28.0), (84.0, -27.0)]
[(40.0, 367.0), (31.0, 374.0), (48.0, 375.0), (-7.0, 314.0), (76.0, 314.0), (12.0, 184.0), (61.0, 186.0), (2.0, 87.0), (72.0, 92.0), (-3.0, 9.0), (76.0, 11.0), (0, 0), (70.0, 2.0), (-4.0, -26.0), (84.0, -25.0)]
[(40.0, 368.0), (31.0, 375.0), (48.0, 376.0), (-7.0, 316.0), (76.0, 315.0), (12.0, 185.0), (60.0, 187.0), (1.0, 88.0), (72.0, 93.0), (-3.0, 10.0), (76.0, 12.0), (0, 0), (70.0, 3.0), (-4.0, -25.0), (83.0, -24.0)]
[(40.0, 366.0), (30.0, 374.0), (48.0, 374.0), (-7.0, 316.0), (76.0, 314.0), (12.0, 184.0), (60.0, 186.0), (1.0, 88.0), (72.0, 92.0), (-3.0, 10.0), (76.0, 11.0), (0, 0), (70.0, 2.0), (-4.0, -25.0), (84.0, -25.0)]
[(39.0, 365.0), (30.0, 373.0), (48.0, 373.0), (-7.0, 316.0), (76.0, 313.0), (11.0, 183.0), (61.0, 185.0), (1.0, 87.0), (72.0, 91.0), (-3.0, 10.0), (76.0, 11.0), (0, 0), (69.0, 1.0), (-4.0, -26.0), (84.0, -26.0)]
[(39.0, 363.0), (30.0, 371.0), (48.0, 372.0), (-6.0, 317.0), (76.0, 313.0), (11.0, 183.0), (61.0, 185.0), (1.0, 88.0), (72.0, 91.0), (-4.0, 10.0), (75.0, 11.0), (0, 0), (69.0, 1.0), (-5.0, -26.0), (84.0, -26.0)]
[(39.0, 362.0), (30.0, 370.0), (48.0, 371.0), (-6.0, 317.0), (76.0, 313.0), (11.0, 183.0), (61.0, 185.0), (1.0, 88.0), (72.0, 91.0), (-4.0, 10.0), (75.0, 11.0), (0, 0), (69.0, 2.0), (-5.0, -26.0), (84.0, -26.0)]
[(39.0, 360.0), (30.0, 368.0), (48.0, 369.0), (-6.0, 317.0), (76.0, 313.0), (11.0, 183.0), (61.0, 185.0), (1.0, 88.0), (72.0, 89.0), (-4.0, 10.0), (75.0, 11.0), (0, 0), (69.0, 2.0), (-5.0, -26.0), (84.0, -26.0)]
[(39.0, 357.0), (30.0, 366.0), (47.0, 366.0), (-5.0, 317.0), (76.0, 313.0), (11.0, 183.0), (61.0, 184.0), (1.0, 88.0), (72.0, 89.0), (-4.0, 10.0), (75.0, 10.0), (0, 0), (68.0, 1.0), (-5.0, -26.0), (83.0, -26.0)]
[(39.0, 354.0), (30.0, 363.0), (47.0, 363.0), (-5.0, 317.0), (76.0, 312.0), (11.0, 183.0), (61.0, 184.0), (2.0, 88.0), (72.0, 88.0), (-4.0, 10.0), (75.0, 10.0), (0, 0), (68.0, 1.0), (-5.0, -26.0), (83.0, -26.0)]
[(40.0, 351.0), (31.0, 360.0), (48.0, 360.0), (-4.0, 316.0), (77.0, 312.0), (13.0, 181.0), (63.0, 182.0), (3.0, 86.0), (73.0, 87.0), (-3.0, 11.0), (76.0, 10.0), (0, 0), (69.0, 1.0), (-4.0, -25.0), (84.0, -25.0)]
[(41.0, 349.0), (32.0, 358.0), (49.0, 358.0), (-3.0, 313.0), (78.0, 310.0), (14.0, 178.0), (64.0, 178.0), (4.0, 83.0), (74.0, 84.0), (-2.0, 11.0), (77.0, 10.0), (0, 0), (70.0, 1.0), (-2.0, -25.0), (86.0, -25.0)]
[(41.0, 343.0), (32.0, 352.0), (49.0, 352.0), (-3.0, 309.0), (78.0, 306.0), (14.0, 174.0), (64.0, 174.0), (4.0, 81.0), (75.0, 81.0), (-2.0, 11.0), (77.0, 10.0), (0, 0), (70.0, 1.0), (-2.0, -25.0), (86.0, -25.0)]
[(41.0, 338.0), (32.0, 348.0), (49.0, 347.0), (-2.0, 305.0), (78.0, 303.0), (14.0, 170.0), (65.0, 170.0), (4.0, 80.0), (75.0, 79.0), (-3.0, 10.0), (77.0, 10.0), (0, 0), (70.0, 1.0), (-2.0, -25.0), (87.0, -25.0)]
[(39.0, 334.0), (31.0, 344.0), (48.0, 343.0), (-3.0, 300.0), (77.0, 297.0), (14.0, 168.0), (64.0, 167.0), (3.0, 80.0), (74.0, 79.0), (-3.0, 10.0), (76.0, 10.0), (0, 0), (69.0, 1.0), (-3.0, -25.0), (86.0, -25.0)]
[(40.0, 328.0), (31.0, 337.0), (48.0, 336.0), (-2.0, 297.0), (77.0, 293.0), (14.0, 165.0), (64.0, 164.0), (3.0, 80.0), (74.0, 78.0), (-3.0, 11.0), (76.0, 9.0), (0, 0), (69.0, 1.0), (-3.0, -24.0), (86.0, -25.0)]
[(39.0, 321.0), (31.0, 330.0), (48.0, 330.0), (-2.0, 291.0), (77.0, 287.0), (14.0, 162.0), (64.0, 161.0), (4.0, 79.0), (74.0, 76.0), (-2.0, 11.0), (76.0, 9.0), (0, 0), (69.0, 2.0), (-3.0, -24.0), (86.0, -25.0)]
[(38.0, 315.0), (30.0, 323.0), (47.0, 323.0), (-2.0, 284.0), (76.0, 281.0), (13.0, 157.0), (63.0, 157.0), (4.0, 77.0), (73.0, 74.0), (-3.0, 10.0), (75.0, 8.0), (0, 0), (68.0, 1.0), (-4.0, -25.0), (85.0, -26.0)]
[(40.0, 289.0), (32.0, 298.0), (48.0, 298.0), (-1.0, 264.0), (75.0, 264.0), (14.0, 148.0), (62.0, 148.0), (6.0, 69.0), (73.0, 68.0), (-3.0, 10.0), (74.0, 9.0), (0, 0), (68.0, 2.0), (-4.0, -25.0), (84.0, -26.0)]
[(40.0, 280.0), (32.0, 289.0), (48.0, 288.0), (-0.0, 258.0), (75.0, 254.0), (14.0, 146.0), (61.0, 146.0), (8.0, 69.0), (73.0, 69.0), (-2.0, 9.0), (74.0, 10.0), (0, 0), (68.0, 4.0), (-4.0, -24.0), (84.0, -25.0)]
[(40.0, 273.0), (32.0, 282.0), (48.0, 281.0), (-0.0, 252.0), (75.0, 245.0), (14.0, 144.0), (61.0, 143.0), (8.0, 68.0), (72.0, 70.0), (-1.0, 9.0), (74.0, 10.0), (0, 0), (68.0, 3.0), (-4.0, -24.0), (84.0, -24.0)]
[(40.0, 264.0), (32.0, 274.0), (48.0, 273.0), (1.0, 243.0), (76.0, 236.0), (14.0, 144.0), (60.0, 143.0), (8.0, 69.0), (72.0, 70.0), (-1.0, 9.0), (74.0, 9.0), (0, 0), (69.0, 3.0), (-4.0, -25.0), (83.0, -25.0)]
[(39.0, 255.0), (32.0, 265.0), (47.0, 264.0), (2.0, 236.0), (77.0, 229.0), (14.0, 141.0), (60.0, 139.0), (8.0, 69.0), (71.0, 70.0), (-1.0, 9.0), (74.0, 9.0), (0, 0), (69.0, 3.0), (-4.0, -25.0), (82.0, -25.0)]
[(39.0, 244.0), (32.0, 253.0), (48.0, 253.0), (2.0, 227.0), (78.0, 221.0), (14.0, 137.0), (61.0, 135.0), (9.0, 73.0), (70.0, 72.0), (-1.0, 7.0), (74.0, 7.0), (0, 0), (70.0, 1.0), (-2.0, -28.0), (81.0, -27.0)]
[(39.0, 233.0), (32.0, 242.0), (47.0, 243.0), (3.0, 218.0), (78.0, 213.0), (15.0, 135.0), (61.0, 134.0), (13.0, 74.0), (70.0, 73.0), (-1.0, 7.0), (74.0, 5.0), (0, 0), (71.0, -2.0), (-1.0, -28.0), (81.0, -27.0)]
[(39.0, 226.0), (31.0, 235.0), (47.0, 235.0), (2.0, 210.0), (77.0, 207.0), (14.0, 133.0), (60.0, 132.0), (13.0, 78.0), (69.0, 71.0), (-1.0, 7.0), (73.0, 3.0), (0, 0), (70.0, -3.0), (-2.0, -28.0), (79.0, -27.0)]
[(40.0, 215.0), (32.0, 225.0), (48.0, 226.0), (3.0, 202.0), (79.0, 200.0), (15.0, 131.0), (61.0, 128.0), (13.0, 77.0), (71.0, 71.0), (-0.0, 7.0), (75.0, 3.0), (0, 0), (72.0, -3.0), (-1.0, -27.0), (80.0, -27.0)]
[(39.0, 208.0), (31.0, 218.0), (47.0, 219.0), (2.0, 197.0), (79.0, 192.0), (15.0, 127.0), (60.0, 124.0), (14.0, 84.0), (70.0, 74.0), (-1.0, 7.0), (74.0, 2.0), (0, 0), (71.0, -4.0), (-2.0, -28.0), (79.0, -28.0)]
[(40.0, 200.0), (32.0, 209.0), (49.0, 210.0), (3.0, 189.0), (80.0, 184.0), (15.0, 125.0), (60.0, 121.0), (14.0, 82.0), (71.0, 73.0), (-1.0, 6.0), (74.0, 0.0), (0, 0), (71.0, -6.0), (-1.0, -30.0), (79.0, -30.0)]
[(42.0, 194.0), (34.0, 203.0), (50.0, 204.0), (3.0, 182.0), (80.0, 178.0), (15.0, 120.0), (60.0, 118.0), (13.0, 82.0), (74.0, 75.0), (-1.0, 5.0), (74.0, 1.0), (0, 0), (71.0, -7.0), (-1.0, -29.0), (80.0, -29.0)]
[(42.0, 187.0), (34.0, 196.0), (51.0, 197.0), (3.0, 178.0), (82.0, 171.0), (15.0, 114.0), (60.0, 111.0), (10.0, 81.0), (75.0, 74.0), (-1.0, 6.0), (74.0, 1.0), (0, 0), (71.0, -6.0), (-1.0, -30.0), (80.0, -29.0)]
[(43.0, 187.0), (34.0, 196.0), (51.0, 197.0), (3.0, 178.0), (82.0, 171.0), (14.0, 113.0), (60.0, 110.0), (9.0, 81.0), (76.0, 74.0), (-1.0, 6.0), (75.0, 1.0), (0, 0), (71.0, -6.0), (-1.0, -30.0), (81.0, -29.0)]
[(44.0, 180.0), (35.0, 189.0), (53.0, 191.0), (4.0, 172.0), (83.0, 166.0), (15.0, 111.0), (60.0, 107.0), (7.0, 80.0), (76.0, 71.0), (-2.0, 6.0), (75.0, 1.0), (0, 0), (71.0, -6.0), (-2.0, -30.0), (81.0, -29.0)]
[(47.0, 172.0), (37.0, 181.0), (55.0, 181.0), (5.0, 165.0), (85.0, 156.0), (15.0, 100.0), (60.0, 95.0), (5.0, 77.0), (77.0, 72.0), (-2.0, 7.0), (76.0, 4.0), (0, 0), (71.0, -3.0), (-1.0, -28.0), (81.0, -27.0)]
[(49.0, 166.0), (39.0, 176.0), (58.0, 176.0), (6.0, 162.0), (86.0, 152.0), (16.0, 95.0), (60.0, 90.0), (4.0, 75.0), (78.0, 71.0), (-1.0, 7.0), (76.0, 5.0), (0, 0), (71.0, -2.0), (0.0, -27.0), (82.0, -26.0)]
[(49.0, 161.0), (39.0, 171.0), (58.0, 171.0), (6.0, 157.0), (87.0, 147.0), (16.0, 96.0), (60.0, 90.0), (4.0, 67.0), (78.0, 64.0), (-1.0, 7.0), (75.0, 5.0), (0, 0), (69.0, -2.0), (0.0, -27.0), (82.0, -26.0)]
[(49.0, 158.0), (39.0, 169.0), (58.0, 168.0), (6.0, 153.0), (87.0, 144.0), (16.0, 87.0), (60.0, 82.0), (3.0, 64.0), (79.0, 61.0), (-2.0, 7.0), (75.0, 5.0), (0, 0), (69.0, -2.0), (0.0, -27.0), (83.0, -26.0)]
[(49.0, 152.0), (40.0, 163.0), (58.0, 162.0), (6.0, 149.0), (86.0, 137.0), (16.0, 87.0), (60.0, 83.0), (-1.0, 59.0), (79.0, 57.0), (-2.0, 5.0), (75.0, 5.0), (0, 0), (70.0, -2.0), (0.0, -29.0), (83.0, -27.0)]
[(49.0, 150.0), (39.0, 161.0), (58.0, 161.0), (7.0, 149.0), (86.0, 136.0), (16.0, 86.0), (60.0, 82.0), (-2.0, 59.0), (80.0, 53.0), (-2.0, 6.0), (75.0, 6.0), (0, 0), (69.0, 1.0), (-1.0, -29.0), (82.0, -27.0)]
[(49.0, 153.0), (39.0, 162.0), (58.0, 162.0), (6.0, 149.0), (86.0, 136.0), (15.0, 85.0), (59.0, 80.0), (-4.0, 59.0), (79.0, 53.0), (-2.0, 5.0), (74.0, 7.0), (0, 0), (69.0, 1.0), (-2.0, -28.0), (81.0, -26.0)]
[(49.0, 156.0), (40.0, 166.0), (58.0, 166.0), (6.0, 149.0), (86.0, 139.0), (16.0, 87.0), (59.0, 82.0), (-3.0, 61.0), (79.0, 56.0), (-3.0, 5.0), (74.0, 7.0), (0, 0), (69.0, 1.0), (-2.0, -28.0), (81.0, -26.0)]
[(49.0, 160.0), (40.0, 170.0), (58.0, 169.0), (6.0, 153.0), (86.0, 142.0), (15.0, 89.0), (59.0, 84.0), (-3.0, 62.0), (78.0, 58.0), (-3.0, 6.0), (74.0, 7.0), (0, 0), (70.0, 1.0), (-2.0, -28.0), (81.0, -26.0)]
[(49.0, 167.0), (40.0, 177.0), (58.0, 177.0), (7.0, 163.0), (86.0, 148.0), (15.0, 105.0), (58.0, 99.0), (-0.0, 77.0), (74.0, 68.0), (-3.0, 6.0), (74.0, 5.0), (0, 0), (70.0, -2.0), (-2.0, -29.0), (80.0, -28.0)]
[(49.0, 179.0), (40.0, 188.0), (58.0, 188.0), (7.0, 171.0), (86.0, 157.0), (15.0, 112.0), (58.0, 106.0), (6.0, 75.0), (70.0, 69.0), (-3.0, 5.0), (74.0, 4.0), (0, 0), (70.0, -3.0), (-1.0, -29.0), (80.0, -28.0)]
[(49.0, 185.0), (40.0, 193.0), (58.0, 195.0), (8.0, 177.0), (85.0, 164.0), (15.0, 113.0), (58.0, 107.0), (11.0, 72.0), (70.0, 72.0), (-2.0, 4.0), (75.0, 1.0), (0, 0), (71.0, -5.0), (-1.0, -32.0), (80.0, -30.0)]
[(49.0, 197.0), (40.0, 206.0), (58.0, 206.0), (8.0, 187.0), (83.0, 172.0), (16.0, 117.0), (58.0, 112.0), (10.0, 72.0), (67.0, 68.0), (-1.0, 5.0), (75.0, 1.0), (0, 0), (73.0, -5.0), (-1.0, -32.0), (80.0, -30.0)]
[(49.0, 208.0), (41.0, 217.0), (58.0, 216.0), (8.0, 196.0), (83.0, 180.0), (16.0, 122.0), (58.0, 118.0), (10.0, 75.0), (65.0, 71.0), (-1.0, 5.0), (75.0, 1.0), (0, 0), (74.0, -6.0), (-1.0, -31.0), (79.0, -30.0)]
[(50.0, 221.0), (42.0, 230.0), (58.0, 229.0), (9.0, 208.0), (83.0, 193.0), (17.0, 127.0), (59.0, 123.0), (13.0, 80.0), (67.0, 72.0), (-0.0, 6.0), (76.0, 3.0), (0, 0), (75.0, -4.0), (0.0, -29.0), (80.0, -28.0)]
[(49.0, 231.0), (41.0, 240.0), (57.0, 239.0), (8.0, 216.0), (82.0, 201.0), (16.0, 134.0), (59.0, 131.0), (12.0, 81.0), (67.0, 73.0), (-0.0, 7.0), (76.0, 3.0), (0, 0), (74.0, -4.0), (-1.0, -28.0), (79.0, -28.0)]
[(49.0, 247.0), (41.0, 255.0), (57.0, 255.0), (7.0, 225.0), (82.0, 213.0), (15.0, 142.0), (59.0, 138.0), (13.0, 84.0), (67.0, 76.0), (-0.0, 8.0), (76.0, 5.0), (0, 0), (74.0, -3.0), (-1.0, -26.0), (80.0, -26.0)]
[(50.0, 247.0), (42.0, 257.0), (58.0, 256.0), (7.0, 226.0), (84.0, 214.0), (16.0, 145.0), (61.0, 141.0), (14.0, 84.0), (69.0, 76.0), (1.0, 9.0), (77.0, 7.0), (0, 0), (75.0, -2.0), (0.0, -25.0), (81.0, -25.0)]
[(50.0, 261.0), (43.0, 270.0), (58.0, 269.0), (6.0, 236.0), (84.0, 223.0), (16.0, 150.0), (62.0, 146.0), (15.0, 86.0), (69.0, 76.0), (1.0, 9.0), (78.0, 8.0), (0, 0), (75.0, -1.0), (0.0, -25.0), (81.0, -25.0)]
[(50.0, 274.0), (43.0, 283.0), (58.0, 283.0), (6.0, 246.0), (84.0, 233.0), (16.0, 153.0), (62.0, 149.0), (14.0, 87.0), (70.0, 76.0), (1.0, 10.0), (78.0, 9.0), (0, 0), (75.0, 0.0), (0.0, -24.0), (81.0, -24.0)]
[(50.0, 287.0), (43.0, 295.0), (57.0, 294.0), (4.0, 254.0), (83.0, 245.0), (15.0, 156.0), (61.0, 152.0), (12.0, 86.0), (70.0, 76.0), (-0.0, 10.0), (77.0, 9.0), (0, 0), (74.0, 1.0), (-1.0, -24.0), (81.0, -24.0)]
[(50.0, 314.0), (43.0, 323.0), (58.0, 321.0), (1.0, 268.0), (82.0, 265.0), (15.0, 158.0), (62.0, 157.0), (9.0, 85.0), (72.0, 77.0), (-0.0, 10.0), (77.0, 9.0), (0, 0), (73.0, 1.0), (-2.0, -24.0), (81.0, -24.0)]
[(51.0, 324.0), (44.0, 332.0), (58.0, 331.0), (2.0, 277.0), (83.0, 276.0), (16.0, 164.0), (63.0, 162.0), (7.0, 84.0), (74.0, 77.0), (-0.0, 10.0), (78.0, 9.0), (0, 0), (73.0, 1.0), (-2.0, -23.0), (84.0, -24.0)]
[(52.0, 336.0), (44.0, 344.0), (59.0, 343.0), (2.0, 286.0), (84.0, 285.0), (18.0, 168.0), (64.0, 167.0), (6.0, 85.0), (76.0, 80.0), (-1.0, 11.0), (79.0, 10.0), (0, 0), (74.0, 0.0), (-3.0, -22.0), (86.0, -23.0)]
[(53.0, 343.0), (45.0, 352.0), (61.0, 351.0), (3.0, 294.0), (86.0, 293.0), (19.0, 174.0), (66.0, 173.0), (7.0, 85.0), (77.0, 85.0), (-0.0, 11.0), (81.0, 10.0), (0, 0), (75.0, 1.0), (-1.0, -22.0), (88.0, -23.0)]
[(53.0, 358.0), (45.0, 367.0), (60.0, 366.0), (2.0, 307.0), (87.0, 304.0), (18.0, 184.0), (66.0, 180.0), (4.0, 90.0), (78.0, 89.0), (-1.0, 11.0), (81.0, 9.0), (0, 0), (75.0, -1.0), (-1.0, -23.0), (88.0, -25.0)]