[(38.0, 392.0), (29.0, 401.0), (46.0, 401.0), (-4.0, 350.0), (81.0, 349.0), (15.0, 206.0), (65.0, 207.0), (2.0, 107.0), (88.0, 107.0), (-7.0, 14.0), (104.0, 14.0), (0, 0), (99.0, 1.0), (-25.0, -20.0), (127.0, -16.0)]
[(36.0, 399.0), (27.0, 408.0), (45.0, 409.0), (-5.0, 354.0), (81.0, 355.0), (15.0, 210.0), (65.0, 211.0), (5.0, 109.0), (87.0, 111.0), (-7.0, 14.0), (103.0, 15.0), (0, 0), (98.0, 2.0), (-25.0, -19.0), (127.0, -15.0)]
[(35.0, 396.0), (26.0, 406.0), (44.0, 406.0), (-4.0, 354.0), (81.0, 355.0), (15.0, 210.0), (65.0, 210.0), (5.0, 109.0), (87.0, 111.0), (-6.0, 14.0), (102.0, 15.0), (0, 0), (98.0, 2.0), (-25.0, -19.0), (126.0, -15.0)]
[(35.0, 397.0), (26.0, 407.0), (45.0, 407.0), (-4.0, 355.0), (81.0, 356.0), (16.0, 209.0), (65.0, 209.0), (6.0, 108.0), (85.0, 109.0), (-6.0, 14.0), (101.0, 15.0), (0, 0), (97.0, 2.0), (-25.0, -20.0), (125.0, -15.0)]
[(33.0, 400.0), (25.0, 409.0), (43.0, 409.0), (-5.0, 356.0), (79.0, 357.0), (15.0, 210.0), (65.0, 211.0), (6.0, 108.0), (84.0, 109.0), (-7.0, 14.0), (100.0, 15.0), (0, 0), (96.0, 3.0), (-26.0, -19.0), (123.0, -14.0)]
[(32.0, 402.0), (24.0, 410.0), (42.0, 410.0), (-5.0, 357.0), (79.0, 358.0), (15.0, 211.0), (65.0, 212.0), (6.0, 108.0), (84.0, 111.0), (-7.0, 14.0), (100.0, 16.0), (0, 0), (96.0, 4.0), (-25.0, -19.0), (122.0, -13.0)]
[(32.0, 402.0), (24.0, 410.0), (42.0, 411.0), (-5.0, 356.0), (79.0, 357.0), (15.0, 210.0), (65.0, 211.0), (6.0, 108.0), (85.0, 110.0), (-7.0, 14.0), (100.0, 16.0), (0, 0), (96.0, 5.0), (-25.0, -19.0), (122.0, -13.0)]
[(32.0, 401.0), (24.0, 410.0), (42.0, 410.0), (-5.0, 356.0), (80.0, 358.0), (15.0, 210.0), (65.0, 211.0), (6.0, 108.0), (84.0, 110.0), (-7.0, 14.0), (100.0, 16.0), (0, 0), (96.0, 5.0), (-25.0, -19.0), (122.0, -13.0)]
[(32.0, 401.0), (24.0, 410.0), (43.0, 410.0), (-5.0, 356.0), (80.0, 358.0), (15.0, 210.0), (65.0, 211.0), (6.0, 107.0), (84.0, 110.0), (-6.0, 14.0), (100.0, 16.0), (0, 0), (96.0, 5.0), (-25.0, -20.0), (121.0, -13.0)]
[(31.0, 401.0), (23.0, 410.0), (42.0, 411.0), (-6.0, 356.0), (79.0, 357.0), (15.0, 210.0), (65.0, 211.0), (5.0, 107.0), (83.0, 110.0), (-7.0, 13.0), (99.0, 16.0), (0, 0), (95.0, 5.0), (-26.0, -20.0), (120.0, -13.0)]
[(31.0, 401.0), (23.0, 410.0), (42.0, 410.0), (-6.0, 356.0), (79.0, 357.0), (15.0, 210.0), (65.0, 212.0), (5.0, 107.0), (83.0, 110.0), (-7.0, 13.0), (99.0, 16.0), (0, 0), (95.0, 5.0), (-25.0, -20.0), (120.0, -13.0)]
[(32.0, 402.0), (24.0, 411.0), (43.0, 411.0), (-6.0, 357.0), (79.0, 358.0), (15.0, 211.0), (65.0, 212.0), (5.0, 108.0), (83.0, 111.0), (-7.0, 13.0), (98.0, 17.0), (0, 0), (95.0, 6.0), (-25.0, -20.0), (120.0, -12.0)]
[(33.0, 402.0), (25.0, 411.0), (43.0, 412.0), (-6.0, 357.0), (79.0, 358.0), (15.0, 211.0), (65.0, 212.0), (5.0, 108.0), (83.0, 111.0), (-7.0, 13.0), (98.0, 17.0), (0, 0), (95.0, 6.0), (-25.0, -20.0), (120.0, -12.0)]
[(33.0, 402.0), (25.0, 411.0), (43.0, 412.0), (-6.0, 357.0), (79.0, 358.0), (15.0, 211.0), (65.0, 212.0), (6.0, 108.0), (83.0, 111.0), (-7.0, 13.0), (98.0, 17.0), (0, 0), (95.0, 6.0), (-25.0, -20.0), (120.0, -12.0)]
[(34.0, 403.0), (25.0, 411.0), (44.0, 412.0), (-5.0, 357.0), (79.0, 358.0), (15.0, 211.0), (65.0, 212.0), (5.0, 108.0), (83.0, 111.0), (-7.0, 13.0), (98.0, 17.0), (0, 0), (95.0, 6.0), (-25.0, -20.0), (120.0, -12.0)]
[(34.0, 402.0), (25.0, 411.0), (44.0, 411.0), (-5.0, 357.0), (79.0, 358.0), (15.0, 211.0), (65.0, 212.0), (6.0, 108.0), (83.0, 111.0), (-7.0, 13.0), (98.0, 17.0), (0, 0), (95.0, 6.0), (-25.0, -20.0), (120.0, -11.0)]
[(34.0, 402.0), (25.0, 411.0), (44.0, 411.0), (-5.0, 357.0), (79.0, 358.0), (15.0, 211.0), (65.0, 212.0), (6.0, 108.0), (83.0, 111.0), (-7.0, 13.0), (98.0, 17.0), (0, 0), (95.0, 6.0), (-25.0, -20.0), (120.0, -11.0)]
[(34.0, 402.0), (25.0, 411.0), (44.0, 411.0), (-5.0, 357.0), (79.0, 358.0), (15.0, 211.0), (65.0, 213.0), (6.0, 108.0), (83.0, 111.0), (-7.0, 13.0), (98.0, 17.0), (0, 0), (95.0, 6.0), (-25.0, -20.0), (120.0, -11.0)]
[(34.0, 402.0), (25.0, 411.0), (44.0, 411.0), (-5.0, 358.0), (79.0, 358.0), (15.0, 212.0), (65.0, 213.0), (6.0, 108.0), (83.0, 111.0), (-7.0, 13.0), (98.0, 17.0), (0, 0), (95.0, 6.0), (-25.0, -20.0), (120.0, -11.0)]
[(34.0, 402.0), (25.0, 411.0), (44.0, 411.0), (-5.0, 358.0), (79.0, 358.0), (15.0, 212.0), (65.0, 213.0), (6.0, 108.0), (83.0, 111.0), (-7.0, 13.0), (98.0, 17.0), (0, 0), (95.0, 6.0), (-25.0, -20.0), (120.0, -11.0)]
[(34.0, 402.0), (26.0, 411.0), (45.0, 411.0), (-5.0, 358.0), (79.0, 358.0), (15.0, 212.0), (65.0, 214.0), (6.0, 108.0), (83.0, 112.0), (-7.0, 13.0), (98.0, 17.0), (0, 0), (95.0, 6.0), (-25.0, -20.0), (120.0, -11.0)]
[(35.0, 401.0), (26.0, 410.0), (45.0, 410.0), (-5.0, 357.0), (80.0, 357.0), (15.0, 211.0), (65.0, 213.0), (6.0, 107.0), (84.0, 111.0), (-7.0, 12.0), (98.0, 16.0), (0, 0), (95.0, 5.0), (-25.0, -21.0), (120.0, -12.0)]
[(35.0, 400.0), (26.0, 410.0), (46.0, 409.0), (-3.0, 357.0), (81.0, 357.0), (15.0, 211.0), (66.0, 213.0), (5.0, 107.0), (85.0, 110.0), (-7.0, 12.0), (98.0, 15.0), (0, 0), (95.0, 5.0), (-25.0, -21.0), (120.0, -12.0)]
[(35.0, 400.0), (26.0, 409.0), (46.0, 409.0), (-2.0, 357.0), (82.0, 356.0), (16.0, 211.0), (66.0, 213.0), (5.0, 107.0), (85.0, 110.0), (-7.0, 12.0), (98.0, 15.0), (0, 0), (95.0, 5.0), (-25.0, -21.0), (120.0, -13.0)]
[(42.0, 387.0), (31.0, 397.0), (51.0, 396.0), (-1.0, 350.0), (85.0, 346.0), (17.0, 203.0), (67.0, 205.0), (2.0, 106.0), (90.0, 108.0), (-7.0, 13.0), (98.0, 15.0), (0, 0), (95.0, 5.0), (-26.0, -21.0), (120.0, -13.0)]
[(44.0, 374.0), (32.0, 383.0), (53.0, 382.0), (-1.0, 338.0), (86.0, 336.0), (17.0, 192.0), (69.0, 194.0), (-3.0, 98.0), (95.0, 101.0), (-7.0, 11.0), (99.0, 13.0), (0, 0), (95.0, 3.0), (-26.0, -23.0), (121.0, -15.0)]
[(46.0, 372.0), (34.0, 382.0), (55.0, 381.0), (-0.0, 338.0), (88.0, 335.0), (18.0, 192.0), (70.0, 194.0), (-3.0, 98.0), (98.0, 101.0), (-7.0, 12.0), (101.0, 13.0), (0, 0), (96.0, 2.0), (-25.0, -23.0), (122.0, -15.0)]
[(48.0, 360.0), (36.0, 369.0), (56.0, 368.0), (1.0, 328.0), (90.0, 327.0), (19.0, 183.0), (71.0, 184.0), (-6.0, 94.0), (103.0, 95.0), (-8.0, 11.0), (104.0, 12.0), (0, 0), (97.0, 1.0), (-24.0, -24.0), (123.0, -16.0)]
[(51.0, 344.0), (39.0, 354.0), (59.0, 353.0), (3.0, 313.0), (93.0, 311.0), (21.0, 170.0), (73.0, 171.0), (-9.0, 86.0), (109.0, 88.0), (-7.0, 11.0), (107.0, 11.0), (0, 0), (100.0, 0.0), (-23.0, -25.0), (126.0, -18.0)]
[(50.0, 337.0), (39.0, 348.0), (59.0, 347.0), (3.0, 310.0), (93.0, 309.0), (21.0, 169.0), (73.0, 170.0), (-9.0, 85.0), (110.0, 86.0), (-7.0, 10.0), (107.0, 9.0), (0, 0), (101.0, -3.0), (-22.0, -26.0), (126.0, -20.0)]
[(51.0, 306.0), (40.0, 317.0), (60.0, 316.0), (3.0, 282.0), (94.0, 275.0), (21.0, 144.0), (74.0, 145.0), (-18.0, 76.0), (118.0, 69.0), (-8.0, 7.0), (109.0, 4.0), (0, 0), (102.0, -6.0), (-22.0, -30.0), (126.0, -25.0)]
[(52.0, 290.0), (41.0, 301.0), (61.0, 300.0), (4.0, 267.0), (95.0, 261.0), (22.0, 135.0), (75.0, 136.0), (-23.0, 70.0), (121.0, 69.0), (-9.0, 8.0), (109.0, 7.0), (0, 0), (102.0, -1.0), (-23.0, -29.0), (127.0, -24.0)]
[(51.0, 274.0), (41.0, 284.0), (61.0, 283.0), (5.0, 253.0), (95.0, 247.0), (22.0, 125.0), (75.0, 125.0), (-24.0, 64.0), (122.0, 65.0), (-9.0, 6.0), (110.0, 7.0), (0, 0), (102.0, -1.0), (-23.0, -31.0), (127.0, -25.0)]
[(51.0, 272.0), (42.0, 282.0), (61.0, 280.0), (5.0, 252.0), (95.0, 245.0), (22.0, 125.0), (75.0, 125.0), (-24.0, 62.0), (123.0, 62.0), (-9.0, 6.0), (110.0, 6.0), (0, 0), (102.0, -1.0), (-23.0, -31.0), (127.0, -26.0)]
[(54.0, 238.0), (45.0, 249.0), (63.0, 247.0), (6.0, 226.0), (95.0, 218.0), (22.0, 102.0), (75.0, 101.0), (-27.0, 55.0), (126.0, 55.0), (-10.0, 3.0), (110.0, 3.0), (0, 0), (102.0, -3.0), (-23.0, -34.0), (127.0, -29.0)]
[(54.0, 224.0), (44.0, 235.0), (64.0, 233.0), (7.0, 210.0), (95.0, 203.0), (21.0, 88.0), (74.0, 87.0), (-30.0, 52.0), (127.0, 54.0), (-9.0, 2.0), (110.0, 2.0), (0, 0), (102.0, -4.0), (-21.0, -37.0), (126.0, -32.0)]
[(53.0, 212.0), (43.0, 223.0), (63.0, 221.0), (7.0, 199.0), (95.0, 193.0), (20.0, 79.0), (73.0, 79.0), (-31.0, 52.0), (126.0, 54.0), (-10.0, 2.0), (109.0, 2.0), (0, 0), (101.0, -4.0), (-21.0, -37.0), (124.0, -33.0)]
[(53.0, 215.0), (44.0, 224.0), (63.0, 223.0), (6.0, 199.0), (94.0, 193.0), (19.0, 81.0), (71.0, 80.0), (-33.0, 50.0), (126.0, 52.0), (-11.0, 3.0), (108.0, 3.0), (0, 0), (100.0, -3.0), (-22.0, -35.0), (123.0, -32.0)]
[(53.0, 205.0), (43.0, 215.0), (63.0, 213.0), (6.0, 193.0), (95.0, 188.0), (19.0, 76.0), (71.0, 73.0), (-34.0, 49.0), (127.0, 52.0), (-10.0, 3.0), (108.0, 3.0), (0, 0), (100.0, -2.0), (-23.0, -35.0), (122.0, -31.0)]
[(52.0, 204.0), (42.0, 213.0), (62.0, 212.0), (5.0, 191.0), (94.0, 185.0), (18.0, 73.0), (70.0, 71.0), (-36.0, 48.0), (126.0, 51.0), (-11.0, 3.0), (107.0, 3.0), (0, 0), (99.0, -2.0), (-23.0, -35.0), (121.0, -32.0)]
[(52.0, 190.0), (42.0, 201.0), (62.0, 200.0), (6.0, 178.0), (94.0, 172.0), (18.0, 65.0), (69.0, 63.0), (-36.0, 49.0), (129.0, 51.0), (-10.0, 3.0), (107.0, 3.0), (0, 0), (99.0, -2.0), (-23.0, -35.0), (121.0, -32.0)]
[(50.0, 187.0), (42.0, 198.0), (62.0, 196.0), (5.0, 174.0), (94.0, 165.0), (18.0, 61.0), (69.0, 59.0), (-37.0, 50.0), (131.0, 52.0), (-10.0, 2.0), (106.0, 3.0), (0, 0), (99.0, -2.0), (-24.0, -35.0), (121.0, -32.0)]
[(49.0, 188.0), (41.0, 199.0), (61.0, 198.0), (4.0, 174.0), (93.0, 166.0), (17.0, 61.0), (68.0, 60.0), (-37.0, 52.0), (131.0, 53.0), (-10.0, 3.0), (105.0, 4.0), (0, 0), (97.0, -1.0), (-25.0, -34.0), (120.0, -31.0)]
[(50.0, 189.0), (41.0, 200.0), (61.0, 199.0), (4.0, 173.0), (93.0, 167.0), (17.0, 61.0), (68.0, 59.0), (-37.0, 53.0), (131.0, 55.0), (-9.0, 3.0), (105.0, 5.0), (0, 0), (97.0, 0.0), (-25.0, -33.0), (120.0, -30.0)]
[(50.0, 191.0), (41.0, 202.0), (61.0, 201.0), (4.0, 176.0), (92.0, 168.0), (16.0, 63.0), (67.0, 62.0), (-38.0, 53.0), (130.0, 54.0), (-9.0, 4.0), (105.0, 5.0), (0, 0), (97.0, 0.0), (-25.0, -33.0), (120.0, -30.0)]
[(50.0, 192.0), (41.0, 202.0), (61.0, 201.0), (4.0, 175.0), (91.0, 168.0), (15.0, 62.0), (67.0, 62.0), (-38.0, 53.0), (130.0, 54.0), (-9.0, 4.0), (105.0, 5.0), (0, 0), (97.0, 0.0), (-25.0, -33.0), (120.0, -30.0)]
[(50.0, 194.0), (42.0, 206.0), (61.0, 203.0), (4.0, 185.0), (92.0, 182.0), (17.0, 74.0), (68.0, 71.0), (-40.0, 58.0), (131.0, 56.0), (-10.0, 4.0), (106.0, 4.0), (0, 0), (98.0, -2.0), (-24.0, -34.0), (121.0, -31.0)]
[(49.0, 211.0), (41.0, 223.0), (58.0, 220.0), (3.0, 206.0), (91.0, 199.0), (17.0, 89.0), (68.0, 86.0), (-40.0, 63.0), (128.0, 60.0), (-11.0, 4.0), (107.0, 3.0), (0, 0), (99.0, -2.0), (-24.0, -34.0), (121.0, -31.0)]
[(48.0, 217.0), (42.0, 228.0), (57.0, 225.0), (3.0, 210.0), (92.0, 203.0), (19.0, 93.0), (69.0, 90.0), (-39.0, 65.0), (128.0, 63.0), (-11.0, 4.0), (108.0, 4.0), (0, 0), (100.0, -2.0), (-25.0, -34.0), (122.0, -31.0)]
[(49.0, 233.0), (43.0, 244.0), (59.0, 242.0), (3.0, 224.0), (92.0, 214.0), (19.0, 104.0), (70.0, 103.0), (-37.0, 67.0), (126.0, 64.0), (-11.0, 4.0), (109.0, 4.0), (0, 0), (102.0, -2.0), (-24.0, -33.0), (123.0, -31.0)]
[(49.0, 236.0), (43.0, 246.0), (59.0, 244.0), (3.0, 226.0), (91.0, 217.0), (20.0, 106.0), (70.0, 104.0), (-36.0, 67.0), (124.0, 65.0), (-11.0, 5.0), (110.0, 4.0), (0, 0), (103.0, -2.0), (-24.0, -33.0), (123.0, -31.0)]
[(49.0, 250.0), (44.0, 260.0), (58.0, 259.0), (4.0, 238.0), (91.0, 230.0), (20.0, 117.0), (71.0, 116.0), (-33.0, 68.0), (124.0, 66.0), (-11.0, 4.0), (111.0, 3.0), (0, 0), (104.0, -3.0), (-23.0, -34.0), (124.0, -32.0)]
[(47.0, 283.0), (40.0, 292.0), (56.0, 292.0), (4.0, 263.0), (92.0, 259.0), (22.0, 137.0), (73.0, 138.0), (-29.0, 78.0), (124.0, 75.0), (-11.0, 5.0), (113.0, 3.0), (0, 0), (105.0, -3.0), (-22.0, -35.0), (125.0, -32.0)]
[(45.0, 296.0), (38.0, 307.0), (54.0, 307.0), (2.0, 279.0), (92.0, 275.0), (22.0, 148.0), (74.0, 150.0), (-26.0, 85.0), (118.0, 85.0), (-11.0, 6.0), (113.0, 4.0), (0, 0), (106.0, -4.0), (-22.0, -34.0), (125.0, -32.0)]
[(44.0, 300.0), (36.0, 309.0), (53.0, 311.0), (2.0, 283.0), (92.0, 280.0), (22.0, 150.0), (75.0, 152.0), (-25.0, 86.0), (118.0, 86.0), (-10.0, 7.0), (113.0, 6.0), (0, 0), (106.0, -3.0), (-22.0, -33.0), (126.0, -30.0)]
[(45.0, 320.0), (37.0, 329.0), (54.0, 329.0), (2.0, 297.0), (92.0, 296.0), (22.0, 161.0), (75.0, 163.0), (-23.0, 87.0), (116.0, 88.0), (-10.0, 7.0), (113.0, 6.0), (0, 0), (106.0, -3.0), (-22.0, -33.0), (126.0, -30.0)]
[(45.0, 354.0), (37.0, 363.0), (54.0, 363.0), (2.0, 319.0), (91.0, 318.0), (23.0, 181.0), (76.0, 183.0), (-11.0, 98.0), (111.0, 99.0), (-9.0, 8.0), (113.0, 7.0), (0, 0), (107.0, -3.0), (-21.0, -32.0), (126.0, -29.0)]