[(52.0, 362.0), (44.0, 370.0), (60.0, 369.0), (2.0, 309.0), (87.0, 305.0), (18.0, 185.0), (67.0, 182.0), (4.0, 91.0), (78.0, 89.0), (-1.0, 11.0), (81.0, 9.0), (0, 0), (75.0, -1.0), (-1.0, -24.0), (89.0, -25.0)]
[(52.0, 362.0), (43.0, 370.0), (60.0, 370.0), (2.0, 310.0), (87.0, 307.0), (18.0, 188.0), (67.0, 185.0), (4.0, 95.0), (78.0, 93.0), (-1.0, 11.0), (80.0, 10.0), (0, 0), (75.0, 0.0), (-1.0, -24.0), (88.0, -25.0)]
[(50.0, 363.0), (42.0, 372.0), (58.0, 371.0), (1.0, 309.0), (86.0, 309.0), (17.0, 190.0), (66.0, 187.0), (4.0, 96.0), (77.0, 93.0), (-1.0, 11.0), (79.0, 10.0), (0, 0), (74.0, 1.0), (-2.0, -25.0), (87.0, -26.0)]
[(51.0, 362.0), (42.0, 370.0), (59.0, 371.0), (2.0, 311.0), (87.0, 311.0), (18.0, 187.0), (68.0, 185.0), (5.0, 95.0), (78.0, 93.0), (-1.0, 11.0), (80.0, 10.0), (0, 0), (75.0, 1.0), (-1.0, -25.0), (88.0, -26.0)]
[(49.0, 364.0), (41.0, 372.0), (57.0, 372.0), (2.0, 310.0), (87.0, 311.0), (19.0, 185.0), (68.0, 183.0), (5.0, 93.0), (79.0, 91.0), (-0.0, 10.0), (80.0, 10.0), (0, 0), (74.0, 0.0), (-1.0, -26.0), (89.0, -26.0)]
[(48.0, 364.0), (39.0, 372.0), (56.0, 372.0), (-0.0, 309.0), (86.0, 310.0), (18.0, 183.0), (68.0, 182.0), (4.0, 93.0), (79.0, 90.0), (-1.0, 10.0), (79.0, 10.0), (0, 0), (73.0, 0.0), (-1.0, -26.0), (88.0, -26.0)]
[(47.0, 363.0), (38.0, 371.0), (55.0, 372.0), (-0.0, 309.0), (86.0, 311.0), (18.0, 182.0), (68.0, 182.0), (4.0, 92.0), (79.0, 90.0), (-1.0, 10.0), (79.0, 10.0), (0, 0), (72.0, 0.0), (-1.0, -27.0), (88.0, -26.0)]
[(47.0, 363.0), (38.0, 371.0), (55.0, 372.0), (-0.0, 310.0), (86.0, 312.0), (18.0, 183.0), (68.0, 183.0), (4.0, 93.0), (79.0, 91.0), (-1.0, 11.0), (79.0, 11.0), (0, 0), (72.0, 1.0), (-1.0, -27.0), (88.0, -25.0)]
[(47.0, 364.0), (38.0, 372.0), (55.0, 373.0), (-0.0, 310.0), (85.0, 313.0), (18.0, 183.0), (68.0, 183.0), (5.0, 91.0), (79.0, 90.0), (-1.0, 11.0), (79.0, 11.0), (0, 0), (72.0, 2.0), (0.0, -27.0), (88.0, -25.0)]
[(47.0, 364.0), (38.0, 372.0), (55.0, 373.0), (1.0, 310.0), (86.0, 313.0), (19.0, 184.0), (69.0, 183.0), (6.0, 91.0), (80.0, 91.0), (-1.0, 10.0), (80.0, 11.0), (0, 0), (73.0, 2.0), (1.0, -27.0), (89.0, -25.0)]
[(47.0, 365.0), (38.0, 373.0), (55.0, 373.0), (-0.0, 311.0), (86.0, 314.0), (19.0, 185.0), (70.0, 185.0), (6.0, 92.0), (80.0, 92.0), (-1.0, 10.0), (80.0, 12.0), (0, 0), (73.0, 3.0), (1.0, -27.0), (89.0, -25.0)]
[(47.0, 364.0), (38.0, 372.0), (55.0, 373.0), (-0.0, 311.0), (86.0, 314.0), (19.0, 184.0), (70.0, 184.0), (6.0, 92.0), (80.0, 93.0), (-1.0, 10.0), (79.0, 12.0), (0, 0), (73.0, 3.0), (1.0, -27.0), (89.0, -25.0)]
[(47.0, 364.0), (38.0, 372.0), (55.0, 373.0), (-0.0, 312.0), (85.0, 314.0), (19.0, 184.0), (70.0, 185.0), (6.0, 91.0), (80.0, 93.0), (-1.0, 10.0), (79.0, 11.0), (0, 0), (73.0, 2.0), (1.0, -27.0), (89.0, -25.0)]
[(47.0, 365.0), (37.0, 373.0), (55.0, 373.0), (-0.0, 312.0), (85.0, 314.0), (19.0, 184.0), (70.0, 184.0), (6.0, 91.0), (80.0, 93.0), (-1.0, 9.0), (79.0, 11.0), (0, 0), (73.0, 2.0), (1.0, -27.0), (89.0, -25.0)]
[(46.0, 365.0), (37.0, 373.0), (55.0, 373.0), (-0.0, 312.0), (85.0, 315.0), (19.0, 184.0), (69.0, 184.0), (6.0, 90.0), (80.0, 92.0), (-1.0, 9.0), (79.0, 11.0), (0, 0), (73.0, 2.0), (1.0, -27.0), (89.0, -25.0)]
[(46.0, 366.0), (37.0, 374.0), (55.0, 375.0), (-0.0, 314.0), (85.0, 317.0), (19.0, 186.0), (69.0, 186.0), (6.0, 91.0), (80.0, 94.0), (-1.0, 10.0), (79.0, 13.0), (0, 0), (72.0, 4.0), (0.0, -25.0), (89.0, -23.0)]
[(46.0, 365.0), (37.0, 373.0), (54.0, 374.0), (-0.0, 313.0), (85.0, 316.0), (20.0, 184.0), (70.0, 185.0), (6.0, 90.0), (81.0, 91.0), (-1.0, 9.0), (79.0, 11.0), (0, 0), (73.0, 3.0), (0.0, -26.0), (89.0, -24.0)]
[(45.0, 366.0), (36.0, 374.0), (53.0, 375.0), (-1.0, 314.0), (84.0, 317.0), (19.0, 185.0), (68.0, 186.0), (6.0, 90.0), (80.0, 92.0), (-2.0, 10.0), (78.0, 12.0), (0, 0), (72.0, 4.0), (-1.0, -25.0), (88.0, -23.0)]
[(44.0, 367.0), (35.0, 375.0), (52.0, 375.0), (-2.0, 314.0), (83.0, 316.0), (18.0, 185.0), (67.0, 186.0), (4.0, 90.0), (80.0, 92.0), (-3.0, 10.0), (77.0, 12.0), (0, 0), (70.0, 3.0), (-2.0, -25.0), (86.0, -24.0)]
[(44.0, 365.0), (35.0, 374.0), (52.0, 374.0), (-2.0, 313.0), (83.0, 315.0), (17.0, 185.0), (66.0, 185.0), (4.0, 90.0), (80.0, 92.0), (-2.0, 9.0), (77.0, 12.0), (0, 0), (70.0, 3.0), (-2.0, -26.0), (86.0, -25.0)]
[(44.0, 365.0), (34.0, 373.0), (52.0, 374.0), (-2.0, 313.0), (83.0, 315.0), (17.0, 185.0), (66.0, 185.0), (4.0, 90.0), (80.0, 92.0), (-2.0, 9.0), (77.0, 12.0), (0, 0), (70.0, 3.0), (-2.0, -26.0), (86.0, -25.0)]
[(44.0, 365.0), (34.0, 373.0), (52.0, 374.0), (-2.0, 314.0), (82.0, 315.0), (17.0, 184.0), (65.0, 185.0), (4.0, 89.0), (81.0, 92.0), (-2.0, 9.0), (77.0, 12.0), (0, 0), (69.0, 3.0), (-2.0, -26.0), (86.0, -25.0)]
[(43.0, 365.0), (33.0, 373.0), (51.0, 373.0), (-4.0, 314.0), (81.0, 315.0), (16.0, 184.0), (65.0, 185.0), (3.0, 89.0), (80.0, 92.0), (-3.0, 9.0), (76.0, 12.0), (0, 0), (68.0, 3.0), (-4.0, -26.0), (85.0, -25.0)]
[(43.0, 364.0), (33.0, 372.0), (51.0, 372.0), (-4.0, 316.0), (81.0, 315.0), (16.0, 185.0), (65.0, 185.0), (3.0, 89.0), (80.0, 92.0), (-3.0, 9.0), (76.0, 12.0), (0, 0), (68.0, 3.0), (-4.0, -26.0), (86.0, -25.0)]
[(43.0, 363.0), (33.0, 371.0), (51.0, 372.0), (-3.0, 317.0), (81.0, 316.0), (16.0, 185.0), (65.0, 186.0), (4.0, 90.0), (80.0, 92.0), (-3.0, 10.0), (76.0, 13.0), (0, 0), (68.0, 4.0), (-4.0, -25.0), (86.0, -24.0)]
[(43.0, 356.0), (33.0, 365.0), (51.0, 365.0), (-3.0, 317.0), (81.0, 315.0), (16.0, 185.0), (66.0, 185.0), (4.0, 90.0), (80.0, 92.0), (-3.0, 10.0), (76.0, 12.0), (0, 0), (68.0, 4.0), (-4.0, -25.0), (86.0, -24.0)]
[(43.0, 350.0), (34.0, 360.0), (51.0, 360.0), (-2.0, 317.0), (80.0, 314.0), (17.0, 184.0), (66.0, 184.0), (5.0, 90.0), (81.0, 91.0), (-3.0, 10.0), (76.0, 12.0), (0, 0), (69.0, 3.0), (-4.0, -25.0), (85.0, -24.0)]
[(43.0, 346.0), (34.0, 356.0), (50.0, 356.0), (-2.0, 315.0), (79.0, 313.0), (17.0, 183.0), (67.0, 182.0), (5.0, 89.0), (81.0, 89.0), (-3.0, 10.0), (76.0, 10.0), (0, 0), (69.0, 2.0), (-4.0, -25.0), (85.0, -25.0)]
[(43.0, 342.0), (34.0, 351.0), (50.0, 351.0), (-1.0, 312.0), (80.0, 311.0), (18.0, 180.0), (68.0, 178.0), (6.0, 87.0), (82.0, 87.0), (-2.0, 10.0), (78.0, 10.0), (0, 0), (71.0, 2.0), (-3.0, -25.0), (86.0, -25.0)]
[(43.0, 341.0), (34.0, 351.0), (50.0, 351.0), (-1.0, 312.0), (80.0, 311.0), (18.0, 178.0), (68.0, 178.0), (6.0, 87.0), (82.0, 87.0), (-2.0, 10.0), (78.0, 11.0), (0, 0), (72.0, 3.0), (-3.0, -25.0), (87.0, -24.0)]
[(43.0, 335.0), (34.0, 346.0), (50.0, 346.0), (-1.0, 308.0), (79.0, 308.0), (18.0, 174.0), (68.0, 174.0), (6.0, 86.0), (82.0, 84.0), (-2.0, 10.0), (79.0, 11.0), (0, 0), (72.0, 3.0), (-3.0, -24.0), (87.0, -24.0)]
[(43.0, 334.0), (35.0, 344.0), (50.0, 344.0), (-1.0, 303.0), (79.0, 305.0), (19.0, 170.0), (69.0, 170.0), (6.0, 85.0), (82.0, 81.0), (-2.0, 10.0), (79.0, 11.0), (0, 0), (72.0, 3.0), (-3.0, -24.0), (87.0, -23.0)]
[(42.0, 326.0), (34.0, 336.0), (49.0, 336.0), (-2.0, 301.0), (78.0, 302.0), (18.0, 168.0), (68.0, 167.0), (5.0, 83.0), (81.0, 80.0), (-3.0, 11.0), (78.0, 10.0), (0, 0), (71.0, 3.0), (-4.0, -23.0), (86.0, -24.0)]
[(41.0, 319.0), (33.0, 330.0), (48.0, 329.0), (-2.0, 295.0), (77.0, 295.0), (17.0, 165.0), (67.0, 163.0), (5.0, 81.0), (80.0, 76.0), (-3.0, 10.0), (76.0, 9.0), (0, 0), (69.0, 2.0), (-4.0, -24.0), (85.0, -25.0)]
[(39.0, 314.0), (30.0, 323.0), (46.0, 323.0), (-3.0, 289.0), (75.0, 289.0), (15.0, 161.0), (65.0, 159.0), (4.0, 80.0), (78.0, 73.0), (-4.0, 10.0), (74.0, 9.0), (0, 0), (67.0, 2.0), (-6.0, -23.0), (83.0, -25.0)]
[(41.0, 307.0), (32.0, 316.0), (47.0, 315.0), (-1.0, 283.0), (74.0, 283.0), (16.0, 156.0), (65.0, 154.0), (4.0, 78.0), (77.0, 72.0), (-3.0, 10.0), (74.0, 9.0), (0, 0), (66.0, 1.0), (-6.0, -23.0), (83.0, -25.0)]
[(43.0, 300.0), (34.0, 310.0), (48.0, 308.0), (1.0, 276.0), (74.0, 275.0), (17.0, 154.0), (65.0, 152.0), (4.0, 76.0), (76.0, 71.0), (-3.0, 9.0), (73.0, 8.0), (0, 0), (66.0, 0.0), (-6.0, -23.0), (82.0, -25.0)]
[(43.0, 291.0), (34.0, 299.0), (48.0, 298.0), (2.0, 267.0), (74.0, 266.0), (17.0, 154.0), (65.0, 152.0), (4.0, 76.0), (72.0, 72.0), (-3.0, 9.0), (73.0, 9.0), (0, 0), (66.0, 2.0), (-6.0, -22.0), (82.0, -23.0)]
[(41.0, 275.0), (32.0, 286.0), (47.0, 285.0), (-1.0, 260.0), (72.0, 258.0), (14.0, 152.0), (62.0, 150.0), (2.0, 74.0), (67.0, 72.0), (-4.0, 8.0), (71.0, 8.0), (0, 0), (64.0, 2.0), (-8.0, -23.0), (80.0, -24.0)]
[(41.0, 267.0), (32.0, 277.0), (47.0, 277.0), (-1.0, 253.0), (72.0, 251.0), (14.0, 150.0), (60.0, 149.0), (3.0, 74.0), (65.0, 72.0), (-4.0, 8.0), (70.0, 8.0), (0, 0), (65.0, 3.0), (-7.0, -23.0), (79.0, -24.0)]
[(41.0, 267.0), (33.0, 277.0), (48.0, 276.0), (1.0, 251.0), (73.0, 248.0), (15.0, 149.0), (61.0, 148.0), (4.0, 72.0), (67.0, 71.0), (-3.0, 8.0), (71.0, 8.0), (0, 0), (66.0, 2.0), (-6.0, -25.0), (80.0, -25.0)]
[(41.0, 256.0), (34.0, 267.0), (49.0, 266.0), (3.0, 245.0), (75.0, 241.0), (17.0, 147.0), (62.0, 147.0), (7.0, 68.0), (68.0, 67.0), (-2.0, 8.0), (73.0, 8.0), (0, 0), (68.0, 2.0), (-4.0, -26.0), (82.0, -25.0)]
[(41.0, 217.0), (34.0, 227.0), (49.0, 227.0), (3.0, 217.0), (76.0, 211.0), (17.0, 144.0), (61.0, 145.0), (11.0, 68.0), (67.0, 68.0), (-2.0, 8.0), (73.0, 8.0), (0, 0), (70.0, 2.0), (-4.0, -26.0), (81.0, -25.0)]
[(40.0, 208.0), (32.0, 217.0), (47.0, 217.0), (3.0, 209.0), (76.0, 202.0), (16.0, 138.0), (59.0, 137.0), (13.0, 68.0), (66.0, 67.0), (-1.0, 7.0), (73.0, 5.0), (0, 0), (70.0, 0.0), (-2.0, -26.0), (80.0, -26.0)]
[(40.0, 199.0), (32.0, 209.0), (47.0, 209.0), (3.0, 200.0), (76.0, 188.0), (15.0, 133.0), (58.0, 131.0), (14.0, 70.0), (64.0, 70.0), (-1.0, 7.0), (73.0, 3.0), (0, 0), (70.0, -2.0), (-2.0, -27.0), (79.0, -27.0)]
[(40.0, 189.0), (33.0, 199.0), (48.0, 199.0), (3.0, 192.0), (78.0, 182.0), (14.0, 130.0), (57.0, 125.0), (15.0, 72.0), (65.0, 67.0), (-1.0, 6.0), (73.0, 3.0), (0, 0), (71.0, -3.0), (-2.0, -27.0), (79.0, -27.0)]
[(41.0, 174.0), (33.0, 184.0), (49.0, 184.0), (2.0, 176.0), (79.0, 168.0), (11.0, 119.0), (57.0, 113.0), (14.0, 78.0), (67.0, 69.0), (-1.0, 6.0), (73.0, 3.0), (0, 0), (71.0, -3.0), (-2.0, -27.0), (80.0, -27.0)]
[(42.0, 165.0), (34.0, 175.0), (50.0, 175.0), (2.0, 173.0), (81.0, 163.0), (13.0, 118.0), (58.0, 114.0), (15.0, 78.0), (69.0, 69.0), (-0.0, 7.0), (74.0, 4.0), (0, 0), (72.0, -3.0), (-1.0, -27.0), (81.0, -26.0)]
[(42.0, 165.0), (34.0, 175.0), (51.0, 176.0), (2.0, 172.0), (81.0, 163.0), (13.0, 117.0), (58.0, 115.0), (15.0, 78.0), (69.0, 70.0), (-0.0, 6.0), (74.0, 4.0), (0, 0), (72.0, -2.0), (-1.0, -27.0), (81.0, -26.0)]
[(41.0, 160.0), (33.0, 171.0), (50.0, 170.0), (1.0, 170.0), (81.0, 158.0), (11.0, 112.0), (57.0, 108.0), (12.0, 77.0), (68.0, 68.0), (-1.0, 7.0), (73.0, 4.0), (0, 0), (71.0, -1.0), (-2.0, -28.0), (80.0, -26.0)]
[(41.0, 154.0), (33.0, 164.0), (49.0, 164.0), (1.0, 163.0), (81.0, 154.0), (11.0, 111.0), (57.0, 106.0), (11.0, 69.0), (68.0, 64.0), (-1.0, 6.0), (74.0, 3.0), (0, 0), (71.0, -3.0), (-2.0, -29.0), (80.0, -28.0)]
[(41.0, 150.0), (33.0, 160.0), (49.0, 161.0), (1.0, 161.0), (81.0, 153.0), (12.0, 108.0), (57.0, 104.0), (9.0, 68.0), (69.0, 62.0), (-1.0, 7.0), (74.0, 3.0), (0, 0), (71.0, -2.0), (-3.0, -29.0), (80.0, -28.0)]
[(41.0, 146.0), (33.0, 155.0), (49.0, 156.0), (1.0, 155.0), (82.0, 149.0), (12.0, 105.0), (58.0, 101.0), (9.0, 67.0), (69.0, 59.0), (-1.0, 6.0), (74.0, 2.0), (0, 0), (71.0, -3.0), (-3.0, -30.0), (80.0, -29.0)]
[(41.0, 144.0), (33.0, 154.0), (49.0, 154.0), (-0.0, 153.0), (82.0, 149.0), (12.0, 104.0), (58.0, 102.0), (9.0, 64.0), (69.0, 58.0), (-1.0, 6.0), (74.0, 2.0), (0, 0), (71.0, -3.0), (-3.0, -30.0), (81.0, -29.0)]
[(42.0, 143.0), (34.0, 153.0), (51.0, 152.0), (1.0, 153.0), (83.0, 146.0), (15.0, 103.0), (59.0, 101.0), (10.0, 64.0), (70.0, 57.0), (-0.0, 5.0), (75.0, 3.0), (0, 0), (72.0, -3.0), (-2.0, -31.0), (83.0, -29.0)]
[(42.0, 141.0), (34.0, 151.0), (51.0, 151.0), (1.0, 151.0), (83.0, 144.0), (16.0, 102.0), (61.0, 101.0), (10.0, 62.0), (71.0, 55.0), (-0.0, 5.0), (75.0, 3.0), (0, 0), (72.0, -2.0), (-3.0, -31.0), (83.0, -29.0)]
[(42.0, 138.0), (34.0, 148.0), (51.0, 149.0), (1.0, 148.0), (83.0, 141.0), (17.0, 100.0), (61.0, 98.0), (10.0, 61.0), (72.0, 53.0), (-0.0, 5.0), (75.0, 2.0), (0, 0), (72.0, -3.0), (-3.0, -32.0), (83.0, -30.0)]
[(42.0, 138.0), (34.0, 148.0), (51.0, 148.0), (1.0, 147.0), (83.0, 142.0), (17.0, 101.0), (62.0, 99.0), (8.0, 61.0), (73.0, 54.0), (-0.0, 5.0), (75.0, 3.0), (0, 0), (72.0, -2.0), (-3.0, -31.0), (84.0, -29.0)]
[(42.0, 140.0), (34.0, 150.0), (51.0, 150.0), (2.0, 148.0), (84.0, 143.0), (18.0, 103.0), (62.0, 101.0), (9.0, 59.0), (73.0, 54.0), (-0.0, 5.0), (75.0, 3.0), (0, 0), (72.0, -2.0), (-4.0, -31.0), (84.0, -29.0)]
[(42.0, 141.0), (34.0, 150.0), (51.0, 150.0), (2.0, 149.0), (84.0, 143.0), (18.0, 104.0), (62.0, 101.0), (9.0, 59.0), (73.0, 54.0), (-0.0, 5.0), (75.0, 3.0), (0, 0), (72.0, -1.0), (-4.0, -30.0), (83.0, -29.0)]
[(43.0, 144.0), (34.0, 154.0), (51.0, 154.0), (1.0, 149.0), (84.0, 145.0), (18.0, 104.0), (62.0, 101.0), (8.0, 60.0), (73.0, 56.0), (-0.0, 6.0), (76.0, 4.0), (0, 0), (72.0, 0.0), (-4.0, -29.0), (84.0, -28.0)]
[(44.0, 146.0), (35.0, 155.0), (52.0, 155.0), (2.0, 151.0), (84.0, 146.0), (18.0, 103.0), (62.0, 99.0), (10.0, 61.0), (73.0, 56.0), (-0.0, 6.0), (76.0, 4.0), (0, 0), (72.0, 0.0), (-4.0, -29.0), (84.0, -28.0)]
[(44.0, 150.0), (35.0, 159.0), (53.0, 159.0), (3.0, 153.0), (84.0, 147.0), (18.0, 103.0), (62.0, 99.0), (14.0, 59.0), (73.0, 57.0), (-0.0, 5.0), (76.0, 3.0), (0, 0), (72.0, -2.0), (-4.0, -31.0), (84.0, -29.0)]
[(47.0, 159.0), (38.0, 169.0), (56.0, 169.0), (5.0, 163.0), (85.0, 152.0), (18.0, 104.0), (62.0, 99.0), (15.0, 66.0), (74.0, 60.0), (-0.0, 5.0), (77.0, 4.0), (0, 0), (73.0, -1.0), (-2.0, -31.0), (85.0, -28.0)]
[(48.0, 168.0), (38.0, 176.0), (57.0, 177.0), (5.0, 166.0), (85.0, 156.0), (18.0, 107.0), (62.0, 102.0), (15.0, 70.0), (73.0, 63.0), (1.0, 3.0), (76.0, 2.0), (0, 0), (73.0, -2.0), (-2.0, -33.0), (84.0, -31.0)]
[(51.0, 213.0), (42.0, 222.0), (61.0, 222.0), (8.0, 198.0), (89.0, 185.0), (21.0, 119.0), (65.0, 115.0), (19.0, 69.0), (72.0, 69.0), (2.0, 3.0), (78.0, 2.0), (0, 0), (74.0, -2.0), (0.0, -33.0), (85.0, -31.0)]
[(52.0, 229.0), (43.0, 238.0), (62.0, 237.0), (8.0, 207.0), (90.0, 196.0), (21.0, 128.0), (66.0, 125.0), (21.0, 68.0), (72.0, 73.0), (2.0, 4.0), (78.0, 3.0), (0, 0), (75.0, -2.0), (0.0, -31.0), (85.0, -30.0)]
[(55.0, 243.0), (46.0, 251.0), (64.0, 251.0), (10.0, 215.0), (94.0, 205.0), (23.0, 132.0), (69.0, 127.0), (23.0, 67.0), (74.0, 70.0), (3.0, 4.0), (80.0, 3.0), (0, 0), (77.0, -3.0), (2.0, -31.0), (87.0, -30.0)]
[(54.0, 257.0), (46.0, 267.0), (64.0, 266.0), (9.0, 229.0), (93.0, 217.0), (22.0, 141.0), (69.0, 135.0), (21.0, 70.0), (73.0, 71.0), (2.0, 5.0), (80.0, 6.0), (0, 0), (76.0, 0.0), (2.0, -27.0), (86.0, -27.0)]
[(53.0, 273.0), (45.0, 282.0), (63.0, 281.0), (8.0, 242.0), (93.0, 230.0), (21.0, 142.0), (69.0, 136.0), (20.0, 69.0), (72.0, 70.0), (2.0, 6.0), (79.0, 7.0), (0, 0), (75.0, 1.0), (1.0, -27.0), (86.0, -27.0)]
[(53.0, 287.0), (45.0, 297.0), (62.0, 295.0), (7.0, 251.0), (92.0, 241.0), (21.0, 144.0), (69.0, 141.0), (16.0, 69.0), (72.0, 68.0), (1.0, 7.0), (78.0, 7.0), (0, 0), (74.0, 0.0), (0.0, -27.0), (85.0, -27.0)]
[(54.0, 302.0), (45.0, 312.0), (62.0, 310.0), (4.0, 260.0), (90.0, 253.0), (20.0, 147.0), (67.0, 145.0), (11.0, 69.0), (72.0, 68.0), (-1.0, 7.0), (76.0, 7.0), (0, 0), (71.0, 0.0), (-3.0, -27.0), (84.0, -27.0)]
[(53.0, 316.0), (45.0, 326.0), (61.0, 324.0), (4.0, 271.0), (90.0, 267.0), (21.0, 154.0), (67.0, 154.0), (9.0, 71.0), (74.0, 70.0), (-1.0, 7.0), (76.0, 9.0), (0, 0), (70.0, 2.0), (-4.0, -25.0), (84.0, -25.0)]
[(53.0, 329.0), (44.0, 338.0), (61.0, 337.0), (3.0, 280.0), (89.0, 277.0), (21.0, 159.0), (67.0, 158.0), (7.0, 72.0), (75.0, 71.0), (-1.0, 7.0), (75.0, 8.0), (0, 0), (69.0, 1.0), (-4.0, -25.0), (85.0, -25.0)]
[(54.0, 338.0), (45.0, 348.0), (62.0, 347.0), (2.0, 292.0), (90.0, 288.0), (21.0, 169.0), (68.0, 167.0), (8.0, 77.0), (76.0, 75.0), (-1.0, 9.0), (76.0, 9.0), (0, 0), (70.0, 0.0), (-3.0, -23.0), (88.0, -24.0)]
[(54.0, 347.0), (46.0, 357.0), (63.0, 357.0), (2.0, 300.0), (91.0, 295.0), (21.0, 175.0), (69.0, 173.0), (8.0, 82.0), (77.0, 78.0), (-0.0, 9.0), (77.0, 9.0), (0, 0), (70.0, 0.0), (-2.0, -23.0), (89.0, -24.0)]
[(55.0, 355.0), (46.0, 365.0), (63.0, 365.0), (3.0, 305.0), (93.0, 300.0), (20.0, 179.0), (70.0, 175.0), (9.0, 84.0), (79.0, 80.0), (-0.0, 10.0), (78.0, 10.0), (0, 0), (71.0, 1.0), (-1.0, -23.0), (90.0, -24.0)]
[(55.0, 362.0), (47.0, 371.0), (64.0, 371.0), (3.0, 307.0), (94.0, 303.0), (18.0, 181.0), (70.0, 176.0), (8.0, 86.0), (80.0, 82.0), (-0.0, 10.0), (79.0, 9.0), (0, 0), (72.0, 1.0), (0.0, -24.0), (91.0, -25.0)]