[(38.0, 349.0), (29.0, 358.0), (46.0, 357.0), (-9.0, 296.0), (78.0, 298.0), (11.0, 179.0), (62.0, 180.0), (-4.0, 94.0), (71.0, 89.0), (-8.0, 14.0), (65.0, 16.0), (0, 0), (57.0, 7.0), (-27.0, -15.0), (75.0, -16.0)]
[(37.0, 354.0), (29.0, 363.0), (46.0, 362.0), (-10.0, 300.0), (78.0, 299.0), (11.0, 178.0), (62.0, 178.0), (-6.0, 91.0), (71.0, 86.0), (-8.0, 13.0), (65.0, 14.0), (0, 0), (57.0, 5.0), (-27.0, -18.0), (75.0, -19.0)]
[(36.0, 359.0), (27.0, 368.0), (44.0, 368.0), (-11.0, 305.0), (77.0, 302.0), (10.0, 181.0), (61.0, 181.0), (-7.0, 92.0), (70.0, 87.0), (-9.0, 13.0), (64.0, 14.0), (0, 0), (56.0, 5.0), (-28.0, -19.0), (74.0, -19.0)]
[(36.0, 365.0), (27.0, 374.0), (44.0, 373.0), (-11.0, 309.0), (77.0, 307.0), (10.0, 185.0), (61.0, 186.0), (-7.0, 94.0), (70.0, 90.0), (-9.0, 13.0), (65.0, 14.0), (0, 0), (57.0, 5.0), (-29.0, -19.0), (74.0, -18.0)]
[(35.0, 380.0), (27.0, 388.0), (44.0, 387.0), (-14.0, 318.0), (76.0, 317.0), (9.0, 193.0), (59.0, 193.0), (-6.0, 100.0), (68.0, 99.0), (-9.0, 14.0), (65.0, 15.0), (0, 0), (57.0, 6.0), (-29.0, -18.0), (75.0, -17.0)]
[(35.0, 381.0), (26.0, 389.0), (43.0, 389.0), (-15.0, 321.0), (76.0, 320.0), (8.0, 193.0), (59.0, 194.0), (-4.0, 100.0), (68.0, 100.0), (-9.0, 14.0), (65.0, 16.0), (0, 0), (57.0, 6.0), (-29.0, -18.0), (75.0, -17.0)]
[(33.0, 381.0), (24.0, 390.0), (41.0, 389.0), (-17.0, 322.0), (73.0, 321.0), (5.0, 195.0), (56.0, 196.0), (-5.0, 103.0), (64.0, 105.0), (-9.0, 14.0), (65.0, 18.0), (0, 0), (59.0, 9.0), (-30.0, -18.0), (73.0, -17.0)]
[(30.0, 381.0), (21.0, 388.0), (38.0, 389.0), (-19.0, 323.0), (71.0, 321.0), (2.0, 196.0), (52.0, 197.0), (-7.0, 104.0), (61.0, 106.0), (-10.0, 14.0), (63.0, 18.0), (0, 0), (56.0, 8.0), (-33.0, -18.0), (71.0, -17.0)]
[(29.0, 380.0), (20.0, 389.0), (38.0, 389.0), (-20.0, 321.0), (71.0, 320.0), (1.0, 193.0), (51.0, 195.0), (-7.0, 102.0), (62.0, 104.0), (-9.0, 14.0), (63.0, 18.0), (0, 0), (56.0, 8.0), (-33.0, -18.0), (72.0, -17.0)]
[(29.0, 381.0), (20.0, 389.0), (37.0, 389.0), (-19.0, 323.0), (70.0, 321.0), (1.0, 193.0), (51.0, 194.0), (-7.0, 103.0), (62.0, 104.0), (-9.0, 14.0), (63.0, 19.0), (0, 0), (56.0, 9.0), (-33.0, -17.0), (71.0, -16.0)]
[(29.0, 382.0), (20.0, 390.0), (37.0, 390.0), (-20.0, 324.0), (70.0, 323.0), (-0.0, 194.0), (50.0, 195.0), (-8.0, 103.0), (62.0, 104.0), (-9.0, 14.0), (62.0, 19.0), (0, 0), (56.0, 9.0), (-33.0, -17.0), (71.0, -15.0)]
[(29.0, 382.0), (20.0, 391.0), (38.0, 391.0), (-19.0, 324.0), (70.0, 323.0), (1.0, 193.0), (51.0, 194.0), (-7.0, 102.0), (63.0, 104.0), (-8.0, 13.0), (63.0, 19.0), (0, 0), (57.0, 9.0), (-32.0, -18.0), (72.0, -15.0)]
[(29.0, 382.0), (20.0, 390.0), (37.0, 390.0), (-19.0, 324.0), (69.0, 323.0), (-0.0, 193.0), (51.0, 194.0), (-9.0, 101.0), (63.0, 103.0), (-9.0, 13.0), (63.0, 19.0), (0, 0), (57.0, 9.0), (-32.0, -18.0), (72.0, -16.0)]
[(30.0, 382.0), (21.0, 391.0), (38.0, 391.0), (-19.0, 325.0), (70.0, 324.0), (1.0, 194.0), (51.0, 195.0), (-9.0, 101.0), (65.0, 104.0), (-9.0, 14.0), (64.0, 20.0), (0, 0), (58.0, 10.0), (-32.0, -17.0), (74.0, -15.0)]
[(30.0, 383.0), (21.0, 392.0), (38.0, 392.0), (-18.0, 325.0), (70.0, 324.0), (1.0, 194.0), (52.0, 195.0), (-8.0, 100.0), (66.0, 104.0), (-8.0, 13.0), (65.0, 19.0), (0, 0), (58.0, 9.0), (-31.0, -17.0), (75.0, -15.0)]
[(29.0, 383.0), (21.0, 391.0), (37.0, 391.0), (-18.0, 324.0), (70.0, 325.0), (1.0, 194.0), (51.0, 195.0), (-8.0, 99.0), (65.0, 104.0), (-8.0, 13.0), (65.0, 19.0), (0, 0), (58.0, 9.0), (-31.0, -18.0), (75.0, -15.0)]
[(29.0, 383.0), (20.0, 391.0), (37.0, 391.0), (-19.0, 324.0), (70.0, 324.0), (1.0, 194.0), (51.0, 195.0), (-8.0, 99.0), (65.0, 103.0), (-9.0, 13.0), (65.0, 19.0), (0, 0), (58.0, 10.0), (-31.0, -18.0), (75.0, -15.0)]
[(29.0, 383.0), (21.0, 391.0), (37.0, 391.0), (-18.0, 324.0), (70.0, 325.0), (1.0, 194.0), (52.0, 195.0), (-7.0, 99.0), (65.0, 103.0), (-8.0, 14.0), (66.0, 19.0), (0, 0), (59.0, 10.0), (-30.0, -18.0), (75.0, -15.0)]
[(29.0, 382.0), (21.0, 390.0), (37.0, 390.0), (-18.0, 324.0), (70.0, 324.0), (1.0, 193.0), (52.0, 194.0), (-9.0, 98.0), (64.0, 102.0), (-8.0, 13.0), (66.0, 18.0), (0, 0), (59.0, 9.0), (-31.0, -18.0), (75.0, -16.0)]
[(28.0, 382.0), (20.0, 390.0), (37.0, 390.0), (-19.0, 324.0), (69.0, 326.0), (1.0, 192.0), (51.0, 194.0), (-10.0, 97.0), (64.0, 100.0), (-8.0, 13.0), (66.0, 18.0), (0, 0), (59.0, 9.0), (-31.0, -18.0), (75.0, -16.0)]
[(28.0, 381.0), (20.0, 389.0), (37.0, 389.0), (-20.0, 324.0), (69.0, 327.0), (1.0, 191.0), (51.0, 193.0), (-10.0, 95.0), (66.0, 98.0), (-8.0, 12.0), (66.0, 18.0), (0, 0), (60.0, 9.0), (-30.0, -19.0), (75.0, -17.0)]
[(28.0, 381.0), (19.0, 389.0), (36.0, 389.0), (-20.0, 326.0), (69.0, 327.0), (1.0, 193.0), (51.0, 194.0), (-10.0, 95.0), (66.0, 98.0), (-8.0, 13.0), (66.0, 18.0), (0, 0), (60.0, 9.0), (-30.0, -19.0), (75.0, -17.0)]
[(27.0, 381.0), (18.0, 389.0), (36.0, 389.0), (-20.0, 328.0), (68.0, 328.0), (-0.0, 195.0), (51.0, 195.0), (-10.0, 97.0), (67.0, 99.0), (-8.0, 13.0), (66.0, 19.0), (0, 0), (60.0, 9.0), (-30.0, -19.0), (75.0, -17.0)]
[(27.0, 381.0), (18.0, 389.0), (36.0, 390.0), (-19.0, 330.0), (67.0, 329.0), (-0.0, 195.0), (51.0, 196.0), (-10.0, 97.0), (67.0, 99.0), (-8.0, 13.0), (66.0, 18.0), (0, 0), (60.0, 9.0), (-29.0, -19.0), (75.0, -17.0)]
[(26.0, 381.0), (18.0, 390.0), (35.0, 390.0), (-19.0, 331.0), (65.0, 331.0), (-0.0, 195.0), (51.0, 195.0), (-10.0, 97.0), (66.0, 99.0), (-8.0, 13.0), (66.0, 18.0), (0, 0), (59.0, 8.0), (-29.0, -19.0), (75.0, -17.0)]
[(26.0, 380.0), (17.0, 389.0), (35.0, 389.0), (-19.0, 333.0), (65.0, 331.0), (-0.0, 195.0), (51.0, 195.0), (-10.0, 98.0), (66.0, 99.0), (-8.0, 13.0), (65.0, 18.0), (0, 0), (59.0, 8.0), (-29.0, -19.0), (76.0, -17.0)]
[(26.0, 379.0), (17.0, 388.0), (35.0, 387.0), (-19.0, 333.0), (64.0, 331.0), (-0.0, 195.0), (51.0, 196.0), (-10.0, 98.0), (66.0, 99.0), (-9.0, 13.0), (65.0, 17.0), (0, 0), (57.0, 7.0), (-29.0, -20.0), (76.0, -17.0)]
[(26.0, 380.0), (17.0, 388.0), (35.0, 388.0), (-19.0, 334.0), (64.0, 332.0), (-0.0, 196.0), (52.0, 196.0), (-11.0, 99.0), (67.0, 100.0), (-9.0, 13.0), (65.0, 18.0), (0, 0), (57.0, 7.0), (-30.0, -19.0), (77.0, -16.0)]
[(26.0, 379.0), (17.0, 387.0), (35.0, 387.0), (-20.0, 334.0), (64.0, 332.0), (-0.0, 195.0), (52.0, 196.0), (-14.0, 97.0), (67.0, 97.0), (-10.0, 13.0), (65.0, 16.0), (0, 0), (57.0, 6.0), (-30.0, -20.0), (78.0, -17.0)]
[(26.0, 377.0), (17.0, 385.0), (35.0, 385.0), (-20.0, 333.0), (64.0, 331.0), (-0.0, 193.0), (53.0, 195.0), (-15.0, 96.0), (68.0, 95.0), (-10.0, 13.0), (65.0, 16.0), (0, 0), (57.0, 6.0), (-29.0, -20.0), (78.0, -17.0)]
[(26.0, 375.0), (17.0, 383.0), (35.0, 383.0), (-20.0, 332.0), (64.0, 330.0), (-0.0, 191.0), (53.0, 193.0), (-16.0, 94.0), (70.0, 93.0), (-10.0, 12.0), (65.0, 15.0), (0, 0), (57.0, 5.0), (-29.0, -21.0), (78.0, -17.0)]
[(26.0, 372.0), (17.0, 380.0), (35.0, 380.0), (-20.0, 328.0), (64.0, 328.0), (-0.0, 189.0), (53.0, 191.0), (-18.0, 92.0), (70.0, 91.0), (-10.0, 12.0), (66.0, 15.0), (0, 0), (58.0, 5.0), (-30.0, -21.0), (78.0, -17.0)]
[(25.0, 369.0), (16.0, 377.0), (33.0, 377.0), (-21.0, 326.0), (64.0, 324.0), (-1.0, 185.0), (52.0, 187.0), (-19.0, 91.0), (69.0, 90.0), (-11.0, 12.0), (65.0, 15.0), (0, 0), (57.0, 5.0), (-31.0, -20.0), (77.0, -17.0)]
[(26.0, 367.0), (17.0, 374.0), (35.0, 375.0), (-20.0, 323.0), (65.0, 321.0), (-0.0, 183.0), (54.0, 184.0), (-18.0, 90.0), (70.0, 88.0), (-10.0, 12.0), (66.0, 14.0), (0, 0), (58.0, 4.0), (-29.0, -20.0), (78.0, -17.0)]
[(26.0, 362.0), (17.0, 370.0), (34.0, 370.0), (-20.0, 320.0), (65.0, 318.0), (-0.0, 180.0), (54.0, 182.0), (-20.0, 89.0), (71.0, 86.0), (-10.0, 12.0), (66.0, 14.0), (0, 0), (58.0, 4.0), (-30.0, -19.0), (78.0, -18.0)]
[(28.0, 359.0), (19.0, 367.0), (36.0, 366.0), (-18.0, 320.0), (67.0, 317.0), (2.0, 179.0), (56.0, 181.0), (-18.0, 90.0), (74.0, 87.0), (-9.0, 13.0), (68.0, 14.0), (0, 0), (60.0, 4.0), (-28.0, -18.0), (80.0, -17.0)]
[(28.0, 355.0), (19.0, 363.0), (36.0, 363.0), (-17.0, 316.0), (67.0, 312.0), (2.0, 178.0), (57.0, 179.0), (-18.0, 90.0), (75.0, 88.0), (-9.0, 14.0), (68.0, 15.0), (0, 0), (60.0, 5.0), (-28.0, -16.0), (80.0, -15.0)]
[(28.0, 329.0), (19.0, 338.0), (36.0, 338.0), (-17.0, 294.0), (67.0, 293.0), (2.0, 166.0), (57.0, 166.0), (-20.0, 86.0), (77.0, 80.0), (-10.0, 13.0), (69.0, 14.0), (0, 0), (61.0, 5.0), (-28.0, -16.0), (81.0, -15.0)]
[(27.0, 321.0), (18.0, 330.0), (35.0, 330.0), (-16.0, 286.0), (66.0, 287.0), (2.0, 162.0), (57.0, 162.0), (-23.0, 85.0), (76.0, 80.0), (-10.0, 13.0), (68.0, 15.0), (0, 0), (60.0, 6.0), (-31.0, -15.0), (80.0, -14.0)]
[(27.0, 313.0), (18.0, 321.0), (36.0, 321.0), (-14.0, 280.0), (67.0, 280.0), (2.0, 159.0), (57.0, 159.0), (-25.0, 82.0), (78.0, 77.0), (-10.0, 12.0), (68.0, 13.0), (0, 0), (60.0, 5.0), (-31.0, -17.0), (79.0, -17.0)]
[(27.0, 305.0), (18.0, 314.0), (36.0, 313.0), (-14.0, 271.0), (67.0, 271.0), (2.0, 157.0), (57.0, 157.0), (-28.0, 81.0), (77.0, 77.0), (-10.0, 12.0), (68.0, 12.0), (0, 0), (60.0, 5.0), (-33.0, -17.0), (79.0, -18.0)]
[(27.0, 296.0), (18.0, 305.0), (36.0, 304.0), (-15.0, 260.0), (67.0, 264.0), (2.0, 154.0), (57.0, 153.0), (-29.0, 82.0), (78.0, 78.0), (-10.0, 12.0), (68.0, 12.0), (0, 0), (60.0, 5.0), (-33.0, -15.0), (79.0, -18.0)]
[(28.0, 287.0), (19.0, 296.0), (36.0, 295.0), (-15.0, 250.0), (68.0, 255.0), (2.0, 149.0), (56.0, 148.0), (-29.0, 79.0), (80.0, 74.0), (-10.0, 12.0), (69.0, 14.0), (0, 0), (60.0, 7.0), (-31.0, -16.0), (79.0, -19.0)]
[(27.0, 276.0), (18.0, 285.0), (35.0, 285.0), (-15.0, 244.0), (67.0, 246.0), (1.0, 146.0), (55.0, 146.0), (-32.0, 76.0), (79.0, 74.0), (-11.0, 12.0), (66.0, 13.0), (0, 0), (57.0, 6.0), (-31.0, -17.0), (77.0, -18.0)]
[(28.0, 267.0), (19.0, 276.0), (36.0, 276.0), (-15.0, 238.0), (67.0, 238.0), (1.0, 145.0), (54.0, 145.0), (-33.0, 77.0), (79.0, 75.0), (-11.0, 12.0), (66.0, 12.0), (0, 0), (57.0, 5.0), (-31.0, -18.0), (77.0, -18.0)]
[(28.0, 257.0), (19.0, 266.0), (36.0, 266.0), (-15.0, 227.0), (67.0, 229.0), (1.0, 140.0), (54.0, 140.0), (-34.0, 76.0), (79.0, 72.0), (-11.0, 12.0), (66.0, 12.0), (0, 0), (57.0, 5.0), (-30.0, -18.0), (77.0, -18.0)]
[(27.0, 246.0), (19.0, 255.0), (36.0, 255.0), (-15.0, 218.0), (67.0, 220.0), (1.0, 136.0), (53.0, 136.0), (-35.0, 77.0), (79.0, 72.0), (-10.0, 12.0), (65.0, 13.0), (0, 0), (57.0, 5.0), (-29.0, -19.0), (76.0, -18.0)]
[(28.0, 235.0), (20.0, 244.0), (36.0, 244.0), (-13.0, 213.0), (68.0, 212.0), (3.0, 131.0), (52.0, 130.0), (-35.0, 76.0), (81.0, 72.0), (-9.0, 11.0), (66.0, 13.0), (0, 0), (58.0, 5.0), (-28.0, -20.0), (77.0, -18.0)]
[(29.0, 223.0), (21.0, 232.0), (38.0, 233.0), (-12.0, 207.0), (70.0, 203.0), (3.0, 130.0), (53.0, 129.0), (-33.0, 75.0), (82.0, 72.0), (-9.0, 11.0), (67.0, 12.0), (0, 0), (60.0, 4.0), (-27.0, -21.0), (78.0, -19.0)]
[(28.0, 217.0), (20.0, 227.0), (37.0, 228.0), (-13.0, 200.0), (70.0, 195.0), (2.0, 127.0), (51.0, 126.0), (-36.0, 76.0), (80.0, 73.0), (-9.0, 11.0), (66.0, 13.0), (0, 0), (59.0, 3.0), (-28.0, -20.0), (77.0, -18.0)]
[(28.0, 209.0), (20.0, 219.0), (37.0, 221.0), (-12.0, 196.0), (71.0, 189.0), (1.0, 124.0), (51.0, 123.0), (-37.0, 77.0), (80.0, 78.0), (-9.0, 11.0), (66.0, 12.0), (0, 0), (59.0, 2.0), (-28.0, -20.0), (77.0, -18.0)]
[(29.0, 202.0), (20.0, 211.0), (38.0, 213.0), (-12.0, 186.0), (72.0, 182.0), (1.0, 119.0), (51.0, 117.0), (-38.0, 76.0), (80.0, 77.0), (-9.0, 10.0), (66.0, 10.0), (0, 0), (59.0, 0.0), (-28.0, -21.0), (77.0, -19.0)]
[(29.0, 195.0), (20.0, 205.0), (38.0, 208.0), (-12.0, 184.0), (72.0, 178.0), (1.0, 115.0), (51.0, 112.0), (-38.0, 77.0), (80.0, 75.0), (-9.0, 10.0), (66.0, 10.0), (0, 0), (60.0, 1.0), (-28.0, -21.0), (77.0, -19.0)]
[(29.0, 189.0), (20.0, 200.0), (38.0, 202.0), (-12.0, 181.0), (73.0, 176.0), (1.0, 106.0), (50.0, 105.0), (-38.0, 77.0), (80.0, 77.0), (-9.0, 10.0), (66.0, 11.0), (0, 0), (59.0, 2.0), (-28.0, -21.0), (77.0, -19.0)]
[(29.0, 185.0), (20.0, 195.0), (39.0, 196.0), (-12.0, 178.0), (73.0, 173.0), (1.0, 103.0), (49.0, 101.0), (-39.0, 76.0), (81.0, 76.0), (-9.0, 10.0), (65.0, 10.0), (0, 0), (59.0, 1.0), (-27.0, -21.0), (77.0, -20.0)]
[(30.0, 182.0), (20.0, 192.0), (40.0, 193.0), (-13.0, 174.0), (73.0, 169.0), (1.0, 99.0), (49.0, 97.0), (-39.0, 73.0), (82.0, 73.0), (-8.0, 10.0), (65.0, 11.0), (0, 0), (59.0, 3.0), (-26.0, -23.0), (77.0, -22.0)]
[(31.0, 180.0), (20.0, 190.0), (40.0, 192.0), (-13.0, 173.0), (72.0, 167.0), (1.0, 96.0), (48.0, 95.0), (-39.0, 71.0), (82.0, 72.0), (-8.0, 10.0), (65.0, 10.0), (0, 0), (58.0, 1.0), (-26.0, -24.0), (77.0, -23.0)]
[(30.0, 190.0), (20.0, 200.0), (40.0, 201.0), (-13.0, 178.0), (72.0, 174.0), (1.0, 99.0), (48.0, 99.0), (-38.0, 71.0), (79.0, 71.0), (-8.0, 10.0), (65.0, 10.0), (0, 0), (59.0, 1.0), (-26.0, -24.0), (77.0, -23.0)]
[(30.0, 192.0), (20.0, 203.0), (40.0, 203.0), (-14.0, 181.0), (72.0, 176.0), (1.0, 107.0), (49.0, 107.0), (-35.0, 71.0), (77.0, 71.0), (-8.0, 10.0), (65.0, 10.0), (0, 0), (59.0, 1.0), (-26.0, -24.0), (77.0, -23.0)]
[(30.0, 202.0), (20.0, 210.0), (40.0, 212.0), (-14.0, 183.0), (72.0, 177.0), (1.0, 109.0), (49.0, 109.0), (-34.0, 70.0), (77.0, 69.0), (-8.0, 10.0), (65.0, 9.0), (0, 0), (60.0, 1.0), (-26.0, -24.0), (77.0, -23.0)]
[(30.0, 216.0), (20.0, 224.0), (38.0, 226.0), (-14.0, 194.0), (72.0, 188.0), (1.0, 117.0), (49.0, 117.0), (-32.0, 72.0), (76.0, 72.0), (-8.0, 12.0), (66.0, 11.0), (0, 0), (61.0, 3.0), (-26.0, -22.0), (77.0, -21.0)]
[(29.0, 227.0), (20.0, 235.0), (37.0, 236.0), (-14.0, 205.0), (72.0, 199.0), (1.0, 126.0), (50.0, 126.0), (-30.0, 72.0), (76.0, 73.0), (-8.0, 11.0), (66.0, 12.0), (0, 0), (61.0, 1.0), (-29.0, -20.0), (78.0, -19.0)]
[(27.0, 240.0), (19.0, 248.0), (36.0, 250.0), (-14.0, 213.0), (71.0, 208.0), (2.0, 129.0), (52.0, 128.0), (-29.0, 73.0), (76.0, 74.0), (-8.0, 12.0), (67.0, 14.0), (0, 0), (62.0, 3.0), (-30.0, -18.0), (78.0, -17.0)]
[(27.0, 249.0), (19.0, 258.0), (36.0, 259.0), (-14.0, 221.0), (71.0, 216.0), (2.0, 137.0), (52.0, 135.0), (-30.0, 74.0), (76.0, 73.0), (-8.0, 11.0), (67.0, 14.0), (0, 0), (62.0, 3.0), (-31.0, -17.0), (78.0, -17.0)]
[(27.0, 261.0), (19.0, 269.0), (36.0, 271.0), (-15.0, 229.0), (71.0, 225.0), (2.0, 141.0), (53.0, 140.0), (-28.0, 74.0), (75.0, 73.0), (-8.0, 12.0), (67.0, 13.0), (0, 0), (62.0, 3.0), (-31.0, -17.0), (78.0, -17.0)]
[(27.0, 272.0), (19.0, 281.0), (36.0, 282.0), (-15.0, 238.0), (71.0, 233.0), (2.0, 146.0), (53.0, 143.0), (-26.0, 78.0), (75.0, 74.0), (-8.0, 12.0), (67.0, 13.0), (0, 0), (62.0, 4.0), (-31.0, -16.0), (77.0, -16.0)]
[(27.0, 285.0), (19.0, 294.0), (36.0, 295.0), (-16.0, 246.0), (72.0, 241.0), (2.0, 150.0), (55.0, 148.0), (-24.0, 79.0), (74.0, 77.0), (-8.0, 12.0), (67.0, 14.0), (0, 0), (61.0, 5.0), (-31.0, -15.0), (77.0, -15.0)]
[(27.0, 295.0), (19.0, 304.0), (36.0, 304.0), (-17.0, 254.0), (73.0, 249.0), (3.0, 159.0), (54.0, 157.0), (-18.0, 83.0), (70.0, 80.0), (-8.0, 12.0), (67.0, 14.0), (0, 0), (61.0, 5.0), (-30.0, -15.0), (77.0, -15.0)]
[(27.0, 308.0), (19.0, 316.0), (36.0, 317.0), (-17.0, 261.0), (72.0, 257.0), (3.0, 160.0), (54.0, 159.0), (-16.0, 82.0), (68.0, 87.0), (-8.0, 12.0), (67.0, 15.0), (0, 0), (60.0, 5.0), (-28.0, -14.0), (77.0, -15.0)]
[(28.0, 318.0), (19.0, 326.0), (36.0, 327.0), (-17.0, 268.0), (72.0, 264.0), (2.0, 165.0), (54.0, 165.0), (-15.0, 84.0), (67.0, 92.0), (-8.0, 12.0), (67.0, 16.0), (0, 0), (60.0, 7.0), (-27.0, -14.0), (77.0, -14.0)]
[(28.0, 327.0), (19.0, 335.0), (36.0, 336.0), (-18.0, 276.0), (72.0, 272.0), (2.0, 169.0), (54.0, 168.0), (-14.0, 86.0), (67.0, 91.0), (-8.0, 12.0), (67.0, 17.0), (0, 0), (62.0, 8.0), (-27.0, -14.0), (77.0, -14.0)]
[(28.0, 335.0), (19.0, 343.0), (36.0, 344.0), (-19.0, 283.0), (71.0, 279.0), (2.0, 171.0), (53.0, 171.0), (-15.0, 85.0), (67.0, 90.0), (-8.0, 13.0), (68.0, 17.0), (0, 0), (62.0, 9.0), (-27.0, -14.0), (77.0, -14.0)]
[(28.0, 342.0), (19.0, 351.0), (36.0, 351.0), (-19.0, 288.0), (71.0, 286.0), (1.0, 173.0), (53.0, 172.0), (-14.0, 86.0), (67.0, 89.0), (-8.0, 13.0), (68.0, 17.0), (0, 0), (62.0, 9.0), (-27.0, -14.0), (77.0, -14.0)]