[(32.0, 394.0), (25.0, 403.0), (41.0, 402.0), (-9.0, 354.0), (75.0, 351.0), (8.0, 206.0), (58.0, 208.0), (-6.0, 106.0), (78.0, 108.0), (-9.0, 13.0), (90.0, 13.0), (0, 0), (85.0, 1.0), (-33.0, -20.0), (105.0, -16.0)]
[(32.0, 397.0), (23.0, 406.0), (41.0, 406.0), (-10.0, 358.0), (74.0, 354.0), (8.0, 208.0), (58.0, 210.0), (-1.0, 106.0), (77.0, 107.0), (-9.0, 12.0), (89.0, 12.0), (0, 0), (85.0, 0.0), (-32.0, -22.0), (104.0, -17.0)]
[(30.0, 397.0), (22.0, 407.0), (40.0, 406.0), (-10.0, 357.0), (74.0, 355.0), (8.0, 208.0), (59.0, 210.0), (-0.0, 106.0), (75.0, 107.0), (-8.0, 12.0), (89.0, 12.0), (0, 0), (85.0, 0.0), (-32.0, -22.0), (104.0, -17.0)]
[(30.0, 398.0), (22.0, 408.0), (41.0, 407.0), (-10.0, 358.0), (75.0, 356.0), (9.0, 208.0), (60.0, 211.0), (2.0, 107.0), (77.0, 107.0), (-7.0, 13.0), (90.0, 14.0), (0, 0), (85.0, 1.0), (-31.0, -21.0), (104.0, -16.0)]
[(30.0, 398.0), (22.0, 408.0), (41.0, 407.0), (-10.0, 356.0), (75.0, 355.0), (9.0, 206.0), (60.0, 209.0), (2.0, 106.0), (77.0, 107.0), (-7.0, 12.0), (89.0, 14.0), (0, 0), (85.0, 2.0), (-31.0, -21.0), (104.0, -16.0)]
[(29.0, 398.0), (22.0, 408.0), (41.0, 407.0), (-10.0, 357.0), (75.0, 356.0), (9.0, 207.0), (60.0, 210.0), (2.0, 107.0), (77.0, 108.0), (-7.0, 12.0), (89.0, 15.0), (0, 0), (85.0, 3.0), (-32.0, -20.0), (103.0, -15.0)]
[(29.0, 399.0), (22.0, 409.0), (41.0, 408.0), (-10.0, 359.0), (75.0, 358.0), (9.0, 209.0), (60.0, 211.0), (2.0, 108.0), (77.0, 109.0), (-7.0, 13.0), (89.0, 16.0), (0, 0), (85.0, 4.0), (-33.0, -19.0), (103.0, -14.0)]
[(29.0, 399.0), (22.0, 409.0), (41.0, 408.0), (-10.0, 359.0), (75.0, 358.0), (9.0, 208.0), (60.0, 211.0), (2.0, 108.0), (77.0, 109.0), (-7.0, 13.0), (89.0, 16.0), (0, 0), (85.0, 4.0), (-33.0, -19.0), (103.0, -14.0)]
[(29.0, 400.0), (22.0, 410.0), (41.0, 408.0), (-10.0, 359.0), (75.0, 358.0), (9.0, 209.0), (60.0, 212.0), (2.0, 108.0), (77.0, 109.0), (-7.0, 12.0), (89.0, 16.0), (0, 0), (84.0, 4.0), (-33.0, -19.0), (103.0, -14.0)]
[(28.0, 399.0), (21.0, 409.0), (40.0, 408.0), (-11.0, 359.0), (74.0, 357.0), (9.0, 209.0), (59.0, 212.0), (1.0, 108.0), (77.0, 109.0), (-8.0, 12.0), (88.0, 16.0), (0, 0), (83.0, 4.0), (-34.0, -19.0), (102.0, -14.0)]
[(28.0, 399.0), (21.0, 409.0), (40.0, 408.0), (-10.0, 359.0), (74.0, 357.0), (9.0, 209.0), (60.0, 212.0), (1.0, 108.0), (77.0, 109.0), (-8.0, 12.0), (88.0, 16.0), (0, 0), (83.0, 5.0), (-34.0, -19.0), (102.0, -14.0)]
[(28.0, 399.0), (21.0, 409.0), (40.0, 408.0), (-10.0, 359.0), (74.0, 356.0), (9.0, 209.0), (60.0, 212.0), (1.0, 108.0), (77.0, 110.0), (-8.0, 12.0), (88.0, 16.0), (0, 0), (83.0, 5.0), (-34.0, -19.0), (102.0, -14.0)]
[(29.0, 399.0), (21.0, 409.0), (40.0, 408.0), (-10.0, 359.0), (74.0, 356.0), (9.0, 209.0), (60.0, 212.0), (1.0, 109.0), (77.0, 109.0), (-8.0, 13.0), (88.0, 16.0), (0, 0), (83.0, 5.0), (-34.0, -19.0), (102.0, -14.0)]
[(29.0, 399.0), (21.0, 409.0), (40.0, 408.0), (-10.0, 359.0), (75.0, 356.0), (9.0, 209.0), (61.0, 211.0), (1.0, 109.0), (77.0, 109.0), (-8.0, 13.0), (88.0, 16.0), (0, 0), (83.0, 5.0), (-34.0, -19.0), (102.0, -14.0)]
[(29.0, 398.0), (21.0, 408.0), (40.0, 407.0), (-9.0, 358.0), (75.0, 356.0), (10.0, 208.0), (61.0, 211.0), (-0.0, 109.0), (77.0, 109.0), (-8.0, 13.0), (88.0, 16.0), (0, 0), (83.0, 4.0), (-35.0, -19.0), (102.0, -14.0)]
[(29.0, 397.0), (22.0, 407.0), (41.0, 405.0), (-9.0, 357.0), (75.0, 355.0), (10.0, 207.0), (62.0, 209.0), (-1.0, 108.0), (77.0, 108.0), (-8.0, 12.0), (88.0, 14.0), (0, 0), (83.0, 3.0), (-35.0, -20.0), (102.0, -15.0)]
[(32.0, 395.0), (23.0, 405.0), (42.0, 404.0), (-9.0, 356.0), (75.0, 353.0), (10.0, 206.0), (62.0, 208.0), (-2.0, 107.0), (77.0, 107.0), (-8.0, 12.0), (88.0, 13.0), (0, 0), (83.0, 3.0), (-35.0, -20.0), (103.0, -15.0)]
[(34.0, 394.0), (24.0, 405.0), (43.0, 403.0), (-9.0, 356.0), (75.0, 352.0), (10.0, 205.0), (63.0, 207.0), (-2.0, 107.0), (78.0, 106.0), (-8.0, 12.0), (88.0, 13.0), (0, 0), (83.0, 3.0), (-35.0, -20.0), (103.0, -15.0)]
[(36.0, 386.0), (26.0, 396.0), (45.0, 395.0), (-9.0, 351.0), (77.0, 346.0), (10.0, 201.0), (63.0, 203.0), (-3.0, 105.0), (79.0, 105.0), (-8.0, 12.0), (88.0, 13.0), (0, 0), (83.0, 2.0), (-35.0, -20.0), (104.0, -15.0)]
[(36.0, 360.0), (26.0, 370.0), (45.0, 368.0), (-9.0, 333.0), (80.0, 327.0), (11.0, 186.0), (64.0, 188.0), (-8.0, 99.0), (85.0, 97.0), (-8.0, 11.0), (88.0, 10.0), (0, 0), (83.0, 0.0), (-34.0, -22.0), (104.0, -17.0)]
[(36.0, 341.0), (26.0, 352.0), (46.0, 350.0), (-9.0, 318.0), (82.0, 313.0), (11.0, 176.0), (64.0, 178.0), (-10.0, 91.0), (88.0, 92.0), (-8.0, 11.0), (88.0, 9.0), (0, 0), (83.0, -1.0), (-33.0, -23.0), (103.0, -18.0)]
[(37.0, 339.0), (27.0, 349.0), (47.0, 348.0), (-8.0, 316.0), (83.0, 311.0), (13.0, 178.0), (65.0, 180.0), (-10.0, 92.0), (89.0, 92.0), (-8.0, 11.0), (89.0, 9.0), (0, 0), (84.0, -1.0), (-32.0, -23.0), (104.0, -19.0)]
[(38.0, 326.0), (28.0, 337.0), (48.0, 335.0), (-7.0, 306.0), (84.0, 300.0), (13.0, 167.0), (66.0, 169.0), (-11.0, 87.0), (93.0, 87.0), (-8.0, 11.0), (91.0, 8.0), (0, 0), (85.0, -2.0), (-31.0, -23.0), (105.0, -19.0)]
[(39.0, 294.0), (29.0, 304.0), (49.0, 304.0), (-7.0, 279.0), (86.0, 272.0), (13.0, 148.0), (67.0, 149.0), (-17.0, 76.0), (101.0, 76.0), (-8.0, 10.0), (93.0, 7.0), (0, 0), (86.0, -3.0), (-28.0, -24.0), (106.0, -20.0)]
[(39.0, 277.0), (29.0, 288.0), (49.0, 288.0), (-7.0, 265.0), (85.0, 259.0), (13.0, 140.0), (67.0, 141.0), (-20.0, 69.0), (106.0, 73.0), (-8.0, 9.0), (93.0, 8.0), (0, 0), (87.0, -1.0), (-26.0, -25.0), (108.0, -21.0)]
[(39.0, 278.0), (29.0, 289.0), (49.0, 288.0), (-7.0, 264.0), (85.0, 256.0), (13.0, 139.0), (67.0, 139.0), (-21.0, 69.0), (107.0, 74.0), (-8.0, 9.0), (93.0, 8.0), (0, 0), (87.0, 0.0), (-26.0, -26.0), (108.0, -21.0)]
[(39.0, 265.0), (29.0, 276.0), (50.0, 275.0), (-6.0, 252.0), (85.0, 244.0), (13.0, 132.0), (67.0, 132.0), (-23.0, 66.0), (108.0, 71.0), (-8.0, 7.0), (94.0, 8.0), (0, 0), (87.0, -1.0), (-26.0, -28.0), (108.0, -23.0)]
[(39.0, 262.0), (30.0, 272.0), (50.0, 271.0), (-6.0, 249.0), (85.0, 240.0), (13.0, 129.0), (66.0, 129.0), (-23.0, 63.0), (108.0, 68.0), (-8.0, 6.0), (94.0, 6.0), (0, 0), (87.0, -2.0), (-25.0, -30.0), (108.0, -25.0)]
[(40.0, 239.0), (30.0, 250.0), (50.0, 249.0), (-6.0, 229.0), (85.0, 222.0), (13.0, 114.0), (66.0, 115.0), (-25.0, 60.0), (109.0, 64.0), (-8.0, 6.0), (94.0, 6.0), (0, 0), (87.0, -2.0), (-25.0, -31.0), (108.0, -26.0)]
[(41.0, 227.0), (30.0, 237.0), (51.0, 237.0), (-7.0, 218.0), (85.0, 214.0), (13.0, 106.0), (65.0, 107.0), (-27.0, 58.0), (109.0, 61.0), (-8.0, 6.0), (94.0, 6.0), (0, 0), (87.0, -1.0), (-24.0, -31.0), (107.0, -26.0)]
[(41.0, 217.0), (30.0, 227.0), (51.0, 226.0), (-6.0, 209.0), (85.0, 205.0), (13.0, 98.0), (65.0, 98.0), (-31.0, 57.0), (109.0, 58.0), (-8.0, 5.0), (93.0, 6.0), (0, 0), (87.0, 0.0), (-24.0, -32.0), (106.0, -28.0)]
[(41.0, 216.0), (30.0, 227.0), (51.0, 227.0), (-6.0, 207.0), (86.0, 204.0), (13.0, 96.0), (65.0, 95.0), (-33.0, 57.0), (110.0, 59.0), (-8.0, 5.0), (93.0, 5.0), (0, 0), (87.0, -1.0), (-23.0, -33.0), (106.0, -28.0)]
[(41.0, 204.0), (30.0, 214.0), (51.0, 214.0), (-7.0, 192.0), (85.0, 193.0), (11.0, 84.0), (63.0, 85.0), (-38.0, 57.0), (111.0, 60.0), (-9.0, 5.0), (92.0, 5.0), (0, 0), (85.0, -1.0), (-24.0, -33.0), (104.0, -29.0)]
[(41.0, 197.0), (30.0, 207.0), (51.0, 208.0), (-7.0, 187.0), (84.0, 185.0), (11.0, 78.0), (62.0, 79.0), (-40.0, 55.0), (111.0, 59.0), (-9.0, 4.0), (92.0, 4.0), (0, 0), (85.0, -2.0), (-23.0, -34.0), (104.0, -30.0)]
[(41.0, 197.0), (30.0, 207.0), (51.0, 207.0), (-7.0, 186.0), (84.0, 184.0), (11.0, 79.0), (61.0, 78.0), (-40.0, 55.0), (111.0, 59.0), (-9.0, 4.0), (92.0, 4.0), (0, 0), (85.0, -2.0), (-23.0, -33.0), (104.0, -29.0)]
[(41.0, 195.0), (30.0, 205.0), (51.0, 204.0), (-7.0, 184.0), (84.0, 179.0), (11.0, 77.0), (61.0, 76.0), (-40.0, 55.0), (111.0, 59.0), (-9.0, 4.0), (91.0, 4.0), (0, 0), (85.0, -2.0), (-23.0, -32.0), (104.0, -28.0)]
[(40.0, 195.0), (29.0, 205.0), (50.0, 205.0), (-7.0, 181.0), (82.0, 176.0), (10.0, 76.0), (59.0, 74.0), (-42.0, 54.0), (110.0, 59.0), (-10.0, 4.0), (90.0, 4.0), (0, 0), (84.0, -2.0), (-24.0, -31.0), (103.0, -28.0)]
[(40.0, 196.0), (29.0, 206.0), (50.0, 205.0), (-7.0, 182.0), (81.0, 177.0), (10.0, 76.0), (59.0, 75.0), (-42.0, 54.0), (110.0, 59.0), (-10.0, 4.0), (90.0, 4.0), (0, 0), (84.0, -2.0), (-24.0, -31.0), (103.0, -28.0)]
[(40.0, 203.0), (29.0, 213.0), (50.0, 212.0), (-7.0, 190.0), (81.0, 186.0), (10.0, 81.0), (59.0, 80.0), (-41.0, 54.0), (110.0, 60.0), (-10.0, 4.0), (90.0, 3.0), (0, 0), (84.0, -2.0), (-24.0, -31.0), (104.0, -28.0)]
[(40.0, 207.0), (30.0, 215.0), (50.0, 217.0), (-8.0, 196.0), (81.0, 195.0), (10.0, 88.0), (59.0, 87.0), (-41.0, 56.0), (110.0, 60.0), (-10.0, 5.0), (91.0, 4.0), (0, 0), (84.0, -1.0), (-25.0, -30.0), (104.0, -27.0)]
[(40.0, 208.0), (30.0, 216.0), (50.0, 219.0), (-8.0, 199.0), (81.0, 199.0), (10.0, 91.0), (60.0, 90.0), (-41.0, 56.0), (110.0, 60.0), (-10.0, 5.0), (91.0, 4.0), (0, 0), (84.0, -1.0), (-25.0, -30.0), (104.0, -27.0)]
[(40.0, 225.0), (31.0, 235.0), (50.0, 235.0), (-7.0, 215.0), (82.0, 208.0), (11.0, 102.0), (61.0, 101.0), (-38.0, 56.0), (110.0, 60.0), (-10.0, 5.0), (92.0, 3.0), (0, 0), (86.0, -3.0), (-24.0, -30.0), (106.0, -27.0)]
[(36.0, 259.0), (29.0, 269.0), (46.0, 268.0), (-7.0, 244.0), (81.0, 234.0), (10.0, 126.0), (61.0, 126.0), (-32.0, 62.0), (107.0, 60.0), (-10.0, 5.0), (93.0, 2.0), (0, 0), (87.0, -5.0), (-24.0, -31.0), (107.0, -29.0)]
[(36.0, 283.0), (29.0, 292.0), (46.0, 291.0), (-7.0, 262.0), (80.0, 252.0), (9.0, 138.0), (61.0, 139.0), (-29.0, 69.0), (104.0, 67.0), (-10.0, 6.0), (94.0, 3.0), (0, 0), (87.0, -5.0), (-24.0, -30.0), (108.0, -28.0)]
[(34.0, 284.0), (28.0, 292.0), (43.0, 293.0), (-5.0, 261.0), (80.0, 255.0), (10.0, 139.0), (61.0, 139.0), (-26.0, 70.0), (104.0, 67.0), (-9.0, 6.0), (95.0, 3.0), (0, 0), (88.0, -5.0), (-23.0, -30.0), (109.0, -27.0)]
[(35.0, 303.0), (28.0, 311.0), (44.0, 311.0), (-4.0, 276.0), (80.0, 267.0), (9.0, 147.0), (61.0, 149.0), (-23.0, 72.0), (100.0, 73.0), (-9.0, 6.0), (95.0, 3.0), (0, 0), (88.0, -6.0), (-23.0, -30.0), (109.0, -27.0)]
[(40.0, 325.0), (31.0, 334.0), (48.0, 333.0), (-3.0, 298.0), (81.0, 291.0), (10.0, 164.0), (62.0, 166.0), (-16.0, 80.0), (97.0, 86.0), (-8.0, 8.0), (96.0, 6.0), (0, 0), (89.0, -4.0), (-22.0, -26.0), (110.0, -24.0)]
[(40.0, 327.0), (31.0, 336.0), (48.0, 335.0), (-3.0, 301.0), (80.0, 295.0), (10.0, 167.0), (62.0, 168.0), (-14.0, 85.0), (94.0, 89.0), (-8.0, 9.0), (96.0, 7.0), (0, 0), (89.0, -3.0), (-22.0, -25.0), (110.0, -23.0)]
[(39.0, 364.0), (30.0, 373.0), (47.0, 372.0), (-4.0, 329.0), (78.0, 323.0), (9.0, 187.0), (61.0, 190.0), (-10.0, 98.0), (86.0, 97.0), (-8.0, 10.0), (93.0, 7.0), (0, 0), (88.0, -3.0), (-24.0, -24.0), (108.0, -22.0)]