[(40.0, 388.0), (30.0, 397.0), (48.0, 397.0), (-4.0, 348.0), (80.0, 345.0), (14.0, 199.0), (64.0, 199.0), (-7.0, 100.0), (91.0, 100.0), (-8.0, 11.0), (99.0, 10.0), (0, 0), (95.0, -1.0), (-26.0, -26.0), (114.0, -23.0)]
[(39.0, 398.0), (29.0, 407.0), (48.0, 407.0), (-5.0, 355.0), (80.0, 353.0), (14.0, 206.0), (64.0, 207.0), (-2.0, 105.0), (88.0, 106.0), (-7.0, 13.0), (98.0, 12.0), (0, 0), (94.0, -1.0), (-26.0, -23.0), (116.0, -20.0)]
[(37.0, 399.0), (28.0, 409.0), (47.0, 408.0), (-5.0, 359.0), (80.0, 358.0), (14.0, 209.0), (64.0, 210.0), (-0.0, 107.0), (86.0, 108.0), (-6.0, 14.0), (98.0, 14.0), (0, 0), (94.0, 1.0), (-27.0, -20.0), (115.0, -17.0)]
[(35.0, 401.0), (27.0, 410.0), (46.0, 410.0), (-5.0, 359.0), (80.0, 358.0), (14.0, 210.0), (64.0, 212.0), (5.0, 108.0), (81.0, 109.0), (-6.0, 14.0), (96.0, 14.0), (0, 0), (93.0, 2.0), (-27.0, -21.0), (115.0, -16.0)]
[(34.0, 402.0), (26.0, 411.0), (45.0, 411.0), (-5.0, 360.0), (80.0, 358.0), (15.0, 211.0), (64.0, 214.0), (6.0, 107.0), (80.0, 109.0), (-6.0, 13.0), (96.0, 14.0), (0, 0), (93.0, 2.0), (-27.0, -21.0), (115.0, -16.0)]
[(33.0, 402.0), (25.0, 411.0), (44.0, 411.0), (-6.0, 359.0), (79.0, 358.0), (13.0, 209.0), (63.0, 212.0), (6.0, 107.0), (79.0, 108.0), (-6.0, 13.0), (94.0, 14.0), (0, 0), (91.0, 2.0), (-28.0, -21.0), (113.0, -16.0)]
[(33.0, 401.0), (24.0, 410.0), (44.0, 411.0), (-7.0, 359.0), (79.0, 358.0), (13.0, 208.0), (63.0, 211.0), (5.0, 107.0), (79.0, 107.0), (-6.0, 13.0), (94.0, 14.0), (0, 0), (91.0, 2.0), (-28.0, -21.0), (113.0, -16.0)]
[(32.0, 401.0), (24.0, 410.0), (43.0, 411.0), (-7.0, 359.0), (78.0, 357.0), (13.0, 208.0), (63.0, 211.0), (5.0, 107.0), (79.0, 108.0), (-6.0, 13.0), (94.0, 14.0), (0, 0), (91.0, 2.0), (-28.0, -21.0), (113.0, -16.0)]
[(32.0, 400.0), (24.0, 409.0), (43.0, 409.0), (-7.0, 358.0), (78.0, 357.0), (13.0, 207.0), (63.0, 210.0), (5.0, 105.0), (79.0, 107.0), (-6.0, 12.0), (93.0, 13.0), (0, 0), (90.0, 1.0), (-28.0, -22.0), (113.0, -17.0)]
[(31.0, 401.0), (24.0, 410.0), (43.0, 410.0), (-7.0, 359.0), (78.0, 358.0), (13.0, 209.0), (63.0, 211.0), (5.0, 106.0), (79.0, 107.0), (-6.0, 13.0), (93.0, 14.0), (0, 0), (90.0, 2.0), (-28.0, -21.0), (112.0, -16.0)]
[(31.0, 401.0), (23.0, 410.0), (43.0, 410.0), (-8.0, 358.0), (78.0, 358.0), (13.0, 209.0), (63.0, 210.0), (5.0, 106.0), (79.0, 107.0), (-6.0, 13.0), (93.0, 14.0), (0, 0), (90.0, 3.0), (-28.0, -21.0), (112.0, -16.0)]
[(31.0, 401.0), (23.0, 411.0), (43.0, 410.0), (-8.0, 358.0), (77.0, 358.0), (12.0, 209.0), (63.0, 210.0), (4.0, 105.0), (78.0, 107.0), (-6.0, 12.0), (93.0, 14.0), (0, 0), (90.0, 3.0), (-28.0, -22.0), (112.0, -16.0)]
[(31.0, 402.0), (23.0, 412.0), (42.0, 412.0), (-8.0, 359.0), (77.0, 359.0), (12.0, 209.0), (62.0, 211.0), (4.0, 106.0), (78.0, 108.0), (-6.0, 13.0), (93.0, 15.0), (0, 0), (90.0, 4.0), (-28.0, -21.0), (111.0, -15.0)]
[(30.0, 403.0), (23.0, 412.0), (42.0, 412.0), (-9.0, 360.0), (77.0, 359.0), (12.0, 209.0), (62.0, 211.0), (4.0, 106.0), (78.0, 108.0), (-6.0, 13.0), (93.0, 15.0), (0, 0), (90.0, 4.0), (-28.0, -21.0), (111.0, -15.0)]
[(30.0, 404.0), (23.0, 412.0), (41.0, 412.0), (-9.0, 359.0), (77.0, 358.0), (11.0, 209.0), (62.0, 211.0), (4.0, 106.0), (78.0, 108.0), (-6.0, 13.0), (93.0, 15.0), (0, 0), (90.0, 3.0), (-28.0, -21.0), (111.0, -15.0)]
[(30.0, 404.0), (22.0, 413.0), (41.0, 412.0), (-9.0, 359.0), (77.0, 358.0), (11.0, 209.0), (61.0, 211.0), (4.0, 106.0), (78.0, 108.0), (-6.0, 13.0), (93.0, 15.0), (0, 0), (90.0, 3.0), (-28.0, -21.0), (111.0, -15.0)]
[(29.0, 404.0), (22.0, 412.0), (41.0, 413.0), (-9.0, 359.0), (77.0, 359.0), (11.0, 210.0), (61.0, 211.0), (4.0, 106.0), (78.0, 108.0), (-6.0, 13.0), (93.0, 15.0), (0, 0), (90.0, 3.0), (-28.0, -21.0), (111.0, -15.0)]
[(29.0, 404.0), (22.0, 412.0), (41.0, 413.0), (-9.0, 359.0), (77.0, 359.0), (11.0, 210.0), (61.0, 211.0), (4.0, 106.0), (78.0, 108.0), (-6.0, 13.0), (93.0, 15.0), (0, 0), (90.0, 3.0), (-28.0, -21.0), (111.0, -15.0)]
[(29.0, 403.0), (22.0, 412.0), (41.0, 412.0), (-9.0, 359.0), (77.0, 359.0), (11.0, 210.0), (61.0, 211.0), (3.0, 106.0), (78.0, 108.0), (-6.0, 13.0), (93.0, 15.0), (0, 0), (90.0, 3.0), (-28.0, -21.0), (111.0, -15.0)]
[(30.0, 403.0), (22.0, 412.0), (41.0, 412.0), (-9.0, 359.0), (77.0, 358.0), (11.0, 209.0), (62.0, 211.0), (3.0, 105.0), (78.0, 107.0), (-6.0, 12.0), (93.0, 15.0), (0, 0), (90.0, 3.0), (-28.0, -21.0), (111.0, -15.0)]
[(31.0, 402.0), (23.0, 411.0), (42.0, 411.0), (-8.0, 359.0), (78.0, 358.0), (11.0, 208.0), (62.0, 210.0), (1.0, 104.0), (80.0, 106.0), (-6.0, 12.0), (93.0, 14.0), (0, 0), (90.0, 3.0), (-28.0, -21.0), (111.0, -15.0)]
[(32.0, 401.0), (24.0, 411.0), (43.0, 410.0), (-8.0, 359.0), (78.0, 358.0), (12.0, 207.0), (63.0, 210.0), (-0.0, 104.0), (82.0, 105.0), (-6.0, 12.0), (93.0, 14.0), (0, 0), (90.0, 3.0), (-28.0, -21.0), (111.0, -16.0)]
[(33.0, 398.0), (25.0, 408.0), (44.0, 407.0), (-7.0, 357.0), (78.0, 355.0), (12.0, 205.0), (63.0, 206.0), (-2.0, 103.0), (84.0, 103.0), (-6.0, 12.0), (94.0, 13.0), (0, 0), (90.0, 3.0), (-29.0, -21.0), (111.0, -16.0)]
[(33.0, 397.0), (25.0, 407.0), (44.0, 406.0), (-7.0, 356.0), (79.0, 354.0), (12.0, 203.0), (63.0, 205.0), (-3.0, 103.0), (86.0, 103.0), (-6.0, 12.0), (94.0, 13.0), (0, 0), (91.0, 3.0), (-30.0, -21.0), (111.0, -16.0)]
[(34.0, 390.0), (26.0, 400.0), (45.0, 398.0), (-7.0, 350.0), (80.0, 346.0), (12.0, 196.0), (64.0, 198.0), (-6.0, 99.0), (89.0, 100.0), (-6.0, 12.0), (95.0, 12.0), (0, 0), (91.0, 2.0), (-30.0, -22.0), (110.0, -17.0)]
[(39.0, 362.0), (28.0, 371.0), (49.0, 370.0), (-6.0, 328.0), (83.0, 326.0), (15.0, 177.0), (66.0, 180.0), (-13.0, 88.0), (99.0, 92.0), (-7.0, 12.0), (99.0, 12.0), (0, 0), (92.0, 2.0), (-29.0, -25.0), (111.0, -20.0)]
[(39.0, 341.0), (29.0, 350.0), (49.0, 349.0), (-5.0, 313.0), (86.0, 310.0), (16.0, 163.0), (68.0, 165.0), (-19.0, 82.0), (106.0, 81.0), (-8.0, 10.0), (101.0, 9.0), (0, 0), (94.0, -1.0), (-27.0, -28.0), (114.0, -23.0)]
[(41.0, 337.0), (30.0, 346.0), (51.0, 345.0), (-5.0, 311.0), (86.0, 308.0), (17.0, 161.0), (69.0, 162.0), (-21.0, 80.0), (107.0, 78.0), (-9.0, 9.0), (102.0, 8.0), (0, 0), (95.0, 0.0), (-27.0, -29.0), (115.0, -24.0)]
[(43.0, 315.0), (32.0, 325.0), (53.0, 325.0), (-3.0, 296.0), (88.0, 294.0), (19.0, 150.0), (71.0, 150.0), (-24.0, 75.0), (113.0, 70.0), (-9.0, 8.0), (103.0, 7.0), (0, 0), (97.0, -1.0), (-26.0, -30.0), (117.0, -26.0)]
[(44.0, 278.0), (34.0, 289.0), (54.0, 289.0), (-2.0, 269.0), (90.0, 263.0), (19.0, 129.0), (72.0, 130.0), (-29.0, 65.0), (119.0, 64.0), (-10.0, 7.0), (105.0, 6.0), (0, 0), (99.0, -2.0), (-25.0, -32.0), (118.0, -27.0)]
[(44.0, 258.0), (34.0, 269.0), (54.0, 268.0), (-1.0, 249.0), (91.0, 240.0), (19.0, 111.0), (72.0, 110.0), (-29.0, 57.0), (120.0, 56.0), (-10.0, 4.0), (105.0, 5.0), (0, 0), (99.0, 2.0), (-25.0, -35.0), (118.0, -30.0)]
[(43.0, 258.0), (34.0, 268.0), (53.0, 267.0), (-0.0, 245.0), (91.0, 235.0), (19.0, 109.0), (72.0, 108.0), (-31.0, 54.0), (120.0, 53.0), (-10.0, 3.0), (105.0, 4.0), (0, 0), (99.0, 1.0), (-24.0, -37.0), (117.0, -33.0)]
[(48.0, 227.0), (38.0, 238.0), (58.0, 236.0), (1.0, 218.0), (91.0, 210.0), (18.0, 85.0), (71.0, 84.0), (-31.0, 52.0), (123.0, 54.0), (-10.0, 3.0), (105.0, 5.0), (0, 0), (99.0, 1.0), (-23.0, -38.0), (115.0, -33.0)]
[(48.0, 217.0), (37.0, 228.0), (58.0, 227.0), (2.0, 202.0), (93.0, 197.0), (17.0, 72.0), (70.0, 72.0), (-30.0, 54.0), (123.0, 56.0), (-10.0, 4.0), (105.0, 6.0), (0, 0), (99.0, 2.0), (-24.0, -36.0), (114.0, -31.0)]
[(48.0, 207.0), (38.0, 218.0), (59.0, 217.0), (3.0, 191.0), (93.0, 188.0), (17.0, 65.0), (69.0, 65.0), (-30.0, 54.0), (126.0, 57.0), (-10.0, 4.0), (105.0, 6.0), (0, 0), (99.0, 1.0), (-23.0, -36.0), (114.0, -31.0)]
[(49.0, 208.0), (39.0, 218.0), (59.0, 217.0), (4.0, 194.0), (93.0, 187.0), (17.0, 67.0), (68.0, 66.0), (-31.0, 55.0), (126.0, 58.0), (-9.0, 4.0), (104.0, 6.0), (0, 0), (97.0, 0.0), (-23.0, -34.0), (114.0, -30.0)]
[(49.0, 200.0), (39.0, 210.0), (59.0, 209.0), (6.0, 182.0), (93.0, 176.0), (16.0, 61.0), (67.0, 59.0), (-31.0, 56.0), (126.0, 59.0), (-9.0, 5.0), (103.0, 6.0), (0, 0), (95.0, 0.0), (-23.0, -33.0), (114.0, -30.0)]
[(50.0, 200.0), (40.0, 210.0), (60.0, 209.0), (5.0, 184.0), (93.0, 177.0), (16.0, 60.0), (66.0, 59.0), (-34.0, 56.0), (126.0, 58.0), (-9.0, 5.0), (103.0, 6.0), (0, 0), (95.0, 0.0), (-23.0, -33.0), (115.0, -30.0)]
[(48.0, 195.0), (39.0, 205.0), (59.0, 204.0), (4.0, 176.0), (92.0, 169.0), (15.0, 56.0), (64.0, 54.0), (-37.0, 57.0), (124.0, 58.0), (-9.0, 5.0), (101.0, 6.0), (0, 0), (94.0, -1.0), (-24.0, -32.0), (114.0, -30.0)]
[(49.0, 195.0), (39.0, 205.0), (59.0, 204.0), (4.0, 179.0), (91.0, 171.0), (15.0, 57.0), (64.0, 57.0), (-39.0, 56.0), (124.0, 58.0), (-9.0, 4.0), (101.0, 5.0), (0, 0), (94.0, -2.0), (-24.0, -33.0), (114.0, -31.0)]
[(49.0, 195.0), (39.0, 205.0), (59.0, 204.0), (4.0, 180.0), (91.0, 171.0), (14.0, 57.0), (64.0, 57.0), (-40.0, 56.0), (124.0, 58.0), (-9.0, 5.0), (101.0, 5.0), (0, 0), (94.0, -2.0), (-24.0, -33.0), (114.0, -30.0)]
[(49.0, 200.0), (39.0, 210.0), (59.0, 209.0), (4.0, 187.0), (91.0, 180.0), (14.0, 62.0), (64.0, 62.0), (-40.0, 56.0), (124.0, 58.0), (-9.0, 5.0), (102.0, 7.0), (0, 0), (94.0, -1.0), (-24.0, -33.0), (114.0, -30.0)]
[(46.0, 211.0), (38.0, 221.0), (56.0, 222.0), (4.0, 197.0), (91.0, 192.0), (15.0, 78.0), (64.0, 76.0), (-39.0, 57.0), (123.0, 62.0), (-9.0, 5.0), (102.0, 6.0), (0, 0), (95.0, 0.0), (-23.0, -34.0), (114.0, -31.0)]
[(44.0, 227.0), (37.0, 238.0), (53.0, 237.0), (3.0, 213.0), (88.0, 206.0), (15.0, 92.0), (64.0, 91.0), (-39.0, 58.0), (119.0, 64.0), (-10.0, 4.0), (102.0, 4.0), (0, 0), (95.0, -3.0), (-23.0, -35.0), (114.0, -32.0)]
[(44.0, 233.0), (37.0, 244.0), (53.0, 242.0), (3.0, 218.0), (87.0, 209.0), (15.0, 95.0), (64.0, 95.0), (-39.0, 60.0), (117.0, 66.0), (-10.0, 4.0), (102.0, 4.0), (0, 0), (95.0, -3.0), (-23.0, -35.0), (114.0, -32.0)]
[(43.0, 248.0), (37.0, 258.0), (52.0, 257.0), (2.0, 231.0), (82.0, 222.0), (15.0, 108.0), (64.0, 108.0), (-38.0, 63.0), (117.0, 68.0), (-10.0, 5.0), (103.0, 6.0), (0, 0), (96.0, -1.0), (-23.0, -33.0), (115.0, -30.0)]
[(43.0, 253.0), (37.0, 263.0), (52.0, 262.0), (2.0, 232.0), (82.0, 223.0), (15.0, 108.0), (64.0, 109.0), (-37.0, 63.0), (116.0, 68.0), (-11.0, 5.0), (103.0, 6.0), (0, 0), (96.0, -1.0), (-23.0, -33.0), (115.0, -30.0)]
[(41.0, 263.0), (35.0, 273.0), (50.0, 272.0), (1.0, 249.0), (82.0, 241.0), (15.0, 121.0), (64.0, 123.0), (-37.0, 65.0), (116.0, 71.0), (-11.0, 5.0), (103.0, 5.0), (0, 0), (96.0, -2.0), (-23.0, -33.0), (116.0, -30.0)]
[(40.0, 303.0), (34.0, 312.0), (49.0, 311.0), (-2.0, 276.0), (82.0, 271.0), (15.0, 141.0), (64.0, 145.0), (-35.0, 73.0), (113.0, 79.0), (-11.0, 6.0), (104.0, 6.0), (0, 0), (98.0, -3.0), (-24.0, -33.0), (116.0, -30.0)]
[(39.0, 320.0), (32.0, 329.0), (48.0, 329.0), (-2.0, 293.0), (82.0, 290.0), (15.0, 155.0), (64.0, 158.0), (-31.0, 77.0), (108.0, 82.0), (-11.0, 6.0), (105.0, 6.0), (0, 0), (99.0, -4.0), (-24.0, -34.0), (116.0, -30.0)]
[(40.0, 322.0), (33.0, 331.0), (49.0, 331.0), (-1.0, 296.0), (82.0, 293.0), (16.0, 155.0), (65.0, 158.0), (-29.0, 79.0), (108.0, 85.0), (-10.0, 6.0), (106.0, 6.0), (0, 0), (101.0, -5.0), (-23.0, -34.0), (117.0, -30.0)]
[(41.0, 339.0), (33.0, 348.0), (49.0, 348.0), (-2.0, 310.0), (81.0, 307.0), (16.0, 166.0), (65.0, 169.0), (-23.0, 84.0), (105.0, 91.0), (-10.0, 7.0), (106.0, 7.0), (0, 0), (101.0, -3.0), (-23.0, -32.0), (117.0, -28.0)]
[(38.0, 369.0), (30.0, 378.0), (47.0, 376.0), (-6.0, 334.0), (78.0, 326.0), (13.0, 185.0), (62.0, 187.0), (-15.0, 93.0), (93.0, 96.0), (-8.0, 10.0), (101.0, 8.0), (0, 0), (96.0, -2.0), (-25.0, -28.0), (114.0, -25.0)]