[(62.0, 375.0), (54.0, 384.0), (69.0, 382.0), (10.0, 324.0), (93.0, 323.0), (24.0, 190.0), (73.0, 191.0), (5.0, 97.0), (81.0, 96.0), (-10.0, 14.0), (71.0, 16.0), (0, 0), (64.0, 7.0), (-34.0, -19.0), (79.0, -16.0)]
[(58.0, 371.0), (51.0, 381.0), (66.0, 379.0), (10.0, 322.0), (93.0, 325.0), (22.0, 192.0), (71.0, 192.0), (2.0, 99.0), (78.0, 97.0), (-11.0, 14.0), (68.0, 15.0), (0, 0), (60.0, 6.0), (-36.0, -20.0), (75.0, -17.0)]
[(60.0, 379.0), (52.0, 389.0), (68.0, 388.0), (11.0, 328.0), (96.0, 324.0), (22.0, 197.0), (72.0, 195.0), (4.0, 102.0), (77.0, 99.0), (-9.0, 14.0), (68.0, 18.0), (0, 0), (60.0, 9.0), (-22.0, -18.0), (75.0, -15.0)]
[(60.0, 384.0), (52.0, 394.0), (67.0, 393.0), (10.0, 333.0), (96.0, 330.0), (20.0, 202.0), (70.0, 199.0), (4.0, 106.0), (76.0, 104.0), (-8.0, 12.0), (67.0, 23.0), (0, 0), (59.0, 14.0), (-16.0, -19.0), (74.0, -9.0)]
[(58.0, 386.0), (50.0, 396.0), (66.0, 394.0), (7.0, 335.0), (94.0, 332.0), (19.0, 201.0), (69.0, 199.0), (3.0, 108.0), (75.0, 106.0), (-7.0, 13.0), (67.0, 26.0), (0, 0), (59.0, 18.0), (-16.0, -16.0), (73.0, -7.0)]
[(57.0, 387.0), (48.0, 397.0), (65.0, 395.0), (6.0, 334.0), (94.0, 330.0), (17.0, 200.0), (67.0, 198.0), (4.0, 107.0), (73.0, 105.0), (-6.0, 12.0), (66.0, 25.0), (0, 0), (58.0, 18.0), (-10.0, -17.0), (72.0, -7.0)]
[(53.0, 390.0), (45.0, 399.0), (62.0, 398.0), (3.0, 335.0), (90.0, 331.0), (15.0, 200.0), (64.0, 198.0), (3.0, 107.0), (71.0, 106.0), (-5.0, 11.0), (64.0, 26.0), (0, 0), (58.0, 19.0), (-7.0, -16.0), (71.0, -6.0)]
[(52.0, 389.0), (43.0, 398.0), (60.0, 397.0), (1.0, 334.0), (88.0, 331.0), (13.0, 199.0), (63.0, 198.0), (3.0, 105.0), (70.0, 106.0), (-5.0, 11.0), (63.0, 26.0), (0, 0), (57.0, 19.0), (-3.0, -18.0), (71.0, -6.0)]
[(50.0, 390.0), (41.0, 399.0), (59.0, 398.0), (-4.0, 333.0), (87.0, 332.0), (12.0, 199.0), (62.0, 198.0), (4.0, 101.0), (69.0, 106.0), (-4.0, 11.0), (62.0, 26.0), (0, 0), (56.0, 19.0), (-3.0, -19.0), (70.0, -6.0)]
[(47.0, 391.0), (38.0, 400.0), (56.0, 399.0), (-7.0, 334.0), (85.0, 332.0), (11.0, 198.0), (61.0, 198.0), (3.0, 98.0), (67.0, 103.0), (-4.0, 11.0), (62.0, 26.0), (0, 0), (56.0, 19.0), (-2.0, -20.0), (69.0, -6.0)]
[(43.0, 392.0), (34.0, 401.0), (51.0, 400.0), (-10.0, 333.0), (83.0, 332.0), (9.0, 198.0), (59.0, 199.0), (3.0, 98.0), (63.0, 103.0), (-3.0, 10.0), (63.0, 26.0), (0, 0), (57.0, 19.0), (-1.0, -21.0), (69.0, -6.0)]
[(38.0, 393.0), (29.0, 402.0), (46.0, 401.0), (-14.0, 333.0), (79.0, 333.0), (6.0, 198.0), (56.0, 199.0), (3.0, 97.0), (60.0, 103.0), (-4.0, 9.0), (61.0, 26.0), (0, 0), (55.0, 20.0), (-2.0, -22.0), (69.0, -6.0)]
[(34.0, 393.0), (24.0, 402.0), (42.0, 402.0), (-18.0, 333.0), (76.0, 334.0), (3.0, 198.0), (54.0, 199.0), (2.0, 97.0), (58.0, 103.0), (-4.0, 10.0), (60.0, 26.0), (0, 0), (55.0, 19.0), (-4.0, -22.0), (68.0, -6.0)]
[(31.0, 393.0), (22.0, 402.0), (39.0, 402.0), (-21.0, 334.0), (72.0, 335.0), (1.0, 199.0), (53.0, 200.0), (1.0, 97.0), (58.0, 104.0), (-3.0, 10.0), (59.0, 26.0), (0, 0), (55.0, 19.0), (-4.0, -22.0), (69.0, -6.0)]
[(28.0, 393.0), (18.0, 403.0), (36.0, 402.0), (-24.0, 333.0), (69.0, 335.0), (-2.0, 199.0), (50.0, 200.0), (-1.0, 97.0), (56.0, 104.0), (-3.0, 10.0), (58.0, 26.0), (0, 0), (52.0, 19.0), (-4.0, -22.0), (69.0, -6.0)]
[(19.0, 393.0), (9.0, 403.0), (26.0, 402.0), (-30.0, 333.0), (64.0, 335.0), (-3.0, 196.0), (50.0, 200.0), (-3.0, 95.0), (59.0, 103.0), (-2.0, 10.0), (61.0, 26.0), (0, 0), (55.0, 19.0), (-2.0, -21.0), (73.0, -7.0)]
[(17.0, 392.0), (7.0, 401.0), (25.0, 401.0), (-33.0, 332.0), (60.0, 335.0), (-3.0, 194.0), (50.0, 199.0), (-5.0, 94.0), (61.0, 102.0), (-2.0, 9.0), (61.0, 25.0), (0, 0), (55.0, 17.0), (-1.0, -23.0), (75.0, -8.0)]
[(14.0, 393.0), (3.0, 402.0), (21.0, 403.0), (-35.0, 333.0), (58.0, 337.0), (-4.0, 192.0), (49.0, 198.0), (-8.0, 94.0), (62.0, 101.0), (-2.0, 10.0), (60.0, 26.0), (0, 0), (55.0, 18.0), (-6.0, -22.0), (75.0, -7.0)]
[(11.0, 393.0), (-0.0, 402.0), (18.0, 403.0), (-36.0, 333.0), (56.0, 338.0), (-6.0, 192.0), (47.0, 198.0), (-10.0, 93.0), (61.0, 99.0), (-2.0, 10.0), (60.0, 26.0), (0, 0), (55.0, 17.0), (-7.0, -22.0), (75.0, -8.0)]
[(9.0, 393.0), (-2.0, 402.0), (16.0, 403.0), (-38.0, 332.0), (54.0, 338.0), (-7.0, 191.0), (45.0, 196.0), (-11.0, 93.0), (60.0, 98.0), (-2.0, 10.0), (59.0, 26.0), (0, 0), (53.0, 18.0), (-6.0, -21.0), (74.0, -7.0)]
[(7.0, 392.0), (-4.0, 401.0), (14.0, 402.0), (-39.0, 331.0), (53.0, 337.0), (-8.0, 190.0), (45.0, 195.0), (-12.0, 92.0), (58.0, 97.0), (-2.0, 10.0), (57.0, 25.0), (0, 0), (51.0, 17.0), (-6.0, -22.0), (71.0, -8.0)]
[(6.0, 393.0), (-4.0, 402.0), (14.0, 403.0), (-40.0, 332.0), (53.0, 338.0), (-9.0, 191.0), (45.0, 196.0), (-12.0, 93.0), (57.0, 98.0), (-2.0, 10.0), (54.0, 26.0), (0, 0), (48.0, 17.0), (-6.0, -22.0), (69.0, -7.0)]
[(6.0, 393.0), (-5.0, 402.0), (13.0, 403.0), (-40.0, 332.0), (53.0, 338.0), (-10.0, 191.0), (44.0, 196.0), (-12.0, 93.0), (56.0, 97.0), (-2.0, 10.0), (52.0, 25.0), (0, 0), (45.0, 15.0), (-6.0, -23.0), (68.0, -9.0)]
[(6.0, 394.0), (-5.0, 403.0), (13.0, 404.0), (-41.0, 333.0), (53.0, 339.0), (-10.0, 192.0), (44.0, 196.0), (-12.0, 93.0), (56.0, 97.0), (-2.0, 10.0), (51.0, 26.0), (0, 0), (44.0, 15.0), (-5.0, -23.0), (66.0, -9.0)]
[(4.0, 394.0), (-7.0, 402.0), (11.0, 404.0), (-43.0, 333.0), (51.0, 339.0), (-11.0, 192.0), (43.0, 196.0), (-12.0, 93.0), (54.0, 97.0), (-3.0, 10.0), (50.0, 26.0), (0, 0), (43.0, 15.0), (-6.0, -23.0), (65.0, -10.0)]
[(3.0, 394.0), (-8.0, 402.0), (11.0, 404.0), (-43.0, 333.0), (51.0, 339.0), (-11.0, 192.0), (43.0, 196.0), (-12.0, 92.0), (54.0, 96.0), (-3.0, 10.0), (50.0, 25.0), (0, 0), (44.0, 14.0), (-4.0, -23.0), (63.0, -11.0)]
[(4.0, 394.0), (-7.0, 402.0), (12.0, 404.0), (-42.0, 333.0), (52.0, 339.0), (-11.0, 192.0), (43.0, 196.0), (-11.0, 91.0), (53.0, 95.0), (-3.0, 10.0), (49.0, 24.0), (0, 0), (43.0, 13.0), (-4.0, -23.0), (62.0, -12.0)]
[(5.0, 393.0), (-7.0, 401.0), (12.0, 403.0), (-41.0, 332.0), (52.0, 338.0), (-11.0, 191.0), (44.0, 195.0), (-11.0, 90.0), (53.0, 94.0), (-3.0, 9.0), (48.0, 23.0), (0, 0), (42.0, 12.0), (-4.0, -22.0), (61.0, -12.0)]
[(4.0, 393.0), (-7.0, 401.0), (12.0, 403.0), (-42.0, 332.0), (51.0, 338.0), (-12.0, 191.0), (43.0, 195.0), (-12.0, 90.0), (51.0, 94.0), (-4.0, 9.0), (47.0, 23.0), (0, 0), (41.0, 12.0), (-5.0, -21.0), (60.0, -12.0)]
[(4.0, 393.0), (-7.0, 401.0), (12.0, 403.0), (-42.0, 331.0), (52.0, 338.0), (-11.0, 190.0), (43.0, 194.0), (-12.0, 90.0), (52.0, 94.0), (-4.0, 10.0), (47.0, 23.0), (0, 0), (42.0, 12.0), (-5.0, -21.0), (60.0, -13.0)]
[(6.0, 392.0), (-6.0, 401.0), (13.0, 403.0), (-41.0, 331.0), (53.0, 338.0), (-11.0, 190.0), (43.0, 194.0), (-12.0, 90.0), (51.0, 94.0), (-4.0, 10.0), (47.0, 23.0), (0, 0), (42.0, 12.0), (-5.0, -21.0), (60.0, -13.0)]
[(7.0, 392.0), (-5.0, 401.0), (15.0, 402.0), (-39.0, 330.0), (55.0, 338.0), (-11.0, 190.0), (44.0, 194.0), (-11.0, 90.0), (50.0, 94.0), (-4.0, 10.0), (47.0, 22.0), (0, 0), (42.0, 11.0), (-5.0, -21.0), (60.0, -14.0)]
[(10.0, 391.0), (-1.0, 400.0), (17.0, 401.0), (-38.0, 329.0), (57.0, 336.0), (-9.0, 189.0), (44.0, 193.0), (-9.0, 89.0), (50.0, 93.0), (-4.0, 9.0), (47.0, 20.0), (0, 0), (41.0, 10.0), (-4.0, -22.0), (60.0, -15.0)]
[(14.0, 390.0), (3.0, 399.0), (21.0, 400.0), (-34.0, 328.0), (60.0, 335.0), (-7.0, 188.0), (46.0, 192.0), (-8.0, 88.0), (52.0, 92.0), (-3.0, 9.0), (48.0, 19.0), (0, 0), (43.0, 9.0), (-4.0, -23.0), (61.0, -16.0)]
[(17.0, 389.0), (6.0, 398.0), (23.0, 399.0), (-31.0, 328.0), (62.0, 334.0), (-6.0, 188.0), (47.0, 192.0), (-6.0, 88.0), (52.0, 92.0), (-3.0, 9.0), (49.0, 17.0), (0, 0), (43.0, 8.0), (-4.0, -23.0), (61.0, -17.0)]
[(19.0, 390.0), (9.0, 399.0), (26.0, 400.0), (-30.0, 329.0), (64.0, 334.0), (-5.0, 190.0), (47.0, 194.0), (-6.0, 89.0), (51.0, 93.0), (-4.0, 10.0), (49.0, 16.0), (0, 0), (43.0, 7.0), (-5.0, -23.0), (61.0, -17.0)]
[(24.0, 387.0), (14.0, 397.0), (32.0, 397.0), (-23.0, 328.0), (71.0, 332.0), (-2.0, 191.0), (49.0, 193.0), (-5.0, 89.0), (52.0, 93.0), (-4.0, 10.0), (49.0, 16.0), (0, 0), (44.0, 6.0), (-5.0, -21.0), (60.0, -18.0)]
[(28.0, 386.0), (18.0, 396.0), (36.0, 396.0), (-19.0, 328.0), (74.0, 331.0), (1.0, 191.0), (51.0, 193.0), (-3.0, 90.0), (53.0, 94.0), (-4.0, 10.0), (49.0, 17.0), (0, 0), (44.0, 7.0), (-5.0, -21.0), (60.0, -18.0)]
[(30.0, 385.0), (20.0, 395.0), (38.0, 394.0), (-17.0, 328.0), (75.0, 329.0), (-1.0, 192.0), (49.0, 193.0), (-5.0, 93.0), (51.0, 95.0), (-6.0, 11.0), (46.0, 18.0), (0, 0), (41.0, 9.0), (-9.0, -21.0), (56.0, -17.0)]
[(31.0, 384.0), (21.0, 394.0), (39.0, 393.0), (-15.0, 327.0), (76.0, 327.0), (-1.0, 191.0), (50.0, 192.0), (-6.0, 95.0), (53.0, 94.0), (-6.0, 11.0), (46.0, 18.0), (0, 0), (41.0, 9.0), (-12.0, -20.0), (55.0, -18.0)]
[(33.0, 384.0), (23.0, 394.0), (41.0, 393.0), (-13.0, 327.0), (77.0, 326.0), (-0.0, 193.0), (50.0, 192.0), (-6.0, 97.0), (53.0, 95.0), (-6.0, 12.0), (46.0, 18.0), (0, 0), (41.0, 9.0), (-13.0, -19.0), (55.0, -17.0)]
[(34.0, 384.0), (25.0, 394.0), (43.0, 393.0), (-11.0, 328.0), (79.0, 325.0), (-0.0, 193.0), (50.0, 192.0), (-6.0, 98.0), (53.0, 95.0), (-6.0, 13.0), (47.0, 19.0), (0, 0), (41.0, 10.0), (-21.0, -18.0), (55.0, -17.0)]
[(37.0, 384.0), (27.0, 393.0), (46.0, 393.0), (-10.0, 328.0), (79.0, 325.0), (2.0, 193.0), (52.0, 192.0), (-5.0, 97.0), (54.0, 95.0), (-6.0, 13.0), (48.0, 19.0), (0, 0), (43.0, 10.0), (-24.0, -18.0), (56.0, -17.0)]
[(37.0, 384.0), (28.0, 393.0), (46.0, 393.0), (-9.0, 328.0), (79.0, 324.0), (2.0, 194.0), (52.0, 193.0), (-5.0, 98.0), (54.0, 97.0), (-6.0, 13.0), (49.0, 19.0), (0, 0), (43.0, 9.0), (-27.0, -18.0), (56.0, -17.0)]
[(38.0, 383.0), (28.0, 392.0), (47.0, 392.0), (-10.0, 327.0), (79.0, 324.0), (2.0, 194.0), (53.0, 193.0), (-6.0, 98.0), (54.0, 97.0), (-6.0, 13.0), (49.0, 18.0), (0, 0), (43.0, 8.0), (-26.0, -19.0), (56.0, -18.0)]
[(40.0, 381.0), (30.0, 390.0), (49.0, 390.0), (-9.0, 325.0), (81.0, 322.0), (4.0, 193.0), (54.0, 191.0), (-4.0, 97.0), (57.0, 96.0), (-6.0, 13.0), (51.0, 17.0), (0, 0), (45.0, 7.0), (-23.0, -18.0), (59.0, -20.0)]
[(41.0, 379.0), (32.0, 388.0), (50.0, 388.0), (-7.0, 323.0), (82.0, 320.0), (6.0, 191.0), (57.0, 189.0), (-3.0, 95.0), (59.0, 94.0), (-5.0, 13.0), (53.0, 15.0), (0, 0), (47.0, 6.0), (-22.0, -19.0), (61.0, -22.0)]
[(41.0, 378.0), (32.0, 387.0), (50.0, 387.0), (-7.0, 323.0), (82.0, 319.0), (6.0, 190.0), (57.0, 188.0), (-3.0, 94.0), (58.0, 94.0), (-5.0, 13.0), (53.0, 14.0), (0, 0), (47.0, 5.0), (-23.0, -20.0), (61.0, -23.0)]
[(44.0, 376.0), (35.0, 385.0), (53.0, 384.0), (-5.0, 321.0), (85.0, 317.0), (9.0, 188.0), (60.0, 186.0), (-1.0, 92.0), (62.0, 92.0), (-5.0, 12.0), (57.0, 12.0), (0, 0), (51.0, 4.0), (-22.0, -21.0), (65.0, -25.0)]
[(44.0, 376.0), (35.0, 385.0), (53.0, 384.0), (-4.0, 321.0), (86.0, 317.0), (9.0, 188.0), (60.0, 186.0), (-0.0, 94.0), (63.0, 93.0), (-6.0, 13.0), (58.0, 13.0), (0, 0), (52.0, 5.0), (-22.0, -20.0), (66.0, -25.0)]
[(44.0, 377.0), (35.0, 386.0), (52.0, 385.0), (-5.0, 322.0), (85.0, 318.0), (9.0, 189.0), (61.0, 187.0), (1.0, 94.0), (64.0, 95.0), (-6.0, 14.0), (60.0, 14.0), (0, 0), (54.0, 6.0), (-22.0, -20.0), (67.0, -23.0)]
[(41.0, 377.0), (33.0, 386.0), (49.0, 386.0), (-8.0, 323.0), (82.0, 319.0), (7.0, 189.0), (59.0, 188.0), (-1.0, 95.0), (63.0, 96.0), (-7.0, 14.0), (59.0, 15.0), (0, 0), (53.0, 7.0), (-25.0, -20.0), (67.0, -22.0)]
[(40.0, 378.0), (31.0, 387.0), (47.0, 386.0), (-9.0, 324.0), (81.0, 320.0), (6.0, 190.0), (58.0, 189.0), (-0.0, 96.0), (64.0, 96.0), (-7.0, 14.0), (60.0, 16.0), (0, 0), (54.0, 8.0), (-24.0, -20.0), (68.0, -21.0)]
[(37.0, 379.0), (29.0, 388.0), (44.0, 387.0), (-12.0, 325.0), (78.0, 321.0), (3.0, 190.0), (56.0, 190.0), (-2.0, 96.0), (63.0, 97.0), (-8.0, 14.0), (60.0, 17.0), (0, 0), (54.0, 8.0), (-23.0, -20.0), (68.0, -20.0)]
[(35.0, 379.0), (27.0, 388.0), (43.0, 387.0), (-14.0, 325.0), (76.0, 321.0), (3.0, 189.0), (56.0, 190.0), (-2.0, 96.0), (63.0, 97.0), (-7.0, 14.0), (61.0, 17.0), (0, 0), (55.0, 8.0), (-22.0, -20.0), (69.0, -20.0)]
[(33.0, 379.0), (24.0, 388.0), (40.0, 387.0), (-17.0, 324.0), (73.0, 321.0), (1.0, 188.0), (54.0, 189.0), (-4.0, 95.0), (62.0, 97.0), (-7.0, 14.0), (61.0, 16.0), (0, 0), (55.0, 6.0), (-21.0, -20.0), (69.0, -20.0)]
[(26.0, 380.0), (18.0, 389.0), (34.0, 388.0), (-24.0, 323.0), (67.0, 322.0), (-0.0, 186.0), (53.0, 189.0), (-5.0, 95.0), (63.0, 98.0), (-9.0, 14.0), (62.0, 17.0), (0, 0), (55.0, 7.0), (-21.0, -21.0), (71.0, -19.0)]
[(23.0, 379.0), (14.0, 388.0), (31.0, 387.0), (-26.0, 321.0), (64.0, 321.0), (-1.0, 184.0), (52.0, 188.0), (-5.0, 94.0), (61.0, 97.0), (-8.0, 14.0), (60.0, 15.0), (0, 0), (54.0, 5.0), (-21.0, -22.0), (72.0, -20.0)]
[(21.0, 377.0), (12.0, 386.0), (29.0, 385.0), (-27.0, 317.0), (63.0, 320.0), (-0.0, 181.0), (52.0, 185.0), (-5.0, 91.0), (62.0, 93.0), (-7.0, 12.0), (61.0, 13.0), (0, 0), (55.0, 3.0), (-20.0, -23.0), (72.0, -22.0)]
[(19.0, 375.0), (9.0, 384.0), (27.0, 383.0), (-28.0, 315.0), (61.0, 318.0), (-1.0, 180.0), (51.0, 183.0), (-6.0, 89.0), (63.0, 91.0), (-7.0, 11.0), (63.0, 11.0), (0, 0), (57.0, 1.0), (-18.0, -25.0), (73.0, -24.0)]
[(19.0, 375.0), (10.0, 383.0), (27.0, 383.0), (-28.0, 314.0), (60.0, 318.0), (-2.0, 180.0), (50.0, 183.0), (-7.0, 89.0), (65.0, 91.0), (-6.0, 11.0), (65.0, 11.0), (0, 0), (59.0, 1.0), (-17.0, -25.0), (76.0, -24.0)]
[(19.0, 375.0), (10.0, 383.0), (28.0, 383.0), (-28.0, 315.0), (61.0, 318.0), (-3.0, 181.0), (50.0, 184.0), (-7.0, 89.0), (66.0, 91.0), (-5.0, 11.0), (66.0, 11.0), (0, 0), (60.0, 1.0), (-17.0, -24.0), (77.0, -24.0)]
[(19.0, 375.0), (10.0, 384.0), (27.0, 384.0), (-28.0, 316.0), (60.0, 319.0), (-3.0, 182.0), (48.0, 186.0), (-8.0, 90.0), (65.0, 93.0), (-6.0, 12.0), (66.0, 12.0), (0, 0), (60.0, 2.0), (-18.0, -23.0), (77.0, -22.0)]
[(19.0, 375.0), (10.0, 384.0), (27.0, 384.0), (-27.0, 316.0), (59.0, 320.0), (-3.0, 183.0), (48.0, 187.0), (-9.0, 90.0), (65.0, 93.0), (-6.0, 12.0), (66.0, 12.0), (0, 0), (61.0, 2.0), (-19.0, -23.0), (78.0, -22.0)]
[(19.0, 374.0), (9.0, 383.0), (26.0, 383.0), (-27.0, 315.0), (59.0, 319.0), (-3.0, 182.0), (47.0, 186.0), (-10.0, 89.0), (64.0, 92.0), (-7.0, 11.0), (65.0, 12.0), (0, 0), (60.0, 1.0), (-20.0, -24.0), (77.0, -23.0)]
[(18.0, 375.0), (8.0, 383.0), (26.0, 383.0), (-28.0, 316.0), (58.0, 319.0), (-4.0, 184.0), (45.0, 188.0), (-10.0, 89.0), (63.0, 93.0), (-8.0, 11.0), (65.0, 11.0), (0, 0), (59.0, 1.0), (-21.0, -24.0), (76.0, -24.0)]
[(17.0, 375.0), (7.0, 383.0), (25.0, 383.0), (-28.0, 316.0), (58.0, 319.0), (-5.0, 185.0), (44.0, 189.0), (-11.0, 90.0), (62.0, 94.0), (-9.0, 11.0), (64.0, 11.0), (0, 0), (58.0, 1.0), (-22.0, -24.0), (74.0, -24.0)]
[(18.0, 375.0), (8.0, 383.0), (25.0, 383.0), (-28.0, 317.0), (58.0, 320.0), (-5.0, 186.0), (45.0, 189.0), (-11.0, 91.0), (62.0, 94.0), (-9.0, 11.0), (64.0, 11.0), (0, 0), (58.0, 1.0), (-22.0, -24.0), (75.0, -24.0)]
[(18.0, 375.0), (8.0, 384.0), (25.0, 384.0), (-28.0, 319.0), (58.0, 321.0), (-5.0, 188.0), (45.0, 191.0), (-11.0, 92.0), (62.0, 95.0), (-9.0, 12.0), (65.0, 11.0), (0, 0), (58.0, 1.0), (-22.0, -23.0), (75.0, -23.0)]
[(18.0, 374.0), (8.0, 383.0), (25.0, 384.0), (-26.0, 319.0), (58.0, 322.0), (-5.0, 189.0), (45.0, 191.0), (-11.0, 93.0), (62.0, 98.0), (-9.0, 12.0), (65.0, 13.0), (0, 0), (59.0, 3.0), (-22.0, -23.0), (75.0, -23.0)]
[(21.0, 374.0), (11.0, 383.0), (28.0, 383.0), (-22.0, 321.0), (59.0, 323.0), (-3.0, 191.0), (47.0, 191.0), (-9.0, 93.0), (64.0, 98.0), (-8.0, 12.0), (66.0, 13.0), (0, 0), (60.0, 3.0), (-20.0, -24.0), (76.0, -23.0)]
[(23.0, 374.0), (13.0, 383.0), (30.0, 383.0), (-18.0, 323.0), (60.0, 324.0), (-2.0, 191.0), (48.0, 192.0), (-8.0, 93.0), (64.0, 98.0), (-8.0, 11.0), (67.0, 13.0), (0, 0), (60.0, 3.0), (-19.0, -26.0), (76.0, -23.0)]
[(25.0, 374.0), (15.0, 382.0), (31.0, 383.0), (-16.0, 324.0), (60.0, 325.0), (-2.0, 191.0), (49.0, 192.0), (-8.0, 93.0), (64.0, 98.0), (-8.0, 11.0), (67.0, 13.0), (0, 0), (60.0, 3.0), (-19.0, -26.0), (76.0, -23.0)]
[(26.0, 376.0), (16.0, 384.0), (33.0, 385.0), (-14.0, 327.0), (62.0, 327.0), (-0.0, 194.0), (51.0, 194.0), (-7.0, 95.0), (67.0, 99.0), (-8.0, 12.0), (68.0, 13.0), (0, 0), (61.0, 3.0), (-18.0, -25.0), (77.0, -21.0)]
[(27.0, 376.0), (17.0, 384.0), (34.0, 385.0), (-13.0, 326.0), (64.0, 328.0), (2.0, 195.0), (53.0, 195.0), (-5.0, 96.0), (68.0, 99.0), (-8.0, 12.0), (68.0, 13.0), (0, 0), (61.0, 3.0), (-18.0, -25.0), (77.0, -21.0)]
[(27.0, 378.0), (17.0, 386.0), (34.0, 387.0), (-14.0, 328.0), (64.0, 330.0), (2.0, 197.0), (53.0, 197.0), (-4.0, 98.0), (67.0, 101.0), (-9.0, 13.0), (67.0, 15.0), (0, 0), (60.0, 5.0), (-19.0, -23.0), (76.0, -19.0)]
[(28.0, 377.0), (18.0, 386.0), (35.0, 386.0), (-13.0, 328.0), (65.0, 330.0), (3.0, 197.0), (54.0, 197.0), (-3.0, 98.0), (67.0, 101.0), (-9.0, 13.0), (67.0, 15.0), (0, 0), (61.0, 5.0), (-19.0, -23.0), (76.0, -19.0)]
[(29.0, 377.0), (19.0, 385.0), (36.0, 386.0), (-11.0, 329.0), (68.0, 330.0), (5.0, 197.0), (56.0, 197.0), (-3.0, 97.0), (70.0, 99.0), (-8.0, 13.0), (68.0, 15.0), (0, 0), (62.0, 5.0), (-19.0, -23.0), (77.0, -19.0)]
[(29.0, 378.0), (19.0, 386.0), (36.0, 386.0), (-10.0, 330.0), (69.0, 331.0), (5.0, 198.0), (56.0, 198.0), (-3.0, 98.0), (70.0, 99.0), (-8.0, 14.0), (69.0, 15.0), (0, 0), (64.0, 6.0), (-22.0, -21.0), (77.0, -18.0)]
[(29.0, 377.0), (19.0, 386.0), (36.0, 386.0), (-11.0, 330.0), (69.0, 331.0), (4.0, 198.0), (54.0, 197.0), (-4.0, 97.0), (69.0, 98.0), (-9.0, 14.0), (69.0, 15.0), (0, 0), (63.0, 6.0), (-23.0, -21.0), (76.0, -18.0)]
[(29.0, 377.0), (19.0, 385.0), (36.0, 385.0), (-11.0, 330.0), (69.0, 331.0), (4.0, 197.0), (55.0, 196.0), (-5.0, 97.0), (69.0, 97.0), (-8.0, 13.0), (69.0, 15.0), (0, 0), (63.0, 6.0), (-25.0, -22.0), (76.0, -18.0)]
[(29.0, 376.0), (19.0, 384.0), (36.0, 384.0), (-12.0, 330.0), (69.0, 331.0), (4.0, 196.0), (55.0, 195.0), (-6.0, 97.0), (69.0, 97.0), (-8.0, 13.0), (69.0, 15.0), (0, 0), (63.0, 6.0), (-25.0, -22.0), (77.0, -18.0)]
[(29.0, 376.0), (19.0, 384.0), (36.0, 384.0), (-12.0, 331.0), (69.0, 331.0), (4.0, 196.0), (55.0, 195.0), (-7.0, 98.0), (70.0, 96.0), (-8.0, 13.0), (69.0, 15.0), (0, 0), (62.0, 6.0), (-25.0, -21.0), (77.0, -17.0)]
[(29.0, 375.0), (19.0, 383.0), (36.0, 383.0), (-12.0, 331.0), (69.0, 330.0), (3.0, 193.0), (55.0, 193.0), (-9.0, 96.0), (70.0, 94.0), (-8.0, 13.0), (69.0, 15.0), (0, 0), (63.0, 6.0), (-25.0, -21.0), (77.0, -17.0)]
[(29.0, 373.0), (19.0, 381.0), (36.0, 381.0), (-12.0, 328.0), (69.0, 328.0), (3.0, 188.0), (55.0, 189.0), (-14.0, 93.0), (70.0, 91.0), (-9.0, 13.0), (69.0, 15.0), (0, 0), (62.0, 6.0), (-26.0, -21.0), (78.0, -17.0)]
[(29.0, 371.0), (19.0, 379.0), (36.0, 379.0), (-13.0, 327.0), (69.0, 326.0), (3.0, 186.0), (55.0, 186.0), (-15.0, 92.0), (70.0, 89.0), (-9.0, 13.0), (69.0, 14.0), (0, 0), (62.0, 6.0), (-27.0, -20.0), (78.0, -18.0)]
[(28.0, 370.0), (19.0, 377.0), (36.0, 377.0), (-14.0, 325.0), (69.0, 324.0), (2.0, 184.0), (55.0, 185.0), (-17.0, 90.0), (70.0, 87.0), (-9.0, 13.0), (69.0, 14.0), (0, 0), (61.0, 5.0), (-27.0, -20.0), (78.0, -18.0)]
[(28.0, 368.0), (19.0, 375.0), (36.0, 375.0), (-15.0, 322.0), (68.0, 322.0), (2.0, 181.0), (55.0, 182.0), (-17.0, 88.0), (71.0, 86.0), (-9.0, 13.0), (69.0, 13.0), (0, 0), (61.0, 5.0), (-27.0, -20.0), (78.0, -19.0)]
[(28.0, 365.0), (19.0, 373.0), (36.0, 373.0), (-16.0, 321.0), (67.0, 320.0), (2.0, 181.0), (55.0, 182.0), (-18.0, 88.0), (71.0, 86.0), (-9.0, 13.0), (69.0, 14.0), (0, 0), (61.0, 6.0), (-28.0, -19.0), (78.0, -18.0)]
[(27.0, 362.0), (18.0, 369.0), (35.0, 369.0), (-18.0, 317.0), (67.0, 318.0), (2.0, 178.0), (55.0, 179.0), (-19.0, 85.0), (73.0, 84.0), (-10.0, 13.0), (69.0, 14.0), (0, 0), (61.0, 5.0), (-29.0, -18.0), (79.0, -18.0)]
[(26.0, 360.0), (17.0, 367.0), (34.0, 367.0), (-19.0, 316.0), (66.0, 316.0), (1.0, 176.0), (55.0, 179.0), (-21.0, 85.0), (74.0, 85.0), (-10.0, 14.0), (69.0, 16.0), (0, 0), (61.0, 7.0), (-29.0, -15.0), (80.0, -16.0)]
[(26.0, 358.0), (17.0, 365.0), (34.0, 364.0), (-18.0, 313.0), (66.0, 313.0), (2.0, 174.0), (56.0, 176.0), (-21.0, 84.0), (77.0, 84.0), (-9.0, 13.0), (70.0, 17.0), (0, 0), (62.0, 8.0), (-28.0, -15.0), (81.0, -15.0)]
[(25.0, 350.0), (17.0, 357.0), (34.0, 357.0), (-18.0, 306.0), (66.0, 306.0), (2.0, 169.0), (56.0, 171.0), (-21.0, 83.0), (77.0, 83.0), (-9.0, 12.0), (71.0, 17.0), (0, 0), (64.0, 9.0), (-27.0, -15.0), (82.0, -14.0)]
[(25.0, 348.0), (16.0, 354.0), (34.0, 354.0), (-17.0, 300.0), (66.0, 301.0), (2.0, 166.0), (56.0, 167.0), (-23.0, 81.0), (77.0, 79.0), (-9.0, 12.0), (71.0, 16.0), (0, 0), (64.0, 8.0), (-28.0, -16.0), (82.0, -15.0)]
[(25.0, 328.0), (16.0, 335.0), (34.0, 335.0), (-16.0, 283.0), (66.0, 287.0), (3.0, 156.0), (57.0, 156.0), (-27.0, 79.0), (78.0, 77.0), (-9.0, 11.0), (71.0, 14.0), (0, 0), (64.0, 7.0), (-31.0, -15.0), (83.0, -15.0)]
[(24.0, 318.0), (15.0, 325.0), (33.0, 325.0), (-17.0, 275.0), (65.0, 279.0), (2.0, 153.0), (56.0, 154.0), (-30.0, 79.0), (77.0, 78.0), (-10.0, 11.0), (70.0, 14.0), (0, 0), (62.0, 7.0), (-31.0, -16.0), (82.0, -15.0)]
[(22.0, 311.0), (13.0, 318.0), (31.0, 318.0), (-18.0, 270.0), (63.0, 272.0), (-0.0, 152.0), (54.0, 152.0), (-32.0, 79.0), (76.0, 78.0), (-10.0, 11.0), (68.0, 15.0), (0, 0), (61.0, 8.0), (-33.0, -16.0), (79.0, -16.0)]
[(22.0, 301.0), (12.0, 309.0), (30.0, 309.0), (-18.0, 264.0), (62.0, 265.0), (-1.0, 150.0), (53.0, 150.0), (-33.0, 80.0), (77.0, 78.0), (-11.0, 11.0), (67.0, 15.0), (0, 0), (60.0, 8.0), (-34.0, -16.0), (78.0, -16.0)]
[(23.0, 295.0), (13.0, 301.0), (31.0, 302.0), (-17.0, 255.0), (62.0, 256.0), (-0.0, 147.0), (53.0, 147.0), (-33.0, 80.0), (78.0, 78.0), (-11.0, 11.0), (67.0, 15.0), (0, 0), (59.0, 8.0), (-35.0, -16.0), (76.0, -16.0)]
[(23.0, 286.0), (13.0, 294.0), (31.0, 295.0), (-16.0, 248.0), (62.0, 251.0), (-0.0, 145.0), (53.0, 145.0), (-34.0, 80.0), (78.0, 78.0), (-10.0, 11.0), (66.0, 15.0), (0, 0), (57.0, 8.0), (-35.0, -16.0), (76.0, -16.0)]
[(23.0, 276.0), (14.0, 283.0), (31.0, 284.0), (-16.0, 242.0), (64.0, 244.0), (-0.0, 144.0), (52.0, 144.0), (-34.0, 79.0), (78.0, 78.0), (-10.0, 11.0), (66.0, 15.0), (0, 0), (57.0, 8.0), (-30.0, -16.0), (75.0, -16.0)]
[(25.0, 257.0), (16.0, 266.0), (33.0, 266.0), (-17.0, 222.0), (65.0, 227.0), (-1.0, 140.0), (52.0, 140.0), (-35.0, 79.0), (78.0, 79.0), (-10.0, 11.0), (66.0, 15.0), (0, 0), (57.0, 7.0), (-30.0, -16.0), (75.0, -16.0)]
[(25.0, 247.0), (16.0, 256.0), (33.0, 256.0), (-16.0, 218.0), (66.0, 217.0), (-1.0, 136.0), (51.0, 135.0), (-35.0, 82.0), (78.0, 79.0), (-10.0, 12.0), (65.0, 15.0), (0, 0), (56.0, 6.0), (-30.0, -16.0), (75.0, -16.0)]
[(25.0, 238.0), (17.0, 248.0), (34.0, 247.0), (-16.0, 212.0), (67.0, 208.0), (-0.0, 131.0), (51.0, 131.0), (-35.0, 83.0), (79.0, 78.0), (-10.0, 12.0), (65.0, 16.0), (0, 0), (56.0, 7.0), (-30.0, -17.0), (75.0, -16.0)]
[(26.0, 237.0), (18.0, 246.0), (35.0, 245.0), (-15.0, 213.0), (67.0, 207.0), (-0.0, 133.0), (51.0, 132.0), (-35.0, 84.0), (79.0, 78.0), (-10.0, 12.0), (65.0, 16.0), (0, 0), (57.0, 7.0), (-31.0, -17.0), (75.0, -16.0)]
[(26.0, 230.0), (18.0, 238.0), (35.0, 239.0), (-14.0, 208.0), (68.0, 203.0), (-0.0, 129.0), (50.0, 128.0), (-35.0, 84.0), (79.0, 78.0), (-9.0, 12.0), (65.0, 16.0), (0, 0), (58.0, 7.0), (-31.0, -18.0), (75.0, -15.0)]
[(28.0, 220.0), (19.0, 230.0), (37.0, 230.0), (-13.0, 203.0), (68.0, 199.0), (1.0, 127.0), (50.0, 125.0), (-35.0, 85.0), (79.0, 78.0), (-9.0, 12.0), (65.0, 17.0), (0, 0), (58.0, 8.0), (-31.0, -18.0), (75.0, -15.0)]
[(29.0, 214.0), (20.0, 223.0), (38.0, 223.0), (-12.0, 198.0), (69.0, 193.0), (1.0, 125.0), (50.0, 123.0), (-35.0, 87.0), (79.0, 84.0), (-9.0, 12.0), (65.0, 17.0), (0, 0), (60.0, 8.0), (-31.0, -18.0), (75.0, -14.0)]
[(30.0, 208.0), (21.0, 218.0), (39.0, 219.0), (-12.0, 194.0), (71.0, 188.0), (1.0, 122.0), (50.0, 121.0), (-35.0, 87.0), (79.0, 87.0), (-9.0, 12.0), (65.0, 17.0), (0, 0), (60.0, 8.0), (-30.0, -18.0), (75.0, -14.0)]
[(32.0, 200.0), (21.0, 210.0), (40.0, 211.0), (-11.0, 189.0), (71.0, 184.0), (2.0, 117.0), (50.0, 115.0), (-34.0, 86.0), (79.0, 86.0), (-9.0, 12.0), (65.0, 14.0), (0, 0), (59.0, 5.0), (-29.0, -20.0), (75.0, -17.0)]
[(32.0, 198.0), (22.0, 208.0), (41.0, 209.0), (-10.0, 188.0), (72.0, 182.0), (2.0, 116.0), (50.0, 113.0), (-34.0, 86.0), (81.0, 85.0), (-9.0, 12.0), (65.0, 13.0), (0, 0), (59.0, 4.0), (-29.0, -20.0), (75.0, -17.0)]
[(32.0, 196.0), (21.0, 206.0), (41.0, 207.0), (-10.0, 188.0), (71.0, 181.0), (1.0, 116.0), (49.0, 113.0), (-34.0, 86.0), (80.0, 85.0), (-10.0, 12.0), (64.0, 13.0), (0, 0), (58.0, 4.0), (-30.0, -19.0), (74.0, -17.0)]
[(32.0, 198.0), (21.0, 208.0), (41.0, 209.0), (-9.0, 189.0), (73.0, 181.0), (2.0, 117.0), (50.0, 114.0), (-33.0, 86.0), (80.0, 85.0), (-9.0, 12.0), (64.0, 14.0), (0, 0), (58.0, 5.0), (-29.0, -19.0), (73.0, -17.0)]
[(33.0, 206.0), (23.0, 215.0), (42.0, 217.0), (-7.0, 193.0), (73.0, 187.0), (4.0, 119.0), (51.0, 117.0), (-32.0, 87.0), (78.0, 86.0), (-9.0, 12.0), (64.0, 14.0), (0, 0), (58.0, 4.0), (-30.0, -18.0), (73.0, -16.0)]
[(34.0, 209.0), (24.0, 218.0), (43.0, 219.0), (-7.0, 195.0), (73.0, 189.0), (5.0, 122.0), (52.0, 120.0), (-29.0, 86.0), (77.0, 86.0), (-9.0, 12.0), (64.0, 14.0), (0, 0), (58.0, 4.0), (-30.0, -18.0), (73.0, -16.0)]
[(35.0, 236.0), (26.0, 244.0), (44.0, 246.0), (-6.0, 213.0), (74.0, 210.0), (7.0, 135.0), (55.0, 134.0), (-23.0, 84.0), (77.0, 83.0), (-8.0, 11.0), (66.0, 14.0), (0, 0), (59.0, 4.0), (-29.0, -18.0), (74.0, -16.0)]
[(36.0, 247.0), (26.0, 255.0), (44.0, 257.0), (-6.0, 222.0), (74.0, 220.0), (8.0, 143.0), (55.0, 141.0), (-19.0, 85.0), (76.0, 83.0), (-8.0, 11.0), (66.0, 14.0), (0, 0), (59.0, 3.0), (-29.0, -17.0), (74.0, -16.0)]
[(35.0, 259.0), (26.0, 267.0), (44.0, 267.0), (-6.0, 232.0), (74.0, 228.0), (9.0, 149.0), (56.0, 147.0), (-18.0, 85.0), (75.0, 83.0), (-8.0, 11.0), (66.0, 15.0), (0, 0), (60.0, 4.0), (-29.0, -17.0), (74.0, -16.0)]
[(36.0, 271.0), (26.0, 279.0), (45.0, 280.0), (-6.0, 241.0), (76.0, 236.0), (9.0, 154.0), (58.0, 152.0), (-16.0, 86.0), (74.0, 84.0), (-8.0, 13.0), (66.0, 16.0), (0, 0), (60.0, 5.0), (-29.0, -16.0), (74.0, -15.0)]
[(37.0, 280.0), (27.0, 288.0), (46.0, 290.0), (-6.0, 249.0), (78.0, 243.0), (9.0, 158.0), (59.0, 156.0), (-14.0, 90.0), (72.0, 92.0), (-9.0, 13.0), (66.0, 17.0), (0, 0), (60.0, 6.0), (-29.0, -16.0), (74.0, -14.0)]
[(37.0, 293.0), (28.0, 301.0), (46.0, 301.0), (-6.0, 256.0), (78.0, 252.0), (9.0, 166.0), (59.0, 163.0), (-11.0, 91.0), (71.0, 91.0), (-9.0, 13.0), (65.0, 17.0), (0, 0), (60.0, 6.0), (-29.0, -15.0), (74.0, -14.0)]
[(37.0, 305.0), (28.0, 313.0), (46.0, 313.0), (-6.0, 265.0), (79.0, 261.0), (9.0, 168.0), (60.0, 165.0), (-11.0, 92.0), (70.0, 90.0), (-8.0, 13.0), (64.0, 16.0), (0, 0), (60.0, 6.0), (-29.0, -15.0), (73.0, -14.0)]
[(37.0, 316.0), (28.0, 324.0), (45.0, 325.0), (-7.0, 273.0), (79.0, 270.0), (10.0, 172.0), (60.0, 169.0), (-10.0, 93.0), (70.0, 91.0), (-8.0, 14.0), (64.0, 17.0), (0, 0), (58.0, 7.0), (-28.0, -14.0), (73.0, -13.0)]
[(37.0, 325.0), (29.0, 333.0), (45.0, 333.0), (-7.0, 280.0), (79.0, 277.0), (10.0, 174.0), (60.0, 171.0), (-8.0, 93.0), (70.0, 90.0), (-8.0, 14.0), (64.0, 16.0), (0, 0), (57.0, 7.0), (-28.0, -15.0), (73.0, -14.0)]
[(37.0, 334.0), (28.0, 341.0), (45.0, 343.0), (-8.0, 286.0), (78.0, 284.0), (10.0, 176.0), (61.0, 174.0), (-8.0, 94.0), (70.0, 90.0), (-8.0, 14.0), (64.0, 16.0), (0, 0), (57.0, 7.0), (-28.0, -15.0), (74.0, -14.0)]
[(37.0, 343.0), (28.0, 351.0), (45.0, 351.0), (-9.0, 291.0), (78.0, 290.0), (10.0, 175.0), (61.0, 175.0), (-7.0, 92.0), (70.0, 88.0), (-8.0, 14.0), (64.0, 15.0), (0, 0), (57.0, 6.0), (-28.0, -15.0), (74.0, -16.0)]