[(36.0, 400.0), (28.0, 409.0), (46.0, 409.0), (-7.0, 343.0), (82.0, 344.0), (17.0, 204.0), (69.0, 206.0), (4.0, 105.0), (85.0, 108.0), (-6.0, 12.0), (99.0, 15.0), (0, 0), (95.0, 2.0), (-29.0, -20.0), (118.0, -15.0)]
[(36.0, 400.0), (28.0, 409.0), (46.0, 409.0), (-7.0, 343.0), (81.0, 344.0), (17.0, 204.0), (69.0, 206.0), (5.0, 105.0), (85.0, 107.0), (-6.0, 12.0), (99.0, 14.0), (0, 0), (95.0, 2.0), (-29.0, -20.0), (118.0, -15.0)]
[(36.0, 399.0), (28.0, 409.0), (46.0, 408.0), (-7.0, 343.0), (81.0, 344.0), (17.0, 205.0), (69.0, 206.0), (5.0, 105.0), (84.0, 106.0), (-7.0, 12.0), (99.0, 14.0), (0, 0), (95.0, 2.0), (-29.0, -20.0), (118.0, -15.0)]
[(36.0, 399.0), (28.0, 409.0), (46.0, 408.0), (-7.0, 343.0), (81.0, 344.0), (17.0, 205.0), (69.0, 207.0), (5.0, 105.0), (84.0, 107.0), (-7.0, 12.0), (98.0, 14.0), (0, 0), (95.0, 2.0), (-29.0, -20.0), (118.0, -15.0)]
[(36.0, 399.0), (28.0, 409.0), (46.0, 408.0), (-7.0, 343.0), (81.0, 344.0), (17.0, 205.0), (69.0, 207.0), (6.0, 105.0), (84.0, 107.0), (-7.0, 12.0), (98.0, 13.0), (0, 0), (95.0, 2.0), (-29.0, -20.0), (118.0, -15.0)]
[(36.0, 399.0), (28.0, 409.0), (46.0, 409.0), (-7.0, 343.0), (81.0, 345.0), (17.0, 205.0), (69.0, 207.0), (6.0, 105.0), (84.0, 106.0), (-7.0, 12.0), (98.0, 13.0), (0, 0), (95.0, 2.0), (-29.0, -20.0), (118.0, -16.0)]
[(36.0, 399.0), (28.0, 409.0), (46.0, 409.0), (-7.0, 343.0), (81.0, 345.0), (17.0, 205.0), (69.0, 206.0), (6.0, 105.0), (84.0, 106.0), (-7.0, 12.0), (98.0, 13.0), (0, 0), (95.0, 2.0), (-28.0, -21.0), (118.0, -16.0)]
[(36.0, 399.0), (28.0, 409.0), (46.0, 409.0), (-7.0, 343.0), (81.0, 344.0), (17.0, 204.0), (69.0, 206.0), (6.0, 104.0), (84.0, 106.0), (-7.0, 12.0), (98.0, 13.0), (0, 0), (95.0, 2.0), (-28.0, -21.0), (118.0, -16.0)]
[(36.0, 399.0), (28.0, 409.0), (46.0, 409.0), (-7.0, 343.0), (81.0, 344.0), (17.0, 205.0), (69.0, 207.0), (6.0, 105.0), (84.0, 107.0), (-7.0, 12.0), (98.0, 13.0), (0, 0), (95.0, 2.0), (-28.0, -22.0), (118.0, -16.0)]
[(36.0, 399.0), (28.0, 409.0), (46.0, 409.0), (-7.0, 342.0), (81.0, 344.0), (17.0, 205.0), (69.0, 207.0), (6.0, 104.0), (84.0, 107.0), (-7.0, 11.0), (98.0, 13.0), (0, 0), (95.0, 3.0), (-28.0, -22.0), (118.0, -16.0)]
[(36.0, 399.0), (28.0, 409.0), (46.0, 409.0), (-7.0, 343.0), (81.0, 344.0), (17.0, 205.0), (69.0, 207.0), (6.0, 104.0), (84.0, 107.0), (-7.0, 11.0), (98.0, 13.0), (0, 0), (95.0, 3.0), (-28.0, -22.0), (118.0, -16.0)]
[(36.0, 400.0), (28.0, 410.0), (46.0, 410.0), (-7.0, 344.0), (81.0, 345.0), (17.0, 206.0), (69.0, 207.0), (6.0, 105.0), (83.0, 108.0), (-7.0, 12.0), (98.0, 14.0), (0, 0), (95.0, 4.0), (-27.0, -21.0), (118.0, -15.0)]
[(36.0, 400.0), (28.0, 410.0), (46.0, 410.0), (-7.0, 344.0), (81.0, 345.0), (17.0, 206.0), (69.0, 208.0), (6.0, 105.0), (83.0, 108.0), (-7.0, 12.0), (98.0, 14.0), (0, 0), (95.0, 4.0), (-27.0, -22.0), (118.0, -15.0)]
[(36.0, 401.0), (28.0, 410.0), (46.0, 410.0), (-7.0, 344.0), (81.0, 345.0), (17.0, 206.0), (69.0, 207.0), (6.0, 105.0), (83.0, 108.0), (-7.0, 12.0), (98.0, 14.0), (0, 0), (95.0, 5.0), (-27.0, -22.0), (117.0, -15.0)]
[(36.0, 401.0), (28.0, 410.0), (46.0, 410.0), (-7.0, 344.0), (81.0, 346.0), (17.0, 205.0), (69.0, 207.0), (6.0, 105.0), (83.0, 108.0), (-7.0, 12.0), (98.0, 14.0), (0, 0), (95.0, 5.0), (-27.0, -22.0), (117.0, -15.0)]
[(36.0, 401.0), (28.0, 410.0), (46.0, 410.0), (-7.0, 344.0), (81.0, 346.0), (17.0, 205.0), (69.0, 207.0), (6.0, 105.0), (83.0, 108.0), (-7.0, 12.0), (98.0, 15.0), (0, 0), (95.0, 5.0), (-27.0, -22.0), (117.0, -15.0)]
[(36.0, 401.0), (28.0, 410.0), (46.0, 410.0), (-7.0, 344.0), (81.0, 346.0), (17.0, 205.0), (69.0, 207.0), (6.0, 105.0), (83.0, 108.0), (-7.0, 12.0), (98.0, 15.0), (0, 0), (95.0, 5.0), (-27.0, -22.0), (117.0, -14.0)]
[(36.0, 401.0), (28.0, 410.0), (46.0, 410.0), (-7.0, 344.0), (81.0, 345.0), (17.0, 205.0), (69.0, 207.0), (6.0, 105.0), (84.0, 108.0), (-7.0, 12.0), (99.0, 15.0), (0, 0), (97.0, 5.0), (-27.0, -22.0), (116.0, -14.0)]
[(36.0, 401.0), (28.0, 410.0), (46.0, 410.0), (-7.0, 344.0), (81.0, 345.0), (17.0, 205.0), (69.0, 207.0), (6.0, 105.0), (84.0, 108.0), (-7.0, 12.0), (99.0, 15.0), (0, 0), (97.0, 5.0), (-27.0, -22.0), (116.0, -14.0)]
[(36.0, 401.0), (28.0, 410.0), (46.0, 410.0), (-7.0, 344.0), (81.0, 345.0), (17.0, 205.0), (69.0, 207.0), (6.0, 105.0), (84.0, 108.0), (-7.0, 12.0), (100.0, 15.0), (0, 0), (97.0, 5.0), (-27.0, -22.0), (115.0, -14.0)]
[(36.0, 401.0), (28.0, 410.0), (46.0, 410.0), (-7.0, 344.0), (81.0, 345.0), (17.0, 205.0), (69.0, 207.0), (6.0, 105.0), (84.0, 108.0), (-7.0, 12.0), (100.0, 15.0), (0, 0), (98.0, 5.0), (-27.0, -22.0), (115.0, -14.0)]
[(37.0, 402.0), (28.0, 411.0), (46.0, 411.0), (-7.0, 344.0), (81.0, 345.0), (17.0, 205.0), (69.0, 207.0), (6.0, 105.0), (84.0, 108.0), (-7.0, 12.0), (100.0, 15.0), (0, 0), (97.0, 5.0), (-27.0, -22.0), (115.0, -14.0)]
[(39.0, 401.0), (29.0, 410.0), (48.0, 410.0), (-6.0, 343.0), (82.0, 344.0), (18.0, 204.0), (70.0, 206.0), (7.0, 104.0), (85.0, 107.0), (-6.0, 11.0), (100.0, 14.0), (0, 0), (98.0, 4.0), (-26.0, -23.0), (117.0, -15.0)]
[(40.0, 401.0), (30.0, 410.0), (49.0, 410.0), (-6.0, 343.0), (82.0, 344.0), (18.0, 204.0), (70.0, 206.0), (7.0, 104.0), (84.0, 108.0), (-6.0, 11.0), (100.0, 14.0), (0, 0), (98.0, 4.0), (-26.0, -23.0), (117.0, -15.0)]
[(41.0, 401.0), (30.0, 410.0), (50.0, 410.0), (-6.0, 343.0), (82.0, 344.0), (18.0, 204.0), (70.0, 206.0), (7.0, 104.0), (84.0, 108.0), (-6.0, 12.0), (100.0, 14.0), (0, 0), (97.0, 4.0), (-26.0, -23.0), (117.0, -15.0)]
[(41.0, 401.0), (31.0, 410.0), (50.0, 410.0), (-6.0, 343.0), (82.0, 344.0), (18.0, 204.0), (69.0, 206.0), (7.0, 104.0), (83.0, 108.0), (-6.0, 11.0), (100.0, 14.0), (0, 0), (97.0, 4.0), (-26.0, -23.0), (117.0, -15.0)]
[(42.0, 401.0), (31.0, 410.0), (51.0, 410.0), (-6.0, 343.0), (82.0, 344.0), (17.0, 204.0), (69.0, 206.0), (7.0, 104.0), (83.0, 107.0), (-6.0, 11.0), (100.0, 14.0), (0, 0), (97.0, 4.0), (-26.0, -23.0), (117.0, -15.0)]
[(42.0, 401.0), (31.0, 410.0), (51.0, 410.0), (-6.0, 343.0), (82.0, 344.0), (17.0, 204.0), (69.0, 206.0), (7.0, 103.0), (82.0, 107.0), (-6.0, 11.0), (99.0, 14.0), (0, 0), (96.0, 4.0), (-26.0, -23.0), (117.0, -15.0)]
[(42.0, 401.0), (31.0, 410.0), (51.0, 410.0), (-6.0, 343.0), (82.0, 343.0), (17.0, 204.0), (69.0, 206.0), (7.0, 103.0), (82.0, 107.0), (-6.0, 11.0), (99.0, 14.0), (0, 0), (96.0, 4.0), (-26.0, -23.0), (117.0, -15.0)]
[(42.0, 401.0), (31.0, 410.0), (51.0, 410.0), (-6.0, 343.0), (82.0, 343.0), (17.0, 204.0), (68.0, 206.0), (7.0, 103.0), (82.0, 107.0), (-6.0, 11.0), (99.0, 14.0), (0, 0), (96.0, 4.0), (-26.0, -23.0), (117.0, -15.0)]
[(42.0, 401.0), (31.0, 410.0), (51.0, 410.0), (-7.0, 343.0), (82.0, 343.0), (16.0, 204.0), (68.0, 206.0), (7.0, 103.0), (82.0, 107.0), (-6.0, 11.0), (99.0, 14.0), (0, 0), (96.0, 4.0), (-26.0, -23.0), (117.0, -15.0)]
[(41.0, 401.0), (30.0, 410.0), (50.0, 410.0), (-8.0, 343.0), (81.0, 343.0), (15.0, 204.0), (67.0, 206.0), (6.0, 103.0), (81.0, 106.0), (-7.0, 11.0), (98.0, 13.0), (0, 0), (95.0, 4.0), (-27.0, -23.0), (116.0, -15.0)]
[(41.0, 401.0), (30.0, 410.0), (49.0, 410.0), (-8.0, 343.0), (81.0, 343.0), (15.0, 204.0), (66.0, 206.0), (6.0, 103.0), (81.0, 106.0), (-7.0, 11.0), (98.0, 13.0), (0, 0), (95.0, 4.0), (-27.0, -23.0), (116.0, -15.0)]
[(40.0, 401.0), (30.0, 410.0), (49.0, 410.0), (-8.0, 343.0), (81.0, 343.0), (15.0, 204.0), (66.0, 206.0), (6.0, 103.0), (81.0, 106.0), (-7.0, 11.0), (98.0, 13.0), (0, 0), (95.0, 4.0), (-28.0, -23.0), (116.0, -15.0)]
[(41.0, 401.0), (30.0, 410.0), (49.0, 410.0), (-8.0, 343.0), (81.0, 343.0), (15.0, 204.0), (66.0, 206.0), (6.0, 103.0), (81.0, 106.0), (-7.0, 11.0), (98.0, 13.0), (0, 0), (95.0, 4.0), (-28.0, -23.0), (116.0, -15.0)]
[(40.0, 401.0), (30.0, 410.0), (49.0, 410.0), (-8.0, 343.0), (81.0, 343.0), (15.0, 204.0), (67.0, 206.0), (6.0, 103.0), (81.0, 106.0), (-7.0, 11.0), (98.0, 13.0), (0, 0), (95.0, 4.0), (-28.0, -23.0), (116.0, -15.0)]
[(40.0, 401.0), (30.0, 410.0), (49.0, 410.0), (-8.0, 343.0), (81.0, 344.0), (16.0, 205.0), (67.0, 206.0), (6.0, 103.0), (81.0, 106.0), (-7.0, 11.0), (98.0, 13.0), (0, 0), (94.0, 4.0), (-28.0, -23.0), (116.0, -15.0)]
[(40.0, 401.0), (30.0, 410.0), (49.0, 410.0), (-8.0, 343.0), (81.0, 344.0), (16.0, 205.0), (67.0, 206.0), (6.0, 104.0), (81.0, 106.0), (-7.0, 11.0), (98.0, 13.0), (0, 0), (94.0, 4.0), (-28.0, -23.0), (116.0, -15.0)]
[(40.0, 402.0), (30.0, 411.0), (49.0, 411.0), (-8.0, 344.0), (81.0, 345.0), (16.0, 206.0), (67.0, 207.0), (6.0, 105.0), (81.0, 107.0), (-7.0, 12.0), (98.0, 14.0), (0, 0), (94.0, 5.0), (-28.0, -22.0), (116.0, -14.0)]
[(40.0, 401.0), (30.0, 410.0), (49.0, 410.0), (-8.0, 343.0), (81.0, 344.0), (16.0, 205.0), (68.0, 206.0), (6.0, 104.0), (81.0, 106.0), (-7.0, 11.0), (98.0, 13.0), (0, 0), (94.0, 4.0), (-28.0, -23.0), (116.0, -15.0)]
[(40.0, 401.0), (30.0, 410.0), (49.0, 410.0), (-8.0, 343.0), (81.0, 344.0), (16.0, 205.0), (68.0, 206.0), (6.0, 103.0), (81.0, 106.0), (-7.0, 11.0), (98.0, 13.0), (0, 0), (94.0, 4.0), (-28.0, -23.0), (116.0, -15.0)]
[(40.0, 401.0), (30.0, 410.0), (49.0, 410.0), (-8.0, 343.0), (81.0, 344.0), (16.0, 205.0), (68.0, 206.0), (6.0, 103.0), (81.0, 106.0), (-7.0, 11.0), (98.0, 13.0), (0, 0), (94.0, 4.0), (-28.0, -23.0), (116.0, -16.0)]
[(41.0, 402.0), (30.0, 411.0), (49.0, 411.0), (-8.0, 344.0), (81.0, 345.0), (16.0, 206.0), (68.0, 207.0), (6.0, 104.0), (81.0, 107.0), (-7.0, 12.0), (98.0, 14.0), (0, 0), (94.0, 5.0), (-28.0, -22.0), (116.0, -15.0)]
[(41.0, 402.0), (30.0, 411.0), (49.0, 411.0), (-8.0, 344.0), (81.0, 345.0), (16.0, 206.0), (68.0, 207.0), (6.0, 104.0), (81.0, 107.0), (-7.0, 12.0), (98.0, 14.0), (0, 0), (94.0, 5.0), (-28.0, -22.0), (117.0, -15.0)]
[(41.0, 402.0), (30.0, 411.0), (49.0, 411.0), (-8.0, 344.0), (81.0, 345.0), (17.0, 205.0), (68.0, 207.0), (6.0, 104.0), (81.0, 107.0), (-7.0, 11.0), (98.0, 14.0), (0, 0), (94.0, 5.0), (-28.0, -22.0), (117.0, -14.0)]
[(41.0, 402.0), (30.0, 411.0), (49.0, 411.0), (-8.0, 344.0), (81.0, 345.0), (17.0, 205.0), (68.0, 207.0), (6.0, 104.0), (81.0, 108.0), (-7.0, 11.0), (98.0, 14.0), (0, 0), (94.0, 5.0), (-28.0, -22.0), (117.0, -14.0)]
[(41.0, 402.0), (30.0, 411.0), (49.0, 411.0), (-8.0, 344.0), (81.0, 345.0), (17.0, 205.0), (68.0, 207.0), (6.0, 104.0), (81.0, 108.0), (-7.0, 11.0), (98.0, 14.0), (0, 0), (94.0, 5.0), (-28.0, -22.0), (117.0, -14.0)]
[(40.0, 402.0), (30.0, 411.0), (49.0, 411.0), (-8.0, 344.0), (81.0, 345.0), (17.0, 205.0), (68.0, 207.0), (6.0, 104.0), (81.0, 108.0), (-7.0, 11.0), (97.0, 14.0), (0, 0), (94.0, 5.0), (-28.0, -22.0), (117.0, -14.0)]
[(40.0, 402.0), (30.0, 411.0), (49.0, 411.0), (-8.0, 344.0), (81.0, 345.0), (17.0, 205.0), (68.0, 207.0), (6.0, 105.0), (81.0, 108.0), (-7.0, 11.0), (97.0, 14.0), (0, 0), (94.0, 5.0), (-28.0, -22.0), (117.0, -14.0)]
[(40.0, 402.0), (30.0, 411.0), (49.0, 411.0), (-8.0, 344.0), (81.0, 345.0), (17.0, 205.0), (68.0, 207.0), (6.0, 105.0), (81.0, 108.0), (-7.0, 11.0), (97.0, 14.0), (0, 0), (94.0, 5.0), (-28.0, -22.0), (117.0, -14.0)]
[(40.0, 402.0), (30.0, 411.0), (49.0, 411.0), (-8.0, 344.0), (81.0, 345.0), (17.0, 205.0), (69.0, 207.0), (6.0, 105.0), (81.0, 108.0), (-7.0, 11.0), (98.0, 14.0), (0, 0), (94.0, 5.0), (-28.0, -22.0), (117.0, -14.0)]
[(40.0, 402.0), (30.0, 411.0), (49.0, 411.0), (-8.0, 344.0), (81.0, 345.0), (17.0, 206.0), (69.0, 208.0), (6.0, 105.0), (81.0, 108.0), (-7.0, 11.0), (98.0, 14.0), (0, 0), (94.0, 5.0), (-28.0, -22.0), (117.0, -14.0)]
[(40.0, 402.0), (30.0, 411.0), (49.0, 411.0), (-8.0, 344.0), (81.0, 345.0), (17.0, 206.0), (69.0, 208.0), (6.0, 105.0), (81.0, 108.0), (-7.0, 11.0), (98.0, 14.0), (0, 0), (94.0, 5.0), (-28.0, -22.0), (117.0, -14.0)]
[(40.0, 402.0), (30.0, 411.0), (49.0, 411.0), (-8.0, 344.0), (81.0, 345.0), (17.0, 206.0), (69.0, 208.0), (6.0, 105.0), (81.0, 108.0), (-6.0, 11.0), (98.0, 14.0), (0, 0), (94.0, 5.0), (-28.0, -22.0), (117.0, -14.0)]
[(40.0, 402.0), (30.0, 411.0), (49.0, 411.0), (-8.0, 344.0), (81.0, 345.0), (17.0, 206.0), (69.0, 208.0), (6.0, 105.0), (81.0, 108.0), (-6.0, 11.0), (98.0, 14.0), (0, 0), (94.0, 5.0), (-28.0, -22.0), (117.0, -14.0)]
[(40.0, 402.0), (30.0, 411.0), (49.0, 411.0), (-8.0, 344.0), (81.0, 345.0), (17.0, 206.0), (69.0, 208.0), (6.0, 105.0), (81.0, 108.0), (-6.0, 11.0), (98.0, 14.0), (0, 0), (94.0, 5.0), (-28.0, -22.0), (117.0, -14.0)]
[(40.0, 402.0), (30.0, 411.0), (49.0, 411.0), (-8.0, 344.0), (81.0, 345.0), (17.0, 206.0), (69.0, 208.0), (7.0, 105.0), (81.0, 108.0), (-6.0, 11.0), (98.0, 14.0), (0, 0), (94.0, 5.0), (-28.0, -22.0), (117.0, -14.0)]
[(40.0, 402.0), (29.0, 411.0), (49.0, 411.0), (-7.0, 344.0), (81.0, 345.0), (17.0, 206.0), (69.0, 208.0), (7.0, 105.0), (81.0, 108.0), (-6.0, 11.0), (98.0, 14.0), (0, 0), (94.0, 5.0), (-28.0, -22.0), (117.0, -14.0)]
[(40.0, 402.0), (29.0, 411.0), (49.0, 411.0), (-7.0, 344.0), (81.0, 345.0), (17.0, 206.0), (69.0, 208.0), (7.0, 105.0), (81.0, 108.0), (-6.0, 11.0), (98.0, 14.0), (0, 0), (94.0, 4.0), (-28.0, -22.0), (117.0, -14.0)]
[(39.0, 402.0), (28.0, 411.0), (48.0, 411.0), (-8.0, 344.0), (80.0, 345.0), (16.0, 206.0), (68.0, 208.0), (6.0, 105.0), (80.0, 108.0), (-7.0, 11.0), (97.0, 14.0), (0, 0), (93.0, 5.0), (-29.0, -22.0), (116.0, -14.0)]
[(39.0, 402.0), (28.0, 411.0), (48.0, 411.0), (-8.0, 344.0), (80.0, 345.0), (16.0, 207.0), (68.0, 208.0), (6.0, 106.0), (80.0, 108.0), (-7.0, 11.0), (97.0, 14.0), (0, 0), (93.0, 5.0), (-29.0, -22.0), (117.0, -14.0)]
[(39.0, 402.0), (28.0, 411.0), (48.0, 411.0), (-8.0, 344.0), (80.0, 345.0), (16.0, 206.0), (68.0, 207.0), (6.0, 105.0), (80.0, 108.0), (-7.0, 11.0), (97.0, 14.0), (0, 0), (93.0, 4.0), (-29.0, -22.0), (117.0, -14.0)]
[(40.0, 402.0), (29.0, 411.0), (49.0, 411.0), (-7.0, 344.0), (81.0, 345.0), (17.0, 205.0), (68.0, 206.0), (7.0, 105.0), (81.0, 108.0), (-6.0, 11.0), (98.0, 14.0), (0, 0), (94.0, 4.0), (-28.0, -22.0), (118.0, -14.0)]
[(39.0, 402.0), (29.0, 411.0), (48.0, 411.0), (-7.0, 344.0), (81.0, 345.0), (17.0, 204.0), (68.0, 206.0), (7.0, 104.0), (81.0, 108.0), (-6.0, 11.0), (98.0, 14.0), (0, 0), (94.0, 4.0), (-28.0, -22.0), (118.0, -14.0)]
[(38.0, 402.0), (28.0, 411.0), (47.0, 411.0), (-8.0, 344.0), (80.0, 345.0), (16.0, 205.0), (66.0, 206.0), (6.0, 105.0), (80.0, 108.0), (-7.0, 11.0), (97.0, 14.0), (0, 0), (93.0, 4.0), (-29.0, -21.0), (117.0, -14.0)]
[(38.0, 402.0), (28.0, 411.0), (47.0, 411.0), (-8.0, 344.0), (80.0, 345.0), (16.0, 205.0), (66.0, 207.0), (6.0, 105.0), (80.0, 108.0), (-7.0, 12.0), (97.0, 14.0), (0, 0), (93.0, 4.0), (-29.0, -21.0), (117.0, -14.0)]
[(38.0, 402.0), (28.0, 411.0), (47.0, 411.0), (-8.0, 344.0), (80.0, 346.0), (16.0, 205.0), (65.0, 206.0), (6.0, 105.0), (80.0, 108.0), (-7.0, 12.0), (97.0, 14.0), (0, 0), (93.0, 4.0), (-29.0, -21.0), (117.0, -14.0)]
[(38.0, 401.0), (28.0, 410.0), (47.0, 410.0), (-9.0, 344.0), (80.0, 346.0), (15.0, 205.0), (65.0, 206.0), (6.0, 104.0), (81.0, 108.0), (-7.0, 12.0), (97.0, 14.0), (0, 0), (93.0, 4.0), (-29.0, -21.0), (116.0, -14.0)]
[(39.0, 400.0), (29.0, 410.0), (48.0, 410.0), (-9.0, 345.0), (81.0, 346.0), (16.0, 205.0), (66.0, 206.0), (7.0, 104.0), (82.0, 107.0), (-6.0, 12.0), (98.0, 14.0), (0, 0), (94.0, 4.0), (-28.0, -21.0), (116.0, -14.0)]
[(39.0, 400.0), (29.0, 410.0), (48.0, 410.0), (-9.0, 345.0), (81.0, 346.0), (16.0, 205.0), (66.0, 206.0), (7.0, 104.0), (82.0, 106.0), (-6.0, 12.0), (98.0, 14.0), (0, 0), (94.0, 4.0), (-27.0, -21.0), (116.0, -14.0)]
[(39.0, 398.0), (29.0, 409.0), (48.0, 408.0), (-10.0, 348.0), (82.0, 348.0), (16.0, 204.0), (66.0, 205.0), (6.0, 103.0), (82.0, 105.0), (-6.0, 11.0), (98.0, 13.0), (0, 0), (94.0, 4.0), (-27.0, -22.0), (116.0, -15.0)]
[(39.0, 397.0), (29.0, 408.0), (48.0, 407.0), (-10.0, 349.0), (82.0, 349.0), (16.0, 203.0), (67.0, 204.0), (6.0, 104.0), (82.0, 105.0), (-6.0, 11.0), (97.0, 13.0), (0, 0), (94.0, 4.0), (-27.0, -21.0), (116.0, -15.0)]
[(38.0, 397.0), (28.0, 408.0), (48.0, 407.0), (-10.0, 350.0), (82.0, 351.0), (16.0, 203.0), (67.0, 204.0), (6.0, 104.0), (82.0, 106.0), (-6.0, 11.0), (97.0, 13.0), (0, 0), (93.0, 3.0), (-27.0, -21.0), (116.0, -15.0)]
[(38.0, 397.0), (28.0, 407.0), (48.0, 406.0), (-10.0, 351.0), (83.0, 352.0), (16.0, 203.0), (67.0, 204.0), (6.0, 104.0), (82.0, 106.0), (-6.0, 11.0), (97.0, 13.0), (0, 0), (94.0, 3.0), (-27.0, -21.0), (117.0, -15.0)]
[(38.0, 397.0), (28.0, 407.0), (48.0, 406.0), (-10.0, 352.0), (83.0, 353.0), (16.0, 203.0), (67.0, 204.0), (6.0, 103.0), (82.0, 106.0), (-6.0, 11.0), (97.0, 13.0), (0, 0), (94.0, 3.0), (-27.0, -22.0), (117.0, -15.0)]
[(38.0, 398.0), (28.0, 408.0), (48.0, 407.0), (-9.0, 353.0), (83.0, 354.0), (16.0, 203.0), (67.0, 205.0), (6.0, 104.0), (82.0, 107.0), (-6.0, 12.0), (97.0, 14.0), (0, 0), (94.0, 4.0), (-27.0, -21.0), (117.0, -14.0)]
[(38.0, 398.0), (28.0, 408.0), (48.0, 407.0), (-9.0, 353.0), (83.0, 354.0), (16.0, 203.0), (67.0, 205.0), (6.0, 104.0), (82.0, 107.0), (-6.0, 12.0), (97.0, 14.0), (0, 0), (94.0, 4.0), (-27.0, -21.0), (117.0, -14.0)]
[(37.0, 398.0), (28.0, 407.0), (48.0, 407.0), (-9.0, 353.0), (83.0, 354.0), (16.0, 203.0), (67.0, 205.0), (6.0, 104.0), (82.0, 107.0), (-6.0, 12.0), (98.0, 14.0), (0, 0), (94.0, 4.0), (-27.0, -21.0), (117.0, -14.0)]
[(37.0, 398.0), (28.0, 407.0), (48.0, 407.0), (-9.0, 353.0), (83.0, 354.0), (16.0, 203.0), (67.0, 205.0), (6.0, 104.0), (82.0, 107.0), (-6.0, 11.0), (98.0, 14.0), (0, 0), (94.0, 3.0), (-28.0, -21.0), (117.0, -14.0)]
[(37.0, 399.0), (28.0, 408.0), (48.0, 408.0), (-9.0, 354.0), (84.0, 355.0), (16.0, 204.0), (67.0, 206.0), (6.0, 105.0), (82.0, 108.0), (-6.0, 12.0), (98.0, 15.0), (0, 0), (94.0, 4.0), (-28.0, -20.0), (117.0, -13.0)]
[(37.0, 399.0), (28.0, 408.0), (48.0, 408.0), (-9.0, 354.0), (84.0, 355.0), (16.0, 204.0), (67.0, 205.0), (6.0, 105.0), (82.0, 108.0), (-6.0, 12.0), (98.0, 15.0), (0, 0), (94.0, 4.0), (-28.0, -20.0), (117.0, -13.0)]
[(37.0, 399.0), (28.0, 409.0), (48.0, 408.0), (-9.0, 354.0), (84.0, 355.0), (16.0, 204.0), (67.0, 205.0), (6.0, 105.0), (82.0, 108.0), (-6.0, 12.0), (98.0, 15.0), (0, 0), (94.0, 5.0), (-28.0, -20.0), (116.0, -13.0)]
[(38.0, 399.0), (29.0, 409.0), (49.0, 408.0), (-9.0, 354.0), (84.0, 355.0), (16.0, 204.0), (67.0, 205.0), (6.0, 105.0), (82.0, 108.0), (-6.0, 13.0), (98.0, 15.0), (0, 0), (94.0, 5.0), (-28.0, -20.0), (116.0, -13.0)]
[(38.0, 398.0), (29.0, 408.0), (49.0, 407.0), (-9.0, 353.0), (84.0, 354.0), (16.0, 203.0), (67.0, 204.0), (6.0, 105.0), (82.0, 107.0), (-6.0, 12.0), (98.0, 14.0), (0, 0), (94.0, 4.0), (-28.0, -21.0), (116.0, -14.0)]
[(38.0, 398.0), (29.0, 408.0), (49.0, 407.0), (-9.0, 353.0), (84.0, 354.0), (16.0, 203.0), (67.0, 204.0), (6.0, 105.0), (82.0, 107.0), (-6.0, 12.0), (98.0, 15.0), (0, 0), (94.0, 4.0), (-28.0, -21.0), (116.0, -14.0)]
[(37.0, 399.0), (28.0, 408.0), (48.0, 407.0), (-10.0, 353.0), (83.0, 354.0), (15.0, 203.0), (66.0, 204.0), (5.0, 105.0), (81.0, 107.0), (-7.0, 13.0), (97.0, 15.0), (0, 0), (93.0, 4.0), (-29.0, -21.0), (115.0, -14.0)]
[(37.0, 399.0), (28.0, 408.0), (48.0, 407.0), (-9.0, 353.0), (83.0, 354.0), (15.0, 203.0), (66.0, 204.0), (5.0, 106.0), (81.0, 107.0), (-7.0, 13.0), (97.0, 15.0), (0, 0), (93.0, 4.0), (-29.0, -20.0), (115.0, -13.0)]
[(37.0, 399.0), (28.0, 409.0), (48.0, 407.0), (-9.0, 354.0), (84.0, 354.0), (15.0, 203.0), (66.0, 204.0), (5.0, 106.0), (81.0, 107.0), (-7.0, 14.0), (97.0, 15.0), (0, 0), (93.0, 4.0), (-29.0, -20.0), (115.0, -14.0)]
[(37.0, 398.0), (28.0, 408.0), (48.0, 407.0), (-9.0, 353.0), (84.0, 354.0), (15.0, 203.0), (66.0, 203.0), (5.0, 105.0), (81.0, 106.0), (-7.0, 13.0), (97.0, 15.0), (0, 0), (93.0, 3.0), (-29.0, -21.0), (115.0, -15.0)]
[(37.0, 398.0), (28.0, 408.0), (49.0, 407.0), (-9.0, 353.0), (84.0, 354.0), (15.0, 203.0), (66.0, 203.0), (5.0, 105.0), (81.0, 106.0), (-7.0, 13.0), (97.0, 15.0), (0, 0), (93.0, 3.0), (-29.0, -21.0), (115.0, -15.0)]
[(37.0, 399.0), (28.0, 408.0), (49.0, 407.0), (-9.0, 353.0), (84.0, 354.0), (15.0, 203.0), (66.0, 203.0), (5.0, 105.0), (82.0, 106.0), (-7.0, 13.0), (97.0, 15.0), (0, 0), (93.0, 3.0), (-29.0, -21.0), (114.0, -15.0)]
[(38.0, 399.0), (29.0, 408.0), (49.0, 407.0), (-9.0, 353.0), (84.0, 354.0), (15.0, 203.0), (66.0, 203.0), (5.0, 106.0), (83.0, 106.0), (-7.0, 13.0), (97.0, 15.0), (0, 0), (93.0, 3.0), (-29.0, -21.0), (114.0, -15.0)]
[(39.0, 399.0), (29.0, 408.0), (50.0, 407.0), (-9.0, 353.0), (84.0, 354.0), (14.0, 203.0), (66.0, 203.0), (5.0, 106.0), (83.0, 106.0), (-7.0, 13.0), (97.0, 15.0), (0, 0), (93.0, 3.0), (-28.0, -21.0), (114.0, -15.0)]
[(39.0, 397.0), (29.0, 407.0), (50.0, 405.0), (-9.0, 352.0), (85.0, 351.0), (14.0, 202.0), (66.0, 202.0), (3.0, 105.0), (85.0, 106.0), (-7.0, 13.0), (97.0, 15.0), (0, 0), (93.0, 3.0), (-28.0, -21.0), (114.0, -15.0)]
[(39.0, 396.0), (30.0, 406.0), (50.0, 404.0), (-9.0, 352.0), (85.0, 350.0), (14.0, 201.0), (66.0, 201.0), (2.0, 105.0), (85.0, 106.0), (-7.0, 13.0), (97.0, 15.0), (0, 0), (93.0, 3.0), (-28.0, -21.0), (114.0, -15.0)]
[(43.0, 389.0), (32.0, 400.0), (52.0, 398.0), (-8.0, 346.0), (87.0, 343.0), (15.0, 197.0), (66.0, 196.0), (1.0, 104.0), (88.0, 105.0), (-7.0, 13.0), (97.0, 15.0), (0, 0), (93.0, 3.0), (-28.0, -21.0), (114.0, -15.0)]
[(44.0, 383.0), (33.0, 394.0), (53.0, 391.0), (-8.0, 342.0), (89.0, 338.0), (15.0, 196.0), (66.0, 194.0), (-0.0, 102.0), (89.0, 103.0), (-8.0, 13.0), (97.0, 15.0), (0, 0), (92.0, 3.0), (-28.0, -21.0), (114.0, -15.0)]
[(44.0, 382.0), (33.0, 393.0), (53.0, 391.0), (-8.0, 340.0), (90.0, 336.0), (15.0, 195.0), (66.0, 193.0), (-0.0, 101.0), (90.0, 103.0), (-8.0, 13.0), (97.0, 14.0), (0, 0), (92.0, 3.0), (-28.0, -20.0), (115.0, -15.0)]
[(46.0, 377.0), (35.0, 388.0), (55.0, 386.0), (-6.0, 336.0), (92.0, 332.0), (16.0, 194.0), (67.0, 191.0), (-0.0, 100.0), (92.0, 102.0), (-7.0, 13.0), (98.0, 14.0), (0, 0), (94.0, 3.0), (-27.0, -20.0), (116.0, -15.0)]
[(46.0, 366.0), (35.0, 376.0), (55.0, 373.0), (-5.0, 328.0), (92.0, 325.0), (15.0, 188.0), (67.0, 186.0), (-3.0, 98.0), (95.0, 99.0), (-7.0, 13.0), (98.0, 14.0), (0, 0), (94.0, 3.0), (-27.0, -20.0), (116.0, -15.0)]
[(47.0, 351.0), (37.0, 360.0), (56.0, 358.0), (-4.0, 316.0), (92.0, 311.0), (15.0, 177.0), (67.0, 175.0), (-6.0, 90.0), (97.0, 92.0), (-7.0, 13.0), (99.0, 14.0), (0, 0), (94.0, 3.0), (-27.0, -20.0), (115.0, -15.0)]
[(48.0, 342.0), (38.0, 352.0), (57.0, 350.0), (-3.0, 310.0), (92.0, 306.0), (15.0, 172.0), (67.0, 170.0), (-7.0, 87.0), (99.0, 91.0), (-7.0, 13.0), (99.0, 14.0), (0, 0), (94.0, 3.0), (-27.0, -20.0), (116.0, -15.0)]
[(48.0, 341.0), (38.0, 351.0), (57.0, 349.0), (-3.0, 307.0), (92.0, 302.0), (15.0, 169.0), (68.0, 167.0), (-8.0, 84.0), (100.0, 89.0), (-7.0, 12.0), (99.0, 13.0), (0, 0), (94.0, 2.0), (-27.0, -21.0), (116.0, -15.0)]
[(48.0, 335.0), (38.0, 345.0), (57.0, 344.0), (-2.0, 301.0), (93.0, 297.0), (16.0, 166.0), (69.0, 163.0), (-9.0, 84.0), (101.0, 80.0), (-7.0, 12.0), (99.0, 13.0), (0, 0), (94.0, 2.0), (-26.0, -21.0), (116.0, -15.0)]
[(49.0, 319.0), (39.0, 329.0), (58.0, 327.0), (-1.0, 289.0), (93.0, 285.0), (16.0, 157.0), (69.0, 155.0), (-11.0, 80.0), (103.0, 76.0), (-6.0, 10.0), (100.0, 10.0), (0, 0), (95.0, 0.0), (-25.0, -23.0), (117.0, -18.0)]
[(49.0, 302.0), (39.0, 312.0), (58.0, 311.0), (-1.0, 275.0), (93.0, 270.0), (16.0, 147.0), (70.0, 145.0), (-15.0, 76.0), (108.0, 70.0), (-6.0, 8.0), (101.0, 7.0), (0, 0), (96.0, -3.0), (-24.0, -26.0), (117.0, -21.0)]
[(49.0, 297.0), (39.0, 306.0), (58.0, 305.0), (-0.0, 268.0), (93.0, 264.0), (17.0, 145.0), (71.0, 141.0), (-16.0, 74.0), (110.0, 69.0), (-7.0, 7.0), (102.0, 7.0), (0, 0), (96.0, -1.0), (-24.0, -27.0), (117.0, -22.0)]
[(50.0, 291.0), (40.0, 300.0), (59.0, 299.0), (1.0, 262.0), (94.0, 259.0), (18.0, 142.0), (71.0, 138.0), (-17.0, 72.0), (111.0, 69.0), (-7.0, 7.0), (102.0, 7.0), (0, 0), (96.0, -1.0), (-22.0, -27.0), (118.0, -22.0)]
[(49.0, 289.0), (39.0, 299.0), (58.0, 297.0), (-0.0, 260.0), (93.0, 256.0), (17.0, 140.0), (70.0, 137.0), (-18.0, 71.0), (110.0, 67.0), (-8.0, 7.0), (101.0, 6.0), (0, 0), (95.0, -1.0), (-23.0, -28.0), (117.0, -23.0)]
[(50.0, 279.0), (40.0, 289.0), (59.0, 288.0), (1.0, 253.0), (94.0, 249.0), (18.0, 135.0), (72.0, 131.0), (-17.0, 69.0), (112.0, 66.0), (-8.0, 6.0), (103.0, 7.0), (0, 0), (97.0, -1.0), (-22.0, -29.0), (118.0, -23.0)]
[(50.0, 274.0), (41.0, 283.0), (60.0, 282.0), (1.0, 248.0), (95.0, 244.0), (18.0, 130.0), (72.0, 127.0), (-18.0, 69.0), (114.0, 67.0), (-8.0, 6.0), (103.0, 7.0), (0, 0), (97.0, -1.0), (-22.0, -29.0), (118.0, -23.0)]
[(51.0, 272.0), (42.0, 282.0), (61.0, 281.0), (2.0, 247.0), (96.0, 243.0), (19.0, 129.0), (73.0, 126.0), (-18.0, 68.0), (115.0, 66.0), (-7.0, 7.0), (104.0, 7.0), (0, 0), (98.0, -1.0), (-20.0, -29.0), (119.0, -24.0)]
[(52.0, 268.0), (42.0, 278.0), (61.0, 277.0), (2.0, 245.0), (96.0, 239.0), (19.0, 126.0), (73.0, 124.0), (-19.0, 66.0), (115.0, 65.0), (-7.0, 7.0), (105.0, 7.0), (0, 0), (99.0, 0.0), (-21.0, -29.0), (119.0, -24.0)]
[(51.0, 260.0), (41.0, 270.0), (60.0, 269.0), (1.0, 237.0), (95.0, 230.0), (18.0, 117.0), (72.0, 115.0), (-23.0, 63.0), (115.0, 62.0), (-8.0, 6.0), (104.0, 6.0), (0, 0), (98.0, -1.0), (-21.0, -30.0), (118.0, -25.0)]
[(51.0, 256.0), (41.0, 266.0), (60.0, 265.0), (1.0, 232.0), (95.0, 226.0), (18.0, 112.0), (72.0, 110.0), (-24.0, 60.0), (116.0, 60.0), (-8.0, 6.0), (104.0, 7.0), (0, 0), (98.0, 2.0), (-21.0, -31.0), (118.0, -25.0)]
[(51.0, 252.0), (41.0, 262.0), (60.0, 260.0), (1.0, 228.0), (95.0, 222.0), (18.0, 108.0), (72.0, 107.0), (-25.0, 58.0), (116.0, 57.0), (-8.0, 4.0), (104.0, 4.0), (0, 0), (98.0, -1.0), (-21.0, -34.0), (118.0, -29.0)]
[(51.0, 240.0), (41.0, 251.0), (60.0, 249.0), (1.0, 218.0), (95.0, 212.0), (18.0, 98.0), (72.0, 98.0), (-28.0, 55.0), (118.0, 56.0), (-9.0, 4.0), (104.0, 4.0), (0, 0), (98.0, -1.0), (-21.0, -34.0), (118.0, -29.0)]
[(51.0, 239.0), (41.0, 250.0), (61.0, 248.0), (1.0, 216.0), (95.0, 210.0), (18.0, 97.0), (72.0, 96.0), (-29.0, 54.0), (119.0, 57.0), (-9.0, 4.0), (104.0, 3.0), (0, 0), (97.0, -2.0), (-21.0, -35.0), (118.0, -30.0)]
[(51.0, 234.0), (41.0, 244.0), (61.0, 243.0), (1.0, 211.0), (96.0, 207.0), (18.0, 92.0), (72.0, 91.0), (-30.0, 53.0), (121.0, 57.0), (-9.0, 4.0), (104.0, 3.0), (0, 0), (97.0, -3.0), (-21.0, -36.0), (117.0, -30.0)]
[(52.0, 230.0), (42.0, 241.0), (61.0, 239.0), (2.0, 207.0), (96.0, 202.0), (18.0, 88.0), (72.0, 87.0), (-31.0, 52.0), (121.0, 56.0), (-9.0, 3.0), (104.0, 3.0), (0, 0), (97.0, -4.0), (-21.0, -36.0), (117.0, -30.0)]
[(52.0, 229.0), (42.0, 240.0), (61.0, 238.0), (2.0, 206.0), (96.0, 202.0), (18.0, 88.0), (72.0, 88.0), (-31.0, 51.0), (121.0, 56.0), (-9.0, 3.0), (104.0, 2.0), (0, 0), (97.0, -4.0), (-21.0, -36.0), (117.0, -30.0)]
[(53.0, 223.0), (43.0, 234.0), (62.0, 232.0), (2.0, 202.0), (96.0, 197.0), (18.0, 84.0), (72.0, 84.0), (-31.0, 51.0), (121.0, 56.0), (-9.0, 3.0), (104.0, 2.0), (0, 0), (97.0, -5.0), (-21.0, -35.0), (117.0, -30.0)]
[(53.0, 222.0), (43.0, 233.0), (62.0, 231.0), (1.0, 201.0), (95.0, 196.0), (18.0, 84.0), (71.0, 85.0), (-31.0, 50.0), (121.0, 55.0), (-9.0, 3.0), (104.0, 2.0), (0, 0), (97.0, -5.0), (-21.0, -34.0), (117.0, -30.0)]
[(53.0, 218.0), (43.0, 230.0), (62.0, 228.0), (2.0, 199.0), (95.0, 194.0), (18.0, 83.0), (71.0, 83.0), (-32.0, 50.0), (122.0, 55.0), (-10.0, 3.0), (104.0, 2.0), (0, 0), (97.0, -4.0), (-22.0, -34.0), (117.0, -30.0)]
[(54.0, 218.0), (44.0, 229.0), (63.0, 227.0), (3.0, 199.0), (96.0, 192.0), (19.0, 83.0), (72.0, 83.0), (-31.0, 51.0), (124.0, 56.0), (-10.0, 3.0), (105.0, 2.0), (0, 0), (98.0, -3.0), (-22.0, -33.0), (118.0, -28.0)]
[(55.0, 218.0), (46.0, 229.0), (64.0, 227.0), (4.0, 198.0), (97.0, 192.0), (20.0, 83.0), (73.0, 82.0), (-30.0, 51.0), (125.0, 56.0), (-9.0, 3.0), (106.0, 2.0), (0, 0), (99.0, -3.0), (-22.0, -33.0), (119.0, -28.0)]
[(57.0, 218.0), (47.0, 230.0), (66.0, 227.0), (5.0, 199.0), (98.0, 192.0), (21.0, 83.0), (74.0, 83.0), (-29.0, 52.0), (126.0, 57.0), (-9.0, 4.0), (107.0, 3.0), (0, 0), (100.0, -2.0), (-21.0, -32.0), (121.0, -27.0)]
[(57.0, 221.0), (47.0, 232.0), (65.0, 230.0), (5.0, 201.0), (98.0, 195.0), (22.0, 85.0), (74.0, 85.0), (-29.0, 52.0), (127.0, 58.0), (-9.0, 4.0), (107.0, 3.0), (0, 0), (100.0, -2.0), (-22.0, -31.0), (121.0, -27.0)]
[(59.0, 226.0), (49.0, 237.0), (67.0, 235.0), (7.0, 205.0), (102.0, 201.0), (24.0, 88.0), (76.0, 88.0), (-27.0, 54.0), (129.0, 60.0), (-8.0, 5.0), (110.0, 4.0), (0, 0), (103.0, -1.0), (-20.0, -30.0), (123.0, -26.0)]
[(59.0, 245.0), (50.0, 255.0), (68.0, 254.0), (9.0, 221.0), (103.0, 216.0), (25.0, 104.0), (77.0, 102.0), (-23.0, 60.0), (128.0, 61.0), (-8.0, 5.0), (111.0, 4.0), (0, 0), (104.0, -1.0), (-20.0, -29.0), (124.0, -26.0)]
[(58.0, 259.0), (49.0, 269.0), (67.0, 268.0), (8.0, 234.0), (102.0, 228.0), (23.0, 114.0), (76.0, 113.0), (-23.0, 64.0), (124.0, 62.0), (-8.0, 6.0), (110.0, 4.0), (0, 0), (103.0, -1.0), (-21.0, -29.0), (124.0, -27.0)]
[(57.0, 261.0), (49.0, 270.0), (67.0, 270.0), (8.0, 235.0), (102.0, 229.0), (23.0, 116.0), (76.0, 115.0), (-22.0, 65.0), (124.0, 63.0), (-8.0, 6.0), (110.0, 4.0), (0, 0), (103.0, -2.0), (-20.0, -30.0), (124.0, -27.0)]
[(58.0, 277.0), (49.0, 286.0), (67.0, 285.0), (8.0, 249.0), (102.0, 246.0), (23.0, 129.0), (76.0, 128.0), (-22.0, 70.0), (123.0, 69.0), (-8.0, 8.0), (110.0, 7.0), (0, 0), (103.0, 0.0), (-21.0, -27.0), (125.0, -24.0)]
[(57.0, 306.0), (48.0, 315.0), (66.0, 315.0), (7.0, 274.0), (101.0, 267.0), (22.0, 148.0), (75.0, 145.0), (-20.0, 81.0), (117.0, 74.0), (-7.0, 9.0), (109.0, 8.0), (0, 0), (102.0, 0.0), (-22.0, -26.0), (124.0, -23.0)]
[(53.0, 322.0), (45.0, 332.0), (63.0, 331.0), (4.0, 288.0), (97.0, 282.0), (19.0, 158.0), (72.0, 157.0), (-19.0, 81.0), (110.0, 75.0), (-8.0, 10.0), (106.0, 7.0), (0, 0), (99.0, -3.0), (-24.0, -26.0), (121.0, -23.0)]
[(52.0, 325.0), (44.0, 334.0), (62.0, 334.0), (4.0, 291.0), (96.0, 287.0), (19.0, 160.0), (72.0, 159.0), (-17.0, 84.0), (109.0, 80.0), (-7.0, 9.0), (106.0, 8.0), (0, 0), (99.0, -1.0), (-24.0, -25.0), (121.0, -22.0)]
[(51.0, 352.0), (43.0, 361.0), (61.0, 360.0), (1.0, 317.0), (95.0, 313.0), (17.0, 177.0), (71.0, 177.0), (-10.0, 89.0), (102.0, 94.0), (-7.0, 10.0), (104.0, 11.0), (0, 0), (98.0, 1.0), (-26.0, -23.0), (120.0, -19.0)]
[(50.0, 364.0), (42.0, 374.0), (60.0, 372.0), (-1.0, 328.0), (93.0, 324.0), (16.0, 187.0), (70.0, 186.0), (-6.0, 98.0), (98.0, 98.0), (-7.0, 10.0), (102.0, 11.0), (0, 0), (97.0, 1.0), (-25.0, -22.0), (119.0, -18.0)]
[(47.0, 366.0), (38.0, 374.0), (56.0, 374.0), (-3.0, 328.0), (91.0, 325.0), (14.0, 190.0), (68.0, 187.0), (-6.0, 100.0), (93.0, 99.0), (-8.0, 11.0), (100.0, 11.0), (0, 0), (95.0, 0.0), (-27.0, -21.0), (116.0, -18.0)]
[(44.0, 378.0), (36.0, 387.0), (54.0, 386.0), (-4.0, 338.0), (91.0, 335.0), (14.0, 195.0), (67.0, 194.0), (-4.0, 100.0), (91.0, 102.0), (-8.0, 12.0), (100.0, 12.0), (0, 0), (95.0, 1.0), (-27.0, -20.0), (114.0, -16.0)]
[(42.0, 392.0), (34.0, 401.0), (53.0, 399.0), (-5.0, 350.0), (90.0, 349.0), (14.0, 203.0), (67.0, 202.0), (-0.0, 105.0), (87.0, 104.0), (-7.0, 12.0), (99.0, 12.0), (0, 0), (95.0, 1.0), (-27.0, -20.0), (114.0, -16.0)]
[(41.0, 396.0), (32.0, 406.0), (52.0, 405.0), (-5.0, 355.0), (89.0, 352.0), (14.0, 205.0), (67.0, 204.0), (1.0, 107.0), (85.0, 106.0), (-7.0, 12.0), (99.0, 12.0), (0, 0), (95.0, 0.0), (-27.0, -20.0), (114.0, -16.0)]
[(40.0, 397.0), (32.0, 406.0), (52.0, 405.0), (-5.0, 353.0), (88.0, 352.0), (14.0, 205.0), (67.0, 204.0), (1.0, 108.0), (84.0, 108.0), (-7.0, 12.0), (99.0, 12.0), (0, 0), (95.0, -1.0), (-28.0, -20.0), (114.0, -16.0)]
[(40.0, 400.0), (32.0, 409.0), (51.0, 408.0), (-6.0, 353.0), (87.0, 353.0), (14.0, 205.0), (67.0, 204.0), (3.0, 108.0), (83.0, 108.0), (-7.0, 13.0), (99.0, 13.0), (0, 0), (95.0, 0.0), (-28.0, -19.0), (115.0, -15.0)]
[(39.0, 400.0), (31.0, 409.0), (50.0, 408.0), (-7.0, 354.0), (86.0, 353.0), (14.0, 204.0), (67.0, 204.0), (3.0, 107.0), (82.0, 108.0), (-7.0, 13.0), (98.0, 13.0), (0, 0), (94.0, 0.0), (-29.0, -19.0), (115.0, -15.0)]
[(37.0, 400.0), (30.0, 409.0), (48.0, 409.0), (-8.0, 353.0), (86.0, 353.0), (14.0, 204.0), (67.0, 204.0), (3.0, 107.0), (82.0, 108.0), (-7.0, 13.0), (98.0, 13.0), (0, 0), (94.0, -1.0), (-29.0, -19.0), (115.0, -15.0)]
[(35.0, 400.0), (28.0, 409.0), (47.0, 409.0), (-9.0, 353.0), (85.0, 353.0), (14.0, 204.0), (66.0, 204.0), (4.0, 107.0), (82.0, 107.0), (-7.0, 13.0), (98.0, 13.0), (0, 0), (94.0, -1.0), (-30.0, -19.0), (115.0, -15.0)]
[(35.0, 401.0), (28.0, 409.0), (47.0, 409.0), (-10.0, 353.0), (84.0, 353.0), (14.0, 204.0), (66.0, 204.0), (4.0, 107.0), (82.0, 107.0), (-7.0, 13.0), (98.0, 13.0), (0, 0), (94.0, -1.0), (-30.0, -19.0), (115.0, -16.0)]
[(34.0, 400.0), (27.0, 409.0), (46.0, 409.0), (-10.0, 353.0), (84.0, 353.0), (14.0, 205.0), (66.0, 205.0), (3.0, 108.0), (82.0, 107.0), (-8.0, 13.0), (98.0, 13.0), (0, 0), (94.0, -1.0), (-30.0, -19.0), (115.0, -16.0)]
[(34.0, 400.0), (27.0, 409.0), (46.0, 409.0), (-9.0, 353.0), (85.0, 353.0), (15.0, 204.0), (67.0, 204.0), (4.0, 107.0), (83.0, 107.0), (-7.0, 13.0), (99.0, 13.0), (0, 0), (94.0, -1.0), (-29.0, -19.0), (116.0, -16.0)]
[(33.0, 401.0), (27.0, 409.0), (46.0, 409.0), (-9.0, 352.0), (85.0, 353.0), (14.0, 203.0), (66.0, 203.0), (4.0, 107.0), (83.0, 106.0), (-7.0, 13.0), (99.0, 13.0), (0, 0), (94.0, -1.0), (-29.0, -20.0), (116.0, -16.0)]
[(33.0, 401.0), (27.0, 409.0), (45.0, 409.0), (-9.0, 352.0), (85.0, 353.0), (14.0, 203.0), (66.0, 202.0), (4.0, 107.0), (82.0, 106.0), (-7.0, 13.0), (98.0, 13.0), (0, 0), (94.0, 0.0), (-29.0, -20.0), (116.0, -16.0)]
[(33.0, 401.0), (27.0, 409.0), (45.0, 409.0), (-9.0, 352.0), (85.0, 353.0), (14.0, 203.0), (66.0, 202.0), (4.0, 107.0), (83.0, 106.0), (-7.0, 13.0), (98.0, 13.0), (0, 0), (94.0, 0.0), (-29.0, -20.0), (116.0, -16.0)]
[(34.0, 400.0), (27.0, 409.0), (46.0, 409.0), (-9.0, 352.0), (85.0, 353.0), (14.0, 202.0), (66.0, 202.0), (4.0, 107.0), (82.0, 106.0), (-7.0, 13.0), (98.0, 13.0), (0, 0), (94.0, 0.0), (-29.0, -20.0), (115.0, -16.0)]
[(34.0, 400.0), (27.0, 409.0), (46.0, 409.0), (-9.0, 352.0), (85.0, 353.0), (14.0, 202.0), (66.0, 202.0), (4.0, 106.0), (82.0, 106.0), (-7.0, 13.0), (98.0, 13.0), (0, 0), (94.0, -1.0), (-29.0, -20.0), (115.0, -16.0)]
[(34.0, 401.0), (27.0, 410.0), (46.0, 410.0), (-9.0, 353.0), (85.0, 354.0), (14.0, 203.0), (66.0, 203.0), (4.0, 107.0), (82.0, 107.0), (-7.0, 14.0), (98.0, 14.0), (0, 0), (94.0, 0.0), (-29.0, -19.0), (115.0, -15.0)]
[(34.0, 400.0), (27.0, 409.0), (46.0, 409.0), (-9.0, 352.0), (85.0, 353.0), (14.0, 202.0), (66.0, 202.0), (4.0, 106.0), (82.0, 106.0), (-7.0, 13.0), (98.0, 13.0), (0, 0), (94.0, -1.0), (-29.0, -20.0), (115.0, -16.0)]
[(34.0, 400.0), (27.0, 408.0), (46.0, 408.0), (-9.0, 352.0), (85.0, 353.0), (14.0, 202.0), (66.0, 202.0), (4.0, 106.0), (82.0, 106.0), (-7.0, 13.0), (98.0, 13.0), (0, 0), (94.0, -1.0), (-29.0, -20.0), (115.0, -16.0)]
[(34.0, 400.0), (27.0, 408.0), (46.0, 408.0), (-9.0, 352.0), (85.0, 353.0), (14.0, 203.0), (66.0, 202.0), (4.0, 106.0), (82.0, 106.0), (-7.0, 14.0), (98.0, 13.0), (0, 0), (94.0, -1.0), (-29.0, -20.0), (115.0, -16.0)]
[(34.0, 400.0), (27.0, 408.0), (46.0, 409.0), (-9.0, 352.0), (85.0, 353.0), (14.0, 203.0), (66.0, 202.0), (4.0, 106.0), (83.0, 107.0), (-7.0, 13.0), (99.0, 13.0), (0, 0), (95.0, -1.0), (-29.0, -20.0), (115.0, -16.0)]
[(34.0, 400.0), (27.0, 409.0), (46.0, 409.0), (-9.0, 352.0), (85.0, 353.0), (14.0, 203.0), (66.0, 202.0), (4.0, 106.0), (83.0, 107.0), (-7.0, 13.0), (99.0, 13.0), (0, 0), (96.0, -1.0), (-28.0, -20.0), (115.0, -16.0)]
[(34.0, 400.0), (27.0, 409.0), (46.0, 409.0), (-9.0, 352.0), (85.0, 353.0), (14.0, 203.0), (66.0, 202.0), (4.0, 105.0), (83.0, 107.0), (-7.0, 13.0), (99.0, 13.0), (0, 0), (96.0, -1.0), (-28.0, -20.0), (115.0, -16.0)]
[(34.0, 400.0), (27.0, 409.0), (46.0, 409.0), (-9.0, 352.0), (85.0, 353.0), (14.0, 203.0), (66.0, 203.0), (4.0, 105.0), (83.0, 107.0), (-7.0, 13.0), (100.0, 13.0), (0, 0), (96.0, -1.0), (-28.0, -21.0), (115.0, -16.0)]
[(34.0, 401.0), (27.0, 410.0), (46.0, 410.0), (-9.0, 353.0), (85.0, 354.0), (14.0, 204.0), (66.0, 204.0), (3.0, 106.0), (83.0, 108.0), (-7.0, 14.0), (100.0, 14.0), (0, 0), (96.0, 0.0), (-28.0, -20.0), (115.0, -15.0)]
[(34.0, 401.0), (27.0, 410.0), (46.0, 410.0), (-9.0, 353.0), (85.0, 354.0), (14.0, 204.0), (66.0, 204.0), (3.0, 106.0), (83.0, 108.0), (-7.0, 14.0), (100.0, 14.0), (0, 0), (96.0, 0.0), (-28.0, -20.0), (115.0, -15.0)]
[(34.0, 401.0), (27.0, 410.0), (46.0, 410.0), (-9.0, 353.0), (85.0, 354.0), (14.0, 204.0), (66.0, 204.0), (3.0, 107.0), (83.0, 108.0), (-7.0, 14.0), (100.0, 14.0), (0, 0), (96.0, 0.0), (-29.0, -20.0), (115.0, -15.0)]
[(34.0, 400.0), (27.0, 409.0), (46.0, 409.0), (-9.0, 352.0), (85.0, 353.0), (14.0, 203.0), (66.0, 203.0), (3.0, 106.0), (83.0, 107.0), (-7.0, 13.0), (99.0, 13.0), (0, 0), (96.0, 0.0), (-28.0, -21.0), (115.0, -16.0)]
[(34.0, 400.0), (27.0, 409.0), (46.0, 409.0), (-9.0, 352.0), (85.0, 353.0), (14.0, 203.0), (66.0, 203.0), (3.0, 106.0), (83.0, 107.0), (-7.0, 13.0), (99.0, 14.0), (0, 0), (96.0, 0.0), (-28.0, -21.0), (115.0, -16.0)]
[(34.0, 401.0), (27.0, 410.0), (46.0, 410.0), (-9.0, 353.0), (85.0, 354.0), (14.0, 204.0), (66.0, 204.0), (3.0, 107.0), (83.0, 108.0), (-7.0, 14.0), (99.0, 14.0), (0, 0), (96.0, 0.0), (-28.0, -20.0), (115.0, -15.0)]
[(34.0, 401.0), (27.0, 410.0), (46.0, 410.0), (-9.0, 353.0), (85.0, 354.0), (14.0, 204.0), (66.0, 204.0), (3.0, 107.0), (83.0, 108.0), (-7.0, 14.0), (99.0, 14.0), (0, 0), (96.0, 1.0), (-28.0, -20.0), (115.0, -15.0)]
[(35.0, 400.0), (27.0, 409.0), (47.0, 409.0), (-9.0, 352.0), (85.0, 353.0), (14.0, 203.0), (66.0, 203.0), (3.0, 106.0), (83.0, 107.0), (-7.0, 13.0), (99.0, 14.0), (0, 0), (96.0, 0.0), (-28.0, -21.0), (115.0, -16.0)]
[(36.0, 400.0), (28.0, 409.0), (47.0, 409.0), (-9.0, 352.0), (85.0, 353.0), (14.0, 204.0), (66.0, 203.0), (3.0, 106.0), (83.0, 107.0), (-7.0, 13.0), (99.0, 14.0), (0, 0), (95.0, 0.0), (-28.0, -21.0), (115.0, -15.0)]
[(37.0, 399.0), (29.0, 408.0), (48.0, 407.0), (-8.0, 352.0), (85.0, 353.0), (14.0, 204.0), (66.0, 204.0), (3.0, 106.0), (84.0, 108.0), (-7.0, 13.0), (99.0, 14.0), (0, 0), (95.0, 0.0), (-28.0, -21.0), (115.0, -15.0)]
[(38.0, 395.0), (30.0, 405.0), (49.0, 404.0), (-8.0, 352.0), (86.0, 351.0), (15.0, 204.0), (67.0, 204.0), (3.0, 107.0), (84.0, 108.0), (-7.0, 13.0), (99.0, 14.0), (0, 0), (95.0, 0.0), (-28.0, -21.0), (115.0, -15.0)]
[(41.0, 386.0), (32.0, 397.0), (51.0, 395.0), (-7.0, 348.0), (88.0, 345.0), (15.0, 203.0), (67.0, 202.0), (3.0, 107.0), (86.0, 107.0), (-7.0, 14.0), (99.0, 14.0), (0, 0), (95.0, 0.0), (-27.0, -21.0), (115.0, -15.0)]
[(43.0, 379.0), (32.0, 390.0), (53.0, 388.0), (-7.0, 343.0), (90.0, 339.0), (15.0, 201.0), (68.0, 199.0), (3.0, 107.0), (87.0, 107.0), (-7.0, 14.0), (99.0, 14.0), (0, 0), (95.0, 0.0), (-27.0, -20.0), (115.0, -15.0)]
[(43.0, 378.0), (33.0, 388.0), (53.0, 387.0), (-6.0, 342.0), (90.0, 337.0), (15.0, 200.0), (68.0, 198.0), (2.0, 107.0), (88.0, 106.0), (-7.0, 14.0), (99.0, 14.0), (0, 0), (95.0, 1.0), (-27.0, -19.0), (115.0, -15.0)]
[(45.0, 367.0), (34.0, 377.0), (54.0, 374.0), (-5.0, 332.0), (91.0, 328.0), (16.0, 195.0), (68.0, 192.0), (-0.0, 105.0), (90.0, 105.0), (-7.0, 13.0), (99.0, 15.0), (0, 0), (95.0, 2.0), (-27.0, -20.0), (114.0, -14.0)]
[(46.0, 352.0), (35.0, 361.0), (55.0, 360.0), (-4.0, 320.0), (92.0, 317.0), (17.0, 188.0), (69.0, 186.0), (-0.0, 103.0), (93.0, 105.0), (-6.0, 13.0), (100.0, 16.0), (0, 0), (96.0, 3.0), (-26.0, -20.0), (115.0, -13.0)]
[(46.0, 343.0), (36.0, 352.0), (56.0, 351.0), (-4.0, 313.0), (92.0, 310.0), (17.0, 184.0), (69.0, 181.0), (-2.0, 101.0), (95.0, 103.0), (-6.0, 13.0), (101.0, 15.0), (0, 0), (96.0, 3.0), (-27.0, -20.0), (115.0, -14.0)]
[(47.0, 335.0), (37.0, 344.0), (57.0, 343.0), (-3.0, 306.0), (92.0, 303.0), (17.0, 179.0), (69.0, 177.0), (-2.0, 99.0), (97.0, 101.0), (-6.0, 12.0), (102.0, 14.0), (0, 0), (97.0, 3.0), (-27.0, -20.0), (116.0, -14.0)]
[(48.0, 335.0), (37.0, 344.0), (57.0, 343.0), (-3.0, 304.0), (92.0, 302.0), (17.0, 179.0), (69.0, 176.0), (-3.0, 96.0), (97.0, 101.0), (-6.0, 12.0), (102.0, 14.0), (0, 0), (97.0, 3.0), (-27.0, -21.0), (116.0, -15.0)]
[(48.0, 322.0), (37.0, 331.0), (57.0, 331.0), (-2.0, 292.0), (93.0, 288.0), (17.0, 167.0), (70.0, 165.0), (-5.0, 85.0), (98.0, 94.0), (-6.0, 11.0), (102.0, 14.0), (0, 0), (97.0, 3.0), (-27.0, -21.0), (117.0, -15.0)]
[(48.0, 314.0), (38.0, 323.0), (58.0, 322.0), (-2.0, 286.0), (93.0, 282.0), (17.0, 162.0), (70.0, 160.0), (-6.0, 87.0), (99.0, 91.0), (-6.0, 11.0), (102.0, 14.0), (0, 0), (97.0, 3.0), (-26.0, -21.0), (117.0, -15.0)]
[(48.0, 307.0), (38.0, 317.0), (57.0, 315.0), (-2.0, 279.0), (93.0, 274.0), (17.0, 158.0), (70.0, 156.0), (-7.0, 85.0), (101.0, 88.0), (-6.0, 11.0), (102.0, 14.0), (0, 0), (97.0, 3.0), (-25.0, -21.0), (117.0, -15.0)]
[(47.0, 305.0), (38.0, 315.0), (57.0, 313.0), (-2.0, 278.0), (93.0, 275.0), (17.0, 160.0), (70.0, 157.0), (-7.0, 87.0), (101.0, 90.0), (-6.0, 11.0), (102.0, 13.0), (0, 0), (97.0, 3.0), (-25.0, -21.0), (117.0, -15.0)]
[(47.0, 294.0), (38.0, 303.0), (58.0, 302.0), (-2.0, 268.0), (93.0, 263.0), (17.0, 152.0), (70.0, 149.0), (-9.0, 84.0), (103.0, 83.0), (-6.0, 10.0), (102.0, 12.0), (0, 0), (97.0, 2.0), (-25.0, -22.0), (118.0, -17.0)]
[(46.0, 289.0), (37.0, 298.0), (57.0, 297.0), (-3.0, 263.0), (92.0, 259.0), (16.0, 151.0), (69.0, 148.0), (-12.0, 80.0), (103.0, 80.0), (-7.0, 11.0), (101.0, 12.0), (0, 0), (96.0, 3.0), (-26.0, -21.0), (117.0, -16.0)]
[(46.0, 287.0), (37.0, 296.0), (57.0, 295.0), (-3.0, 262.0), (91.0, 258.0), (15.0, 151.0), (69.0, 148.0), (-12.0, 81.0), (103.0, 81.0), (-7.0, 11.0), (101.0, 12.0), (0, 0), (96.0, 2.0), (-26.0, -21.0), (117.0, -17.0)]
[(46.0, 282.0), (37.0, 291.0), (57.0, 290.0), (-4.0, 257.0), (91.0, 253.0), (15.0, 148.0), (69.0, 146.0), (-14.0, 79.0), (104.0, 80.0), (-7.0, 11.0), (101.0, 11.0), (0, 0), (96.0, 2.0), (-26.0, -21.0), (117.0, -17.0)]
[(47.0, 271.0), (38.0, 281.0), (58.0, 279.0), (-3.0, 249.0), (92.0, 244.0), (16.0, 145.0), (69.0, 142.0), (-16.0, 78.0), (106.0, 75.0), (-6.0, 11.0), (102.0, 11.0), (0, 0), (97.0, 3.0), (-24.0, -21.0), (118.0, -17.0)]
[(47.0, 263.0), (38.0, 274.0), (58.0, 272.0), (-4.0, 242.0), (92.0, 240.0), (16.0, 141.0), (69.0, 138.0), (-17.0, 78.0), (107.0, 72.0), (-7.0, 10.0), (102.0, 10.0), (0, 0), (97.0, 2.0), (-24.0, -22.0), (118.0, -18.0)]
[(48.0, 250.0), (38.0, 261.0), (59.0, 260.0), (-3.0, 231.0), (93.0, 229.0), (16.0, 129.0), (70.0, 129.0), (-18.0, 72.0), (110.0, 67.0), (-6.0, 8.0), (103.0, 9.0), (0, 0), (98.0, 2.0), (-23.0, -24.0), (118.0, -20.0)]
[(48.0, 243.0), (38.0, 255.0), (59.0, 253.0), (-4.0, 224.0), (92.0, 221.0), (16.0, 123.0), (70.0, 122.0), (-19.0, 70.0), (111.0, 65.0), (-6.0, 8.0), (103.0, 9.0), (0, 0), (98.0, 3.0), (-23.0, -25.0), (117.0, -21.0)]
[(48.0, 244.0), (38.0, 255.0), (59.0, 253.0), (-4.0, 224.0), (92.0, 220.0), (16.0, 122.0), (70.0, 120.0), (-19.0, 69.0), (113.0, 65.0), (-7.0, 7.0), (103.0, 9.0), (0, 0), (98.0, 2.0), (-22.0, -25.0), (117.0, -21.0)]
[(48.0, 234.0), (38.0, 245.0), (59.0, 244.0), (-4.0, 215.0), (92.0, 213.0), (16.0, 112.0), (70.0, 111.0), (-22.0, 63.0), (113.0, 61.0), (-7.0, 6.0), (103.0, 7.0), (0, 0), (98.0, 0.0), (-21.0, -27.0), (117.0, -23.0)]
[(47.0, 228.0), (37.0, 240.0), (58.0, 238.0), (-5.0, 208.0), (92.0, 205.0), (15.0, 104.0), (69.0, 104.0), (-25.0, 61.0), (112.0, 58.0), (-8.0, 6.0), (102.0, 6.0), (0, 0), (97.0, 0.0), (-22.0, -29.0), (116.0, -24.0)]
[(47.0, 223.0), (37.0, 235.0), (58.0, 233.0), (-5.0, 204.0), (92.0, 200.0), (15.0, 100.0), (69.0, 99.0), (-26.0, 58.0), (113.0, 58.0), (-8.0, 6.0), (102.0, 7.0), (0, 0), (97.0, 1.0), (-22.0, -29.0), (115.0, -24.0)]
[(47.0, 218.0), (37.0, 229.0), (58.0, 227.0), (-5.0, 197.0), (92.0, 193.0), (15.0, 94.0), (69.0, 94.0), (-27.0, 54.0), (114.0, 56.0), (-8.0, 4.0), (103.0, 4.0), (0, 0), (97.0, -2.0), (-22.0, -32.0), (115.0, -27.0)]
[(47.0, 218.0), (37.0, 228.0), (58.0, 227.0), (-4.0, 197.0), (92.0, 193.0), (15.0, 93.0), (69.0, 93.0), (-28.0, 55.0), (114.0, 56.0), (-8.0, 5.0), (103.0, 4.0), (0, 0), (97.0, -2.0), (-22.0, -32.0), (114.0, -27.0)]
[(47.0, 213.0), (38.0, 223.0), (58.0, 222.0), (-4.0, 193.0), (92.0, 188.0), (15.0, 89.0), (69.0, 89.0), (-29.0, 54.0), (115.0, 56.0), (-8.0, 4.0), (103.0, 4.0), (0, 0), (97.0, -2.0), (-22.0, -32.0), (114.0, -28.0)]
[(47.0, 210.0), (38.0, 221.0), (58.0, 220.0), (-4.0, 191.0), (92.0, 187.0), (15.0, 87.0), (69.0, 87.0), (-29.0, 54.0), (116.0, 55.0), (-8.0, 4.0), (103.0, 4.0), (0, 0), (97.0, -2.0), (-22.0, -33.0), (113.0, -28.0)]
[(47.0, 212.0), (38.0, 222.0), (58.0, 221.0), (-4.0, 192.0), (92.0, 188.0), (15.0, 89.0), (69.0, 89.0), (-30.0, 55.0), (116.0, 56.0), (-8.0, 5.0), (103.0, 5.0), (0, 0), (97.0, -1.0), (-23.0, -32.0), (113.0, -27.0)]
[(48.0, 210.0), (38.0, 221.0), (59.0, 219.0), (-4.0, 191.0), (92.0, 187.0), (15.0, 89.0), (69.0, 89.0), (-31.0, 54.0), (117.0, 56.0), (-8.0, 5.0), (103.0, 4.0), (0, 0), (97.0, -2.0), (-23.0, -32.0), (113.0, -28.0)]
[(48.0, 207.0), (38.0, 218.0), (59.0, 216.0), (-4.0, 188.0), (92.0, 184.0), (15.0, 85.0), (68.0, 85.0), (-31.0, 54.0), (116.0, 55.0), (-8.0, 5.0), (103.0, 4.0), (0, 0), (97.0, -2.0), (-23.0, -32.0), (113.0, -28.0)]
[(48.0, 206.0), (38.0, 216.0), (58.0, 215.0), (-4.0, 187.0), (92.0, 182.0), (15.0, 83.0), (68.0, 83.0), (-31.0, 52.0), (116.0, 53.0), (-9.0, 5.0), (103.0, 3.0), (0, 0), (97.0, -2.0), (-23.0, -33.0), (112.0, -28.0)]
[(48.0, 207.0), (38.0, 217.0), (59.0, 216.0), (-4.0, 187.0), (92.0, 183.0), (15.0, 83.0), (68.0, 83.0), (-32.0, 53.0), (116.0, 52.0), (-9.0, 5.0), (103.0, 3.0), (0, 0), (97.0, -2.0), (-23.0, -33.0), (112.0, -28.0)]
[(48.0, 207.0), (38.0, 218.0), (58.0, 216.0), (-3.0, 188.0), (92.0, 183.0), (15.0, 83.0), (68.0, 84.0), (-32.0, 52.0), (116.0, 51.0), (-9.0, 4.0), (103.0, 2.0), (0, 0), (97.0, -3.0), (-23.0, -34.0), (112.0, -28.0)]
[(48.0, 208.0), (38.0, 218.0), (58.0, 217.0), (-3.0, 189.0), (91.0, 184.0), (15.0, 84.0), (68.0, 84.0), (-32.0, 52.0), (116.0, 50.0), (-9.0, 4.0), (103.0, 2.0), (0, 0), (97.0, -2.0), (-22.0, -34.0), (111.0, -28.0)]
[(47.0, 208.0), (38.0, 219.0), (58.0, 217.0), (-3.0, 189.0), (91.0, 184.0), (15.0, 85.0), (68.0, 85.0), (-32.0, 53.0), (116.0, 51.0), (-9.0, 4.0), (103.0, 1.0), (0, 0), (97.0, -3.0), (-22.0, -34.0), (112.0, -28.0)]
[(47.0, 220.0), (38.0, 230.0), (58.0, 229.0), (-3.0, 201.0), (91.0, 200.0), (16.0, 98.0), (68.0, 96.0), (-31.0, 58.0), (116.0, 51.0), (-9.0, 4.0), (104.0, 1.0), (0, 0), (97.0, -3.0), (-23.0, -34.0), (112.0, -28.0)]
[(48.0, 239.0), (39.0, 249.0), (59.0, 249.0), (-3.0, 219.0), (93.0, 216.0), (17.0, 117.0), (70.0, 115.0), (-26.0, 69.0), (116.0, 57.0), (-8.0, 5.0), (106.0, 3.0), (0, 0), (100.0, -2.0), (-21.0, -33.0), (114.0, -27.0)]
[(48.0, 254.0), (39.0, 264.0), (58.0, 263.0), (-3.0, 231.0), (93.0, 228.0), (17.0, 128.0), (70.0, 126.0), (-23.0, 71.0), (114.0, 63.0), (-8.0, 6.0), (106.0, 4.0), (0, 0), (100.0, -2.0), (-21.0, -32.0), (115.0, -27.0)]
[(48.0, 258.0), (39.0, 268.0), (58.0, 268.0), (-3.0, 237.0), (93.0, 235.0), (17.0, 134.0), (71.0, 132.0), (-22.0, 75.0), (112.0, 65.0), (-8.0, 7.0), (106.0, 6.0), (0, 0), (100.0, -1.0), (-21.0, -30.0), (116.0, -25.0)]
[(46.0, 286.0), (38.0, 296.0), (57.0, 296.0), (-3.0, 260.0), (93.0, 258.0), (17.0, 149.0), (71.0, 148.0), (-20.0, 82.0), (110.0, 73.0), (-7.0, 8.0), (106.0, 7.0), (0, 0), (101.0, 0.0), (-21.0, -29.0), (117.0, -23.0)]
[(44.0, 303.0), (37.0, 313.0), (54.0, 312.0), (-3.0, 276.0), (93.0, 273.0), (17.0, 158.0), (71.0, 157.0), (-16.0, 91.0), (108.0, 81.0), (-7.0, 9.0), (106.0, 9.0), (0, 0), (101.0, 1.0), (-21.0, -28.0), (118.0, -22.0)]
[(43.0, 336.0), (37.0, 345.0), (53.0, 345.0), (-4.0, 303.0), (91.0, 299.0), (16.0, 178.0), (69.0, 178.0), (-9.0, 95.0), (99.0, 97.0), (-6.0, 11.0), (104.0, 11.0), (0, 0), (99.0, 2.0), (-22.0, -25.0), (117.0, -20.0)]
[(43.0, 354.0), (36.0, 362.0), (54.0, 362.0), (-4.0, 317.0), (91.0, 315.0), (16.0, 188.0), (69.0, 187.0), (-5.0, 100.0), (94.0, 102.0), (-6.0, 13.0), (103.0, 14.0), (0, 0), (98.0, 3.0), (-23.0, -22.0), (118.0, -17.0)]
[(43.0, 355.0), (36.0, 364.0), (54.0, 364.0), (-4.0, 319.0), (90.0, 317.0), (16.0, 190.0), (69.0, 188.0), (-3.0, 101.0), (94.0, 104.0), (-6.0, 13.0), (103.0, 15.0), (0, 0), (98.0, 2.0), (-23.0, -20.0), (119.0, -15.0)]
[(42.0, 366.0), (35.0, 374.0), (53.0, 374.0), (-6.0, 328.0), (89.0, 326.0), (15.0, 196.0), (68.0, 195.0), (-1.0, 106.0), (90.0, 106.0), (-7.0, 14.0), (101.0, 16.0), (0, 0), (97.0, 3.0), (-25.0, -19.0), (118.0, -14.0)]