[(42.0, 362.0), (32.0, 370.0), (49.0, 368.0), (-4.0, 315.0), (79.0, 313.0), (13.0, 198.0), (63.0, 197.0), (-6.0, 111.0), (89.0, 109.0), (-7.0, 12.0), (97.0, 13.0), (0, 0), (91.0, 1.0), (-27.0, -20.0), (115.0, -16.0)]
[(41.0, 373.0), (31.0, 381.0), (49.0, 380.0), (-4.0, 326.0), (78.0, 325.0), (12.0, 202.0), (62.0, 201.0), (-5.0, 111.0), (86.0, 110.0), (-8.0, 12.0), (96.0, 13.0), (0, 0), (91.0, 2.0), (-28.0, -20.0), (114.0, -16.0)]
[(41.0, 392.0), (31.0, 400.0), (49.0, 399.0), (-4.0, 345.0), (78.0, 342.0), (12.0, 210.0), (61.0, 209.0), (-2.0, 111.0), (82.0, 111.0), (-8.0, 12.0), (95.0, 14.0), (0, 0), (91.0, 2.0), (-28.0, -20.0), (114.0, -15.0)]
[(41.0, 398.0), (31.0, 405.0), (49.0, 406.0), (-4.0, 347.0), (78.0, 347.0), (11.0, 212.0), (61.0, 211.0), (-0.0, 110.0), (80.0, 111.0), (-7.0, 12.0), (95.0, 14.0), (0, 0), (91.0, 3.0), (-28.0, -21.0), (114.0, -16.0)]
[(40.0, 399.0), (30.0, 407.0), (48.0, 407.0), (-4.0, 350.0), (78.0, 347.0), (11.0, 214.0), (61.0, 212.0), (1.0, 110.0), (79.0, 111.0), (-7.0, 12.0), (95.0, 14.0), (0, 0), (91.0, 3.0), (-28.0, -22.0), (113.0, -16.0)]
[(39.0, 403.0), (29.0, 410.0), (48.0, 410.0), (-4.0, 351.0), (78.0, 348.0), (10.0, 213.0), (61.0, 212.0), (2.0, 110.0), (78.0, 111.0), (-7.0, 12.0), (94.0, 14.0), (0, 0), (91.0, 3.0), (-28.0, -22.0), (113.0, -16.0)]
[(38.0, 402.0), (28.0, 410.0), (47.0, 410.0), (-4.0, 351.0), (77.0, 349.0), (10.0, 212.0), (61.0, 212.0), (3.0, 110.0), (78.0, 111.0), (-6.0, 12.0), (94.0, 14.0), (0, 0), (91.0, 3.0), (-27.0, -23.0), (112.0, -17.0)]
[(38.0, 401.0), (28.0, 410.0), (47.0, 409.0), (-5.0, 350.0), (77.0, 349.0), (10.0, 211.0), (61.0, 211.0), (4.0, 110.0), (78.0, 111.0), (-6.0, 12.0), (94.0, 13.0), (0, 0), (90.0, 3.0), (-27.0, -23.0), (112.0, -17.0)]
[(38.0, 401.0), (28.0, 410.0), (47.0, 409.0), (-5.0, 350.0), (77.0, 349.0), (10.0, 211.0), (61.0, 211.0), (4.0, 109.0), (78.0, 111.0), (-6.0, 12.0), (94.0, 13.0), (0, 0), (90.0, 3.0), (-27.0, -23.0), (112.0, -17.0)]
[(37.0, 401.0), (27.0, 409.0), (47.0, 409.0), (-5.0, 349.0), (77.0, 349.0), (10.0, 210.0), (61.0, 210.0), (5.0, 109.0), (78.0, 110.0), (-6.0, 12.0), (94.0, 13.0), (0, 0), (90.0, 3.0), (-27.0, -23.0), (112.0, -17.0)]
[(37.0, 401.0), (27.0, 409.0), (46.0, 409.0), (-5.0, 349.0), (77.0, 349.0), (11.0, 210.0), (62.0, 211.0), (5.0, 108.0), (78.0, 109.0), (-5.0, 12.0), (93.0, 13.0), (0, 0), (90.0, 3.0), (-27.0, -23.0), (112.0, -17.0)]
[(36.0, 401.0), (27.0, 409.0), (46.0, 409.0), (-5.0, 348.0), (77.0, 349.0), (11.0, 210.0), (62.0, 211.0), (5.0, 108.0), (78.0, 109.0), (-5.0, 12.0), (93.0, 13.0), (0, 0), (90.0, 3.0), (-27.0, -23.0), (112.0, -17.0)]
[(36.0, 401.0), (26.0, 408.0), (46.0, 409.0), (-5.0, 348.0), (76.0, 349.0), (11.0, 210.0), (62.0, 211.0), (5.0, 108.0), (77.0, 109.0), (-5.0, 12.0), (93.0, 13.0), (0, 0), (90.0, 3.0), (-27.0, -23.0), (112.0, -18.0)]
[(36.0, 401.0), (26.0, 409.0), (46.0, 409.0), (-6.0, 348.0), (76.0, 348.0), (11.0, 210.0), (62.0, 211.0), (5.0, 107.0), (77.0, 109.0), (-5.0, 12.0), (93.0, 13.0), (0, 0), (90.0, 3.0), (-27.0, -23.0), (112.0, -18.0)]
[(36.0, 401.0), (26.0, 409.0), (46.0, 409.0), (-6.0, 348.0), (76.0, 349.0), (11.0, 210.0), (62.0, 211.0), (5.0, 107.0), (78.0, 109.0), (-5.0, 12.0), (93.0, 13.0), (0, 0), (90.0, 2.0), (-27.0, -23.0), (112.0, -18.0)]
[(36.0, 401.0), (26.0, 409.0), (46.0, 409.0), (-6.0, 348.0), (76.0, 349.0), (11.0, 210.0), (62.0, 211.0), (5.0, 107.0), (78.0, 109.0), (-5.0, 12.0), (93.0, 13.0), (0, 0), (90.0, 2.0), (-27.0, -23.0), (112.0, -18.0)]
[(36.0, 401.0), (26.0, 409.0), (45.0, 409.0), (-6.0, 349.0), (76.0, 349.0), (11.0, 210.0), (63.0, 211.0), (5.0, 107.0), (78.0, 109.0), (-5.0, 13.0), (93.0, 13.0), (0, 0), (90.0, 2.0), (-27.0, -23.0), (112.0, -18.0)]
[(36.0, 402.0), (26.0, 410.0), (46.0, 410.0), (-6.0, 350.0), (76.0, 350.0), (11.0, 211.0), (62.0, 212.0), (5.0, 107.0), (78.0, 109.0), (-5.0, 13.0), (93.0, 13.0), (0, 0), (90.0, 2.0), (-27.0, -23.0), (113.0, -18.0)]
[(36.0, 402.0), (26.0, 410.0), (46.0, 409.0), (-5.0, 351.0), (76.0, 350.0), (11.0, 212.0), (62.0, 213.0), (5.0, 107.0), (78.0, 109.0), (-5.0, 13.0), (93.0, 13.0), (0, 0), (90.0, 2.0), (-27.0, -23.0), (113.0, -18.0)]
[(37.0, 401.0), (26.0, 410.0), (46.0, 409.0), (-5.0, 351.0), (76.0, 350.0), (11.0, 213.0), (62.0, 213.0), (5.0, 107.0), (78.0, 109.0), (-6.0, 13.0), (93.0, 13.0), (0, 0), (90.0, 2.0), (-27.0, -24.0), (113.0, -18.0)]
[(38.0, 401.0), (27.0, 410.0), (47.0, 409.0), (-4.0, 351.0), (77.0, 350.0), (11.0, 213.0), (62.0, 213.0), (5.0, 107.0), (78.0, 109.0), (-6.0, 12.0), (93.0, 13.0), (0, 0), (90.0, 2.0), (-27.0, -23.0), (112.0, -18.0)]
[(40.0, 401.0), (28.0, 410.0), (49.0, 409.0), (-4.0, 350.0), (78.0, 350.0), (11.0, 213.0), (62.0, 213.0), (5.0, 107.0), (78.0, 109.0), (-6.0, 12.0), (93.0, 13.0), (0, 0), (90.0, 2.0), (-27.0, -24.0), (112.0, -18.0)]
[(41.0, 400.0), (29.0, 409.0), (49.0, 409.0), (-4.0, 350.0), (79.0, 350.0), (12.0, 215.0), (63.0, 214.0), (4.0, 109.0), (78.0, 110.0), (-6.0, 13.0), (93.0, 14.0), (0, 0), (90.0, 3.0), (-27.0, -23.0), (112.0, -17.0)]
[(41.0, 399.0), (30.0, 408.0), (50.0, 408.0), (-4.0, 349.0), (79.0, 349.0), (12.0, 215.0), (63.0, 214.0), (4.0, 109.0), (78.0, 110.0), (-5.0, 13.0), (93.0, 14.0), (0, 0), (90.0, 3.0), (-27.0, -23.0), (112.0, -17.0)]
[(41.0, 388.0), (30.0, 397.0), (50.0, 397.0), (-5.0, 343.0), (80.0, 341.0), (12.0, 215.0), (63.0, 214.0), (1.0, 110.0), (81.0, 110.0), (-6.0, 13.0), (93.0, 14.0), (0, 0), (90.0, 3.0), (-27.0, -23.0), (113.0, -17.0)]
[(43.0, 378.0), (31.0, 387.0), (51.0, 386.0), (-5.0, 336.0), (80.0, 334.0), (13.0, 212.0), (64.0, 211.0), (-0.0, 110.0), (83.0, 110.0), (-6.0, 13.0), (93.0, 14.0), (0, 0), (90.0, 3.0), (-27.0, -23.0), (113.0, -17.0)]
[(43.0, 377.0), (31.0, 386.0), (52.0, 385.0), (-5.0, 334.0), (80.0, 333.0), (13.0, 211.0), (64.0, 210.0), (-1.0, 110.0), (84.0, 110.0), (-6.0, 14.0), (93.0, 14.0), (0, 0), (90.0, 3.0), (-27.0, -22.0), (114.0, -16.0)]
[(45.0, 369.0), (33.0, 379.0), (53.0, 379.0), (-4.0, 328.0), (81.0, 326.0), (14.0, 207.0), (65.0, 205.0), (-1.0, 109.0), (86.0, 110.0), (-5.0, 14.0), (94.0, 15.0), (0, 0), (91.0, 3.0), (-26.0, -22.0), (115.0, -16.0)]
[(45.0, 350.0), (33.0, 360.0), (53.0, 359.0), (-5.0, 312.0), (80.0, 309.0), (13.0, 200.0), (64.0, 198.0), (-5.0, 111.0), (88.0, 110.0), (-6.0, 15.0), (93.0, 16.0), (0, 0), (90.0, 3.0), (-27.0, -21.0), (114.0, -15.0)]
[(45.0, 338.0), (33.0, 348.0), (54.0, 348.0), (-5.0, 300.0), (81.0, 299.0), (13.0, 194.0), (64.0, 193.0), (-6.0, 113.0), (88.0, 111.0), (-7.0, 15.0), (94.0, 16.0), (0, 0), (90.0, 3.0), (-27.0, -20.0), (114.0, -15.0)]
[(46.0, 337.0), (34.0, 347.0), (54.0, 346.0), (-4.0, 299.0), (82.0, 297.0), (14.0, 191.0), (65.0, 190.0), (-6.0, 113.0), (91.0, 111.0), (-6.0, 15.0), (95.0, 16.0), (0, 0), (91.0, 2.0), (-26.0, -19.0), (115.0, -15.0)]
[(46.0, 329.0), (34.0, 339.0), (54.0, 338.0), (-4.0, 290.0), (83.0, 288.0), (14.0, 188.0), (65.0, 187.0), (-6.0, 115.0), (91.0, 114.0), (-6.0, 16.0), (95.0, 16.0), (0, 0), (91.0, 2.0), (-26.0, -19.0), (115.0, -15.0)]
[(46.0, 309.0), (34.0, 321.0), (54.0, 319.0), (-4.0, 274.0), (83.0, 272.0), (14.0, 184.0), (66.0, 182.0), (-7.0, 115.0), (92.0, 114.0), (-6.0, 16.0), (95.0, 16.0), (0, 0), (91.0, 2.0), (-26.0, -19.0), (115.0, -15.0)]
[(46.0, 300.0), (35.0, 311.0), (55.0, 309.0), (-4.0, 266.0), (83.0, 263.0), (14.0, 178.0), (66.0, 175.0), (-7.0, 116.0), (93.0, 115.0), (-6.0, 16.0), (95.0, 16.0), (0, 0), (91.0, 2.0), (-26.0, -19.0), (115.0, -14.0)]
[(46.0, 301.0), (36.0, 311.0), (55.0, 310.0), (-5.0, 264.0), (83.0, 262.0), (14.0, 174.0), (66.0, 172.0), (-7.0, 116.0), (94.0, 115.0), (-7.0, 16.0), (95.0, 17.0), (0, 0), (91.0, 2.0), (-26.0, -19.0), (115.0, -14.0)]
[(47.0, 292.0), (37.0, 302.0), (55.0, 301.0), (-5.0, 256.0), (83.0, 256.0), (14.0, 169.0), (66.0, 167.0), (-8.0, 112.0), (95.0, 112.0), (-7.0, 16.0), (95.0, 16.0), (0, 0), (91.0, 2.0), (-26.0, -19.0), (116.0, -14.0)]
[(48.0, 282.0), (37.0, 293.0), (56.0, 292.0), (-5.0, 249.0), (83.0, 249.0), (14.0, 169.0), (67.0, 166.0), (-10.0, 112.0), (95.0, 111.0), (-7.0, 16.0), (95.0, 16.0), (0, 0), (91.0, 2.0), (-26.0, -19.0), (116.0, -14.0)]
[(48.0, 281.0), (38.0, 292.0), (56.0, 291.0), (-4.0, 248.0), (83.0, 248.0), (14.0, 167.0), (67.0, 164.0), (-11.0, 113.0), (96.0, 111.0), (-7.0, 16.0), (95.0, 16.0), (0, 0), (91.0, 2.0), (-26.0, -19.0), (116.0, -14.0)]
[(48.0, 268.0), (38.0, 279.0), (56.0, 278.0), (-4.0, 238.0), (83.0, 235.0), (14.0, 160.0), (67.0, 158.0), (-13.0, 116.0), (98.0, 111.0), (-7.0, 16.0), (96.0, 16.0), (0, 0), (91.0, 2.0), (-26.0, -18.0), (116.0, -13.0)]
[(48.0, 260.0), (38.0, 271.0), (56.0, 270.0), (-4.0, 232.0), (83.0, 227.0), (15.0, 157.0), (67.0, 154.0), (-14.0, 116.0), (100.0, 109.0), (-8.0, 16.0), (96.0, 16.0), (0, 0), (91.0, 1.0), (-27.0, -18.0), (116.0, -13.0)]
[(49.0, 260.0), (39.0, 270.0), (57.0, 270.0), (-3.0, 230.0), (84.0, 226.0), (17.0, 153.0), (68.0, 150.0), (-15.0, 114.0), (101.0, 108.0), (-7.0, 15.0), (97.0, 16.0), (0, 0), (92.0, 1.0), (-26.0, -18.0), (117.0, -12.0)]
[(49.0, 249.0), (39.0, 260.0), (58.0, 259.0), (-2.0, 221.0), (84.0, 216.0), (17.0, 152.0), (68.0, 149.0), (-17.0, 109.0), (103.0, 107.0), (-8.0, 15.0), (97.0, 16.0), (0, 0), (92.0, 1.0), (-26.0, -18.0), (117.0, -13.0)]
[(49.0, 241.0), (40.0, 253.0), (58.0, 252.0), (-2.0, 216.0), (84.0, 213.0), (17.0, 151.0), (68.0, 149.0), (-18.0, 106.0), (104.0, 105.0), (-8.0, 15.0), (97.0, 15.0), (0, 0), (92.0, 1.0), (-26.0, -18.0), (117.0, -13.0)]
[(49.0, 235.0), (40.0, 247.0), (58.0, 247.0), (-2.0, 213.0), (84.0, 209.0), (17.0, 148.0), (68.0, 145.0), (-19.0, 106.0), (105.0, 104.0), (-8.0, 15.0), (98.0, 16.0), (0, 0), (92.0, 2.0), (-28.0, -17.0), (117.0, -12.0)]
[(50.0, 237.0), (40.0, 248.0), (58.0, 247.0), (-2.0, 211.0), (84.0, 208.0), (18.0, 148.0), (68.0, 145.0), (-19.0, 104.0), (105.0, 103.0), (-8.0, 15.0), (98.0, 16.0), (0, 0), (92.0, 2.0), (-29.0, -17.0), (117.0, -12.0)]
[(50.0, 229.0), (40.0, 241.0), (58.0, 241.0), (-2.0, 207.0), (84.0, 204.0), (18.0, 146.0), (68.0, 143.0), (-19.0, 101.0), (106.0, 103.0), (-8.0, 15.0), (98.0, 16.0), (0, 0), (92.0, 1.0), (-29.0, -17.0), (117.0, -12.0)]
[(50.0, 230.0), (40.0, 241.0), (59.0, 241.0), (-2.0, 206.0), (84.0, 203.0), (18.0, 145.0), (68.0, 142.0), (-19.0, 100.0), (106.0, 103.0), (-8.0, 15.0), (98.0, 15.0), (0, 0), (92.0, 1.0), (-29.0, -17.0), (117.0, -12.0)]
[(50.0, 220.0), (41.0, 232.0), (59.0, 230.0), (-2.0, 201.0), (84.0, 199.0), (18.0, 141.0), (68.0, 139.0), (-21.0, 100.0), (106.0, 103.0), (-8.0, 14.0), (98.0, 15.0), (0, 0), (91.0, 1.0), (-29.0, -16.0), (117.0, -12.0)]
[(50.0, 215.0), (41.0, 227.0), (59.0, 225.0), (-2.0, 198.0), (81.0, 196.0), (20.0, 138.0), (68.0, 137.0), (-23.0, 99.0), (107.0, 103.0), (-8.0, 14.0), (98.0, 15.0), (0, 0), (91.0, 1.0), (-29.0, -16.0), (117.0, -12.0)]
[(50.0, 213.0), (41.0, 225.0), (59.0, 225.0), (-2.0, 196.0), (82.0, 195.0), (21.0, 139.0), (68.0, 138.0), (-23.0, 99.0), (107.0, 102.0), (-8.0, 14.0), (98.0, 15.0), (0, 0), (90.0, 1.0), (-29.0, -16.0), (117.0, -12.0)]
[(49.0, 209.0), (40.0, 221.0), (58.0, 221.0), (-3.0, 193.0), (80.0, 193.0), (20.0, 138.0), (67.0, 137.0), (-24.0, 98.0), (107.0, 103.0), (-9.0, 14.0), (97.0, 15.0), (0, 0), (89.0, 1.0), (-30.0, -16.0), (116.0, -12.0)]
[(50.0, 206.0), (41.0, 218.0), (58.0, 217.0), (-3.0, 189.0), (79.0, 191.0), (20.0, 137.0), (66.0, 136.0), (-26.0, 97.0), (107.0, 102.0), (-9.0, 14.0), (97.0, 15.0), (0, 0), (89.0, 1.0), (-30.0, -16.0), (116.0, -12.0)]
[(50.0, 201.0), (40.0, 211.0), (59.0, 212.0), (-3.0, 185.0), (81.0, 187.0), (20.0, 131.0), (66.0, 131.0), (-27.0, 97.0), (108.0, 102.0), (-9.0, 14.0), (97.0, 15.0), (0, 0), (89.0, 1.0), (-30.0, -15.0), (116.0, -12.0)]
[(50.0, 198.0), (41.0, 209.0), (59.0, 210.0), (-2.0, 184.0), (82.0, 185.0), (20.0, 128.0), (65.0, 129.0), (-27.0, 96.0), (108.0, 101.0), (-9.0, 13.0), (97.0, 14.0), (0, 0), (89.0, 1.0), (-30.0, -16.0), (116.0, -13.0)]
[(50.0, 197.0), (41.0, 208.0), (59.0, 208.0), (-2.0, 183.0), (83.0, 183.0), (20.0, 128.0), (65.0, 128.0), (-27.0, 95.0), (108.0, 101.0), (-9.0, 13.0), (97.0, 14.0), (0, 0), (89.0, 1.0), (-31.0, -16.0), (116.0, -13.0)]
[(50.0, 195.0), (41.0, 206.0), (59.0, 205.0), (-2.0, 181.0), (83.0, 181.0), (20.0, 125.0), (65.0, 125.0), (-27.0, 94.0), (108.0, 101.0), (-9.0, 12.0), (97.0, 13.0), (0, 0), (89.0, 0.0), (-31.0, -17.0), (116.0, -14.0)]
[(50.0, 193.0), (41.0, 204.0), (59.0, 204.0), (-2.0, 180.0), (79.0, 181.0), (20.0, 124.0), (65.0, 124.0), (-28.0, 93.0), (108.0, 101.0), (-9.0, 12.0), (97.0, 12.0), (0, 0), (89.0, -1.0), (-31.0, -18.0), (116.0, -15.0)]
[(50.0, 192.0), (40.0, 205.0), (59.0, 204.0), (-2.0, 181.0), (77.0, 181.0), (21.0, 124.0), (65.0, 124.0), (-28.0, 94.0), (108.0, 101.0), (-9.0, 12.0), (97.0, 12.0), (0, 0), (89.0, -1.0), (-30.0, -18.0), (115.0, -15.0)]
[(49.0, 194.0), (40.0, 206.0), (58.0, 206.0), (-2.0, 181.0), (77.0, 181.0), (21.0, 124.0), (64.0, 124.0), (-28.0, 94.0), (108.0, 101.0), (-9.0, 12.0), (97.0, 12.0), (0, 0), (89.0, -1.0), (-31.0, -18.0), (115.0, -15.0)]
[(49.0, 194.0), (39.0, 207.0), (58.0, 207.0), (-2.0, 181.0), (79.0, 181.0), (20.0, 125.0), (64.0, 125.0), (-28.0, 93.0), (108.0, 98.0), (-9.0, 12.0), (97.0, 12.0), (0, 0), (89.0, -1.0), (-31.0, -18.0), (115.0, -15.0)]
[(47.0, 216.0), (38.0, 227.0), (56.0, 226.0), (-5.0, 189.0), (79.0, 188.0), (14.0, 129.0), (63.0, 131.0), (-27.0, 94.0), (107.0, 98.0), (-9.0, 12.0), (97.0, 12.0), (0, 0), (89.0, -1.0), (-30.0, -19.0), (115.0, -15.0)]
[(47.0, 220.0), (37.0, 230.0), (55.0, 229.0), (-6.0, 191.0), (79.0, 190.0), (12.0, 131.0), (62.0, 132.0), (-27.0, 94.0), (106.0, 98.0), (-9.0, 12.0), (97.0, 12.0), (0, 0), (89.0, -1.0), (-29.0, -19.0), (115.0, -15.0)]
[(44.0, 243.0), (36.0, 254.0), (53.0, 253.0), (-6.0, 211.0), (79.0, 208.0), (11.0, 139.0), (62.0, 139.0), (-24.0, 94.0), (104.0, 99.0), (-9.0, 11.0), (97.0, 12.0), (0, 0), (89.0, -1.0), (-28.0, -20.0), (115.0, -16.0)]
[(42.0, 262.0), (33.0, 272.0), (51.0, 271.0), (-6.0, 227.0), (79.0, 222.0), (10.0, 146.0), (62.0, 145.0), (-21.0, 94.0), (102.0, 101.0), (-9.0, 11.0), (97.0, 12.0), (0, 0), (89.0, 0.0), (-28.0, -20.0), (114.0, -16.0)]
[(42.0, 281.0), (34.0, 291.0), (51.0, 291.0), (-6.0, 243.0), (79.0, 242.0), (11.0, 153.0), (62.0, 152.0), (-19.0, 98.0), (100.0, 105.0), (-8.0, 12.0), (96.0, 13.0), (0, 0), (89.0, 1.0), (-28.0, -20.0), (114.0, -15.0)]
[(44.0, 279.0), (35.0, 291.0), (52.0, 289.0), (-5.0, 245.0), (80.0, 244.0), (13.0, 156.0), (63.0, 154.0), (-16.0, 101.0), (100.0, 109.0), (-7.0, 12.0), (97.0, 13.0), (0, 0), (91.0, 1.0), (-27.0, -20.0), (115.0, -16.0)]
[(44.0, 298.0), (36.0, 308.0), (52.0, 307.0), (-5.0, 261.0), (80.0, 258.0), (13.0, 165.0), (64.0, 163.0), (-14.0, 106.0), (98.0, 113.0), (-7.0, 11.0), (97.0, 12.0), (0, 0), (91.0, 0.0), (-27.0, -21.0), (115.0, -17.0)]
[(43.0, 298.0), (35.0, 309.0), (52.0, 307.0), (-6.0, 261.0), (79.0, 258.0), (12.0, 165.0), (63.0, 163.0), (-14.0, 106.0), (97.0, 110.0), (-8.0, 11.0), (96.0, 12.0), (0, 0), (90.0, 0.0), (-27.0, -22.0), (115.0, -17.0)]
[(43.0, 334.0), (34.0, 344.0), (52.0, 343.0), (-6.0, 290.0), (79.0, 287.0), (11.0, 180.0), (62.0, 179.0), (-12.0, 105.0), (94.0, 109.0), (-8.0, 11.0), (96.0, 12.0), (0, 0), (90.0, 0.0), (-26.0, -22.0), (115.0, -17.0)]
[(42.0, 352.0), (33.0, 361.0), (51.0, 359.0), (-5.0, 306.0), (79.0, 303.0), (11.0, 190.0), (62.0, 189.0), (-8.0, 108.0), (91.0, 109.0), (-7.0, 11.0), (96.0, 12.0), (0, 0), (91.0, 0.0), (-26.0, -22.0), (115.0, -17.0)]
[(43.0, 354.0), (33.0, 362.0), (51.0, 361.0), (-4.0, 308.0), (79.0, 306.0), (11.0, 194.0), (62.0, 192.0), (-8.0, 111.0), (91.0, 109.0), (-7.0, 11.0), (96.0, 12.0), (0, 0), (91.0, 0.0), (-26.0, -22.0), (116.0, -17.0)]
[(43.0, 365.0), (33.0, 373.0), (51.0, 373.0), (-3.0, 319.0), (79.0, 318.0), (11.0, 199.0), (61.0, 197.0), (-6.0, 112.0), (89.0, 110.0), (-7.0, 12.0), (97.0, 12.0), (0, 0), (91.0, 0.0), (-27.0, -21.0), (116.0, -17.0)]