[(39.0, 371.0), (32.0, 379.0), (50.0, 379.0), (-7.0, 331.0), (85.0, 329.0), (16.0, 195.0), (65.0, 194.0), (-2.0, 104.0), (89.0, 102.0), (-6.0, 9.0), (98.0, 11.0), (0, 0), (94.0, 1.0), (-26.0, -21.0), (119.0, -16.0)]
[(39.0, 374.0), (31.0, 381.0), (49.0, 381.0), (-7.0, 334.0), (84.0, 333.0), (16.0, 198.0), (65.0, 196.0), (-2.0, 105.0), (89.0, 105.0), (-6.0, 10.0), (98.0, 12.0), (0, 0), (94.0, 2.0), (-29.0, -20.0), (119.0, -15.0)]
[(38.0, 393.0), (30.0, 401.0), (49.0, 401.0), (-8.0, 350.0), (84.0, 350.0), (16.0, 205.0), (65.0, 205.0), (-0.0, 105.0), (87.0, 107.0), (-6.0, 10.0), (98.0, 13.0), (0, 0), (94.0, 2.0), (-29.0, -20.0), (118.0, -15.0)]
[(36.0, 398.0), (28.0, 406.0), (48.0, 406.0), (-9.0, 354.0), (84.0, 353.0), (16.0, 207.0), (65.0, 207.0), (2.0, 108.0), (85.0, 109.0), (-6.0, 11.0), (98.0, 14.0), (0, 0), (94.0, 2.0), (-30.0, -20.0), (118.0, -15.0)]
[(35.0, 400.0), (27.0, 409.0), (47.0, 409.0), (-9.0, 354.0), (84.0, 355.0), (15.0, 205.0), (65.0, 205.0), (2.0, 107.0), (85.0, 107.0), (-6.0, 12.0), (98.0, 14.0), (0, 0), (94.0, 2.0), (-31.0, -20.0), (118.0, -15.0)]
[(33.0, 401.0), (25.0, 409.0), (45.0, 410.0), (-11.0, 353.0), (82.0, 355.0), (14.0, 205.0), (64.0, 205.0), (2.0, 107.0), (83.0, 107.0), (-7.0, 13.0), (97.0, 14.0), (0, 0), (93.0, 2.0), (-32.0, -20.0), (116.0, -15.0)]
[(33.0, 401.0), (25.0, 410.0), (44.0, 410.0), (-11.0, 353.0), (82.0, 354.0), (14.0, 203.0), (64.0, 204.0), (3.0, 107.0), (83.0, 107.0), (-7.0, 13.0), (97.0, 14.0), (0, 0), (93.0, 2.0), (-32.0, -20.0), (116.0, -15.0)]
[(33.0, 401.0), (25.0, 410.0), (44.0, 410.0), (-11.0, 352.0), (82.0, 354.0), (15.0, 204.0), (65.0, 204.0), (3.0, 108.0), (82.0, 106.0), (-7.0, 14.0), (97.0, 14.0), (0, 0), (92.0, 2.0), (-32.0, -20.0), (116.0, -15.0)]
[(33.0, 400.0), (25.0, 409.0), (44.0, 409.0), (-11.0, 353.0), (82.0, 354.0), (15.0, 203.0), (65.0, 203.0), (3.0, 107.0), (82.0, 106.0), (-7.0, 14.0), (97.0, 14.0), (0, 0), (92.0, 2.0), (-32.0, -20.0), (116.0, -15.0)]
[(33.0, 399.0), (25.0, 409.0), (44.0, 408.0), (-11.0, 352.0), (82.0, 354.0), (15.0, 202.0), (65.0, 202.0), (4.0, 108.0), (82.0, 106.0), (-7.0, 14.0), (97.0, 14.0), (0, 0), (92.0, 2.0), (-33.0, -20.0), (116.0, -15.0)]
[(33.0, 399.0), (25.0, 408.0), (44.0, 408.0), (-11.0, 352.0), (82.0, 353.0), (15.0, 201.0), (66.0, 201.0), (4.0, 107.0), (82.0, 106.0), (-7.0, 14.0), (97.0, 14.0), (0, 0), (92.0, 2.0), (-33.0, -20.0), (116.0, -15.0)]
[(34.0, 400.0), (25.0, 409.0), (45.0, 409.0), (-10.0, 352.0), (82.0, 353.0), (15.0, 201.0), (66.0, 202.0), (4.0, 107.0), (82.0, 105.0), (-7.0, 14.0), (97.0, 14.0), (0, 0), (92.0, 2.0), (-33.0, -20.0), (116.0, -15.0)]
[(34.0, 399.0), (25.0, 409.0), (45.0, 408.0), (-10.0, 352.0), (82.0, 353.0), (15.0, 201.0), (66.0, 201.0), (4.0, 106.0), (82.0, 106.0), (-7.0, 14.0), (97.0, 14.0), (0, 0), (92.0, 2.0), (-33.0, -20.0), (116.0, -15.0)]
[(34.0, 399.0), (26.0, 408.0), (45.0, 408.0), (-10.0, 352.0), (82.0, 353.0), (15.0, 202.0), (66.0, 202.0), (4.0, 107.0), (82.0, 106.0), (-7.0, 14.0), (97.0, 15.0), (0, 0), (92.0, 2.0), (-34.0, -20.0), (116.0, -15.0)]
[(35.0, 399.0), (26.0, 408.0), (46.0, 408.0), (-10.0, 353.0), (82.0, 354.0), (15.0, 202.0), (66.0, 202.0), (4.0, 107.0), (82.0, 106.0), (-7.0, 14.0), (97.0, 15.0), (0, 0), (92.0, 2.0), (-34.0, -20.0), (116.0, -15.0)]
[(36.0, 399.0), (27.0, 408.0), (47.0, 408.0), (-10.0, 353.0), (83.0, 353.0), (15.0, 202.0), (66.0, 202.0), (4.0, 107.0), (82.0, 106.0), (-7.0, 14.0), (97.0, 15.0), (0, 0), (91.0, 2.0), (-34.0, -20.0), (116.0, -15.0)]
[(37.0, 398.0), (27.0, 408.0), (47.0, 407.0), (-10.0, 353.0), (84.0, 352.0), (15.0, 201.0), (67.0, 201.0), (4.0, 106.0), (82.0, 106.0), (-7.0, 14.0), (97.0, 15.0), (0, 0), (91.0, 2.0), (-34.0, -20.0), (116.0, -14.0)]
[(37.0, 399.0), (28.0, 408.0), (48.0, 408.0), (-10.0, 354.0), (84.0, 353.0), (15.0, 202.0), (67.0, 202.0), (4.0, 107.0), (82.0, 107.0), (-7.0, 15.0), (97.0, 16.0), (0, 0), (91.0, 3.0), (-34.0, -19.0), (117.0, -13.0)]
[(38.0, 399.0), (29.0, 408.0), (48.0, 408.0), (-10.0, 353.0), (84.0, 353.0), (15.0, 202.0), (67.0, 202.0), (4.0, 107.0), (82.0, 107.0), (-7.0, 15.0), (97.0, 16.0), (0, 0), (91.0, 3.0), (-34.0, -18.0), (117.0, -13.0)]
[(40.0, 387.0), (30.0, 397.0), (50.0, 395.0), (-9.0, 349.0), (86.0, 345.0), (15.0, 196.0), (67.0, 196.0), (3.0, 104.0), (82.0, 104.0), (-7.0, 14.0), (97.0, 15.0), (0, 0), (91.0, 2.0), (-34.0, -19.0), (116.0, -14.0)]
[(40.0, 378.0), (30.0, 388.0), (50.0, 386.0), (-9.0, 343.0), (86.0, 338.0), (15.0, 194.0), (67.0, 193.0), (2.0, 103.0), (82.0, 103.0), (-7.0, 14.0), (97.0, 16.0), (0, 0), (91.0, 3.0), (-34.0, -18.0), (116.0, -13.0)]
[(41.0, 375.0), (30.0, 385.0), (51.0, 384.0), (-8.0, 340.0), (87.0, 335.0), (15.0, 192.0), (67.0, 191.0), (2.0, 101.0), (83.0, 102.0), (-7.0, 14.0), (97.0, 16.0), (0, 0), (91.0, 3.0), (-34.0, -18.0), (115.0, -13.0)]
[(42.0, 366.0), (31.0, 375.0), (51.0, 374.0), (-8.0, 333.0), (88.0, 328.0), (15.0, 188.0), (67.0, 187.0), (1.0, 97.0), (83.0, 98.0), (-7.0, 13.0), (96.0, 15.0), (0, 0), (91.0, 3.0), (-33.0, -18.0), (115.0, -13.0)]
[(43.0, 343.0), (33.0, 353.0), (52.0, 352.0), (-7.0, 315.0), (89.0, 313.0), (16.0, 175.0), (68.0, 176.0), (2.0, 91.0), (84.0, 92.0), (-6.0, 12.0), (97.0, 14.0), (0, 0), (92.0, 3.0), (-31.0, -18.0), (115.0, -13.0)]
[(43.0, 329.0), (33.0, 339.0), (52.0, 338.0), (-7.0, 302.0), (89.0, 300.0), (16.0, 169.0), (68.0, 168.0), (2.0, 86.0), (85.0, 89.0), (-6.0, 12.0), (97.0, 14.0), (0, 0), (93.0, 2.0), (-31.0, -18.0), (115.0, -13.0)]
[(43.0, 303.0), (32.0, 314.0), (52.0, 313.0), (-6.0, 281.0), (89.0, 278.0), (16.0, 159.0), (68.0, 158.0), (2.0, 84.0), (88.0, 86.0), (-6.0, 12.0), (97.0, 13.0), (0, 0), (93.0, 1.0), (-29.0, -18.0), (116.0, -13.0)]
[(42.0, 279.0), (32.0, 289.0), (52.0, 290.0), (-6.0, 262.0), (90.0, 262.0), (16.0, 151.0), (68.0, 148.0), (3.0, 82.0), (89.0, 80.0), (-6.0, 10.0), (97.0, 13.0), (0, 0), (93.0, 2.0), (-28.0, -19.0), (116.0, -13.0)]
[(42.0, 266.0), (32.0, 277.0), (52.0, 277.0), (-5.0, 253.0), (90.0, 254.0), (16.0, 150.0), (68.0, 146.0), (4.0, 80.0), (88.0, 79.0), (-5.0, 10.0), (97.0, 14.0), (0, 0), (93.0, 3.0), (-26.0, -19.0), (116.0, -13.0)]
[(43.0, 267.0), (33.0, 279.0), (53.0, 278.0), (-5.0, 252.0), (90.0, 256.0), (17.0, 151.0), (68.0, 146.0), (4.0, 80.0), (88.0, 79.0), (-5.0, 10.0), (97.0, 13.0), (0, 0), (92.0, 3.0), (-24.0, -19.0), (117.0, -13.0)]
[(43.0, 248.0), (33.0, 258.0), (53.0, 258.0), (-5.0, 235.0), (89.0, 236.0), (16.0, 139.0), (68.0, 136.0), (3.0, 77.0), (88.0, 76.0), (-5.0, 10.0), (96.0, 13.0), (0, 0), (91.0, 3.0), (-25.0, -19.0), (116.0, -13.0)]
[(43.0, 237.0), (33.0, 247.0), (53.0, 247.0), (-4.0, 224.0), (89.0, 229.0), (16.0, 131.0), (68.0, 130.0), (3.0, 73.0), (88.0, 74.0), (-4.0, 9.0), (96.0, 12.0), (0, 0), (91.0, 2.0), (-25.0, -20.0), (116.0, -14.0)]
[(43.0, 222.0), (33.0, 231.0), (53.0, 231.0), (-4.0, 207.0), (88.0, 214.0), (16.0, 123.0), (68.0, 122.0), (3.0, 69.0), (88.0, 73.0), (-4.0, 9.0), (95.0, 12.0), (0, 0), (90.0, 3.0), (-25.0, -20.0), (115.0, -14.0)]
[(43.0, 213.0), (33.0, 223.0), (53.0, 224.0), (-4.0, 201.0), (88.0, 211.0), (16.0, 116.0), (68.0, 116.0), (3.0, 70.0), (89.0, 75.0), (-4.0, 9.0), (95.0, 12.0), (0, 0), (90.0, 3.0), (-25.0, -19.0), (115.0, -14.0)]
[(43.0, 214.0), (33.0, 223.0), (53.0, 223.0), (-3.0, 200.0), (88.0, 211.0), (17.0, 117.0), (68.0, 116.0), (3.0, 72.0), (89.0, 75.0), (-4.0, 9.0), (95.0, 11.0), (0, 0), (90.0, 3.0), (-25.0, -19.0), (115.0, -14.0)]
[(42.0, 202.0), (32.0, 212.0), (52.0, 212.0), (-4.0, 190.0), (86.0, 196.0), (16.0, 107.0), (67.0, 107.0), (-0.0, 73.0), (88.0, 76.0), (-5.0, 9.0), (93.0, 11.0), (0, 0), (88.0, 2.0), (-25.0, -19.0), (113.0, -15.0)]
[(42.0, 199.0), (32.0, 209.0), (52.0, 209.0), (-4.0, 184.0), (85.0, 188.0), (16.0, 102.0), (67.0, 102.0), (-0.0, 73.0), (88.0, 75.0), (-5.0, 8.0), (93.0, 10.0), (0, 0), (88.0, 1.0), (-25.0, -20.0), (113.0, -16.0)]
[(42.0, 196.0), (32.0, 206.0), (52.0, 206.0), (-4.0, 180.0), (85.0, 183.0), (16.0, 100.0), (67.0, 99.0), (-1.0, 74.0), (88.0, 79.0), (-5.0, 8.0), (93.0, 10.0), (0, 0), (88.0, 1.0), (-24.0, -20.0), (113.0, -16.0)]
[(42.0, 197.0), (32.0, 208.0), (52.0, 208.0), (-4.0, 183.0), (85.0, 182.0), (16.0, 104.0), (67.0, 102.0), (-1.0, 74.0), (88.0, 79.0), (-5.0, 8.0), (93.0, 10.0), (0, 0), (88.0, 1.0), (-24.0, -20.0), (113.0, -16.0)]
[(42.0, 197.0), (33.0, 208.0), (52.0, 208.0), (-4.0, 184.0), (85.0, 182.0), (16.0, 104.0), (67.0, 103.0), (-2.0, 74.0), (88.0, 79.0), (-5.0, 9.0), (93.0, 11.0), (0, 0), (88.0, 1.0), (-24.0, -20.0), (113.0, -16.0)]
[(43.0, 201.0), (33.0, 211.0), (52.0, 210.0), (-4.0, 188.0), (85.0, 186.0), (16.0, 108.0), (67.0, 106.0), (-2.0, 74.0), (88.0, 78.0), (-5.0, 9.0), (93.0, 11.0), (0, 0), (88.0, 1.0), (-24.0, -20.0), (113.0, -16.0)]
[(43.0, 205.0), (33.0, 215.0), (52.0, 215.0), (-4.0, 194.0), (85.0, 207.0), (16.0, 123.0), (67.0, 121.0), (-2.0, 74.0), (88.0, 78.0), (-5.0, 9.0), (93.0, 11.0), (0, 0), (88.0, 1.0), (-24.0, -20.0), (114.0, -16.0)]
[(42.0, 218.0), (33.0, 228.0), (52.0, 228.0), (-4.0, 208.0), (85.0, 218.0), (16.0, 132.0), (67.0, 131.0), (-2.0, 74.0), (90.0, 75.0), (-5.0, 9.0), (93.0, 11.0), (0, 0), (88.0, 1.0), (-24.0, -20.0), (114.0, -16.0)]
[(42.0, 222.0), (33.0, 231.0), (52.0, 232.0), (-4.0, 209.0), (86.0, 217.0), (16.0, 133.0), (66.0, 131.0), (-2.0, 76.0), (90.0, 75.0), (-5.0, 9.0), (93.0, 11.0), (0, 0), (88.0, 2.0), (-24.0, -19.0), (115.0, -15.0)]
[(42.0, 236.0), (33.0, 244.0), (51.0, 246.0), (-4.0, 220.0), (86.0, 222.0), (16.0, 139.0), (65.0, 137.0), (-2.0, 76.0), (90.0, 75.0), (-5.0, 9.0), (93.0, 11.0), (0, 0), (88.0, 2.0), (-24.0, -19.0), (115.0, -15.0)]
[(41.0, 265.0), (32.0, 274.0), (50.0, 275.0), (-4.0, 245.0), (84.0, 246.0), (16.0, 149.0), (65.0, 148.0), (-1.0, 78.0), (90.0, 78.0), (-6.0, 9.0), (94.0, 12.0), (0, 0), (89.0, 2.0), (-24.0, -19.0), (114.0, -15.0)]
[(39.0, 300.0), (30.0, 309.0), (48.0, 310.0), (-4.0, 267.0), (84.0, 267.0), (16.0, 160.0), (64.0, 160.0), (-1.0, 80.0), (90.0, 84.0), (-6.0, 9.0), (94.0, 12.0), (0, 0), (89.0, 3.0), (-25.0, -19.0), (115.0, -15.0)]
[(40.0, 316.0), (31.0, 325.0), (49.0, 326.0), (-4.0, 285.0), (85.0, 284.0), (16.0, 168.0), (65.0, 168.0), (-0.0, 85.0), (92.0, 88.0), (-5.0, 9.0), (95.0, 12.0), (0, 0), (91.0, 2.0), (-25.0, -19.0), (116.0, -15.0)]
[(38.0, 314.0), (31.0, 323.0), (48.0, 325.0), (-4.0, 287.0), (85.0, 288.0), (16.0, 170.0), (66.0, 169.0), (-0.0, 88.0), (92.0, 91.0), (-5.0, 9.0), (96.0, 12.0), (0, 0), (91.0, 2.0), (-26.0, -19.0), (116.0, -15.0)]
[(39.0, 330.0), (31.0, 340.0), (49.0, 340.0), (-5.0, 302.0), (85.0, 303.0), (16.0, 179.0), (66.0, 179.0), (-0.0, 94.0), (91.0, 98.0), (-5.0, 9.0), (96.0, 13.0), (0, 0), (92.0, 3.0), (-27.0, -19.0), (117.0, -15.0)]
[(39.0, 365.0), (31.0, 373.0), (49.0, 373.0), (-6.0, 326.0), (85.0, 325.0), (16.0, 192.0), (66.0, 191.0), (-0.0, 102.0), (89.0, 103.0), (-6.0, 10.0), (96.0, 13.0), (0, 0), (92.0, 2.0), (-30.0, -19.0), (117.0, -15.0)]