[(39.0, 390.0), (28.0, 399.0), (46.0, 398.0), (-4.0, 343.0), (78.0, 347.0), (13.0, 210.0), (62.0, 208.0), (-3.0, 108.0), (88.0, 105.0), (-7.0, 12.0), (98.0, 13.0), (0, 0), (93.0, 2.0), (-29.0, -19.0), (117.0, -15.0)]
[(37.0, 396.0), (27.0, 404.0), (46.0, 405.0), (-4.0, 349.0), (77.0, 354.0), (13.0, 214.0), (63.0, 214.0), (-1.0, 111.0), (87.0, 110.0), (-7.0, 13.0), (97.0, 13.0), (0, 0), (93.0, 2.0), (-29.0, -19.0), (117.0, -15.0)]
[(37.0, 398.0), (27.0, 406.0), (46.0, 406.0), (-4.0, 350.0), (77.0, 353.0), (13.0, 213.0), (63.0, 213.0), (-0.0, 112.0), (85.0, 111.0), (-7.0, 14.0), (97.0, 13.0), (0, 0), (93.0, 3.0), (-29.0, -19.0), (116.0, -15.0)]
[(37.0, 401.0), (27.0, 409.0), (46.0, 410.0), (-3.0, 353.0), (77.0, 356.0), (13.0, 217.0), (63.0, 216.0), (1.0, 110.0), (82.0, 111.0), (-7.0, 13.0), (97.0, 13.0), (0, 0), (93.0, 3.0), (-29.0, -20.0), (116.0, -15.0)]
[(37.0, 400.0), (27.0, 408.0), (46.0, 409.0), (-3.0, 354.0), (77.0, 356.0), (13.0, 215.0), (63.0, 215.0), (3.0, 109.0), (81.0, 111.0), (-7.0, 13.0), (97.0, 13.0), (0, 0), (93.0, 3.0), (-29.0, -21.0), (115.0, -15.0)]
[(37.0, 399.0), (27.0, 408.0), (46.0, 408.0), (-3.0, 353.0), (78.0, 354.0), (13.0, 213.0), (64.0, 214.0), (5.0, 107.0), (81.0, 108.0), (-6.0, 13.0), (96.0, 12.0), (0, 0), (93.0, 2.0), (-29.0, -22.0), (115.0, -17.0)]
[(37.0, 399.0), (27.0, 408.0), (46.0, 408.0), (-3.0, 353.0), (78.0, 354.0), (13.0, 213.0), (64.0, 214.0), (6.0, 108.0), (80.0, 108.0), (-6.0, 13.0), (96.0, 12.0), (0, 0), (92.0, 2.0), (-29.0, -22.0), (115.0, -17.0)]
[(37.0, 399.0), (27.0, 408.0), (46.0, 408.0), (-3.0, 353.0), (78.0, 354.0), (13.0, 213.0), (64.0, 213.0), (6.0, 107.0), (80.0, 107.0), (-6.0, 13.0), (96.0, 12.0), (0, 0), (92.0, 2.0), (-29.0, -23.0), (115.0, -17.0)]
[(37.0, 399.0), (27.0, 408.0), (46.0, 408.0), (-3.0, 353.0), (78.0, 353.0), (13.0, 212.0), (64.0, 212.0), (6.0, 107.0), (80.0, 107.0), (-6.0, 13.0), (96.0, 12.0), (0, 0), (92.0, 2.0), (-29.0, -23.0), (115.0, -17.0)]
[(37.0, 399.0), (27.0, 408.0), (46.0, 408.0), (-2.0, 352.0), (78.0, 353.0), (13.0, 212.0), (64.0, 212.0), (6.0, 107.0), (80.0, 107.0), (-6.0, 13.0), (96.0, 12.0), (0, 0), (92.0, 2.0), (-29.0, -23.0), (115.0, -17.0)]
[(37.0, 399.0), (28.0, 407.0), (46.0, 408.0), (-2.0, 352.0), (78.0, 352.0), (13.0, 212.0), (64.0, 212.0), (6.0, 107.0), (80.0, 107.0), (-5.0, 13.0), (96.0, 13.0), (0, 0), (92.0, 2.0), (-29.0, -23.0), (115.0, -17.0)]
[(36.0, 398.0), (27.0, 406.0), (45.0, 406.0), (-3.0, 351.0), (77.0, 351.0), (12.0, 211.0), (63.0, 211.0), (5.0, 106.0), (78.0, 106.0), (-6.0, 12.0), (95.0, 12.0), (0, 0), (91.0, 1.0), (-30.0, -24.0), (114.0, -18.0)]
[(37.0, 398.0), (27.0, 406.0), (45.0, 407.0), (-3.0, 351.0), (77.0, 351.0), (12.0, 212.0), (64.0, 212.0), (6.0, 107.0), (78.0, 107.0), (-6.0, 12.0), (95.0, 12.0), (0, 0), (91.0, 1.0), (-30.0, -24.0), (114.0, -18.0)]
[(37.0, 399.0), (27.0, 407.0), (46.0, 407.0), (-3.0, 352.0), (77.0, 352.0), (12.0, 212.0), (64.0, 213.0), (6.0, 107.0), (78.0, 107.0), (-6.0, 12.0), (95.0, 12.0), (0, 0), (91.0, 1.0), (-30.0, -24.0), (113.0, -19.0)]
[(37.0, 398.0), (27.0, 407.0), (46.0, 407.0), (-3.0, 352.0), (77.0, 352.0), (12.0, 213.0), (64.0, 213.0), (6.0, 107.0), (78.0, 107.0), (-6.0, 12.0), (95.0, 12.0), (0, 0), (92.0, 1.0), (-29.0, -24.0), (113.0, -19.0)]
[(38.0, 399.0), (27.0, 408.0), (46.0, 408.0), (-3.0, 353.0), (77.0, 353.0), (13.0, 214.0), (64.0, 214.0), (6.0, 108.0), (78.0, 108.0), (-6.0, 13.0), (95.0, 13.0), (0, 0), (92.0, 2.0), (-29.0, -23.0), (114.0, -18.0)]
[(38.0, 399.0), (28.0, 407.0), (47.0, 407.0), (-3.0, 352.0), (77.0, 353.0), (13.0, 213.0), (64.0, 213.0), (6.0, 107.0), (78.0, 107.0), (-6.0, 12.0), (95.0, 12.0), (0, 0), (92.0, 1.0), (-29.0, -24.0), (113.0, -19.0)]
[(40.0, 398.0), (29.0, 407.0), (48.0, 407.0), (-3.0, 352.0), (78.0, 353.0), (13.0, 213.0), (64.0, 213.0), (5.0, 107.0), (78.0, 107.0), (-6.0, 12.0), (95.0, 12.0), (0, 0), (92.0, 1.0), (-28.0, -24.0), (113.0, -19.0)]
[(40.0, 398.0), (29.0, 407.0), (49.0, 406.0), (-3.0, 351.0), (78.0, 353.0), (13.0, 212.0), (64.0, 213.0), (5.0, 107.0), (78.0, 107.0), (-6.0, 12.0), (95.0, 12.0), (0, 0), (92.0, 1.0), (-28.0, -24.0), (113.0, -19.0)]
[(40.0, 397.0), (29.0, 406.0), (49.0, 406.0), (-3.0, 351.0), (78.0, 352.0), (13.0, 212.0), (64.0, 212.0), (5.0, 107.0), (78.0, 106.0), (-6.0, 12.0), (95.0, 12.0), (0, 0), (92.0, 1.0), (-28.0, -24.0), (113.0, -19.0)]
[(41.0, 397.0), (29.0, 407.0), (49.0, 406.0), (-3.0, 351.0), (78.0, 353.0), (13.0, 213.0), (64.0, 213.0), (5.0, 108.0), (78.0, 107.0), (-6.0, 13.0), (95.0, 13.0), (0, 0), (92.0, 2.0), (-28.0, -24.0), (113.0, -18.0)]
[(42.0, 385.0), (30.0, 394.0), (50.0, 393.0), (-3.0, 343.0), (79.0, 345.0), (14.0, 211.0), (65.0, 210.0), (5.0, 106.0), (79.0, 106.0), (-5.0, 13.0), (96.0, 12.0), (0, 0), (93.0, 2.0), (-27.0, -24.0), (114.0, -18.0)]
[(42.0, 377.0), (31.0, 385.0), (51.0, 385.0), (-3.0, 336.0), (80.0, 338.0), (14.0, 210.0), (65.0, 209.0), (5.0, 107.0), (79.0, 106.0), (-5.0, 14.0), (95.0, 13.0), (0, 0), (92.0, 3.0), (-27.0, -23.0), (113.0, -17.0)]
[(43.0, 375.0), (31.0, 384.0), (51.0, 383.0), (-3.0, 336.0), (80.0, 337.0), (14.0, 210.0), (65.0, 209.0), (5.0, 106.0), (80.0, 106.0), (-5.0, 14.0), (95.0, 14.0), (0, 0), (92.0, 4.0), (-27.0, -22.0), (113.0, -15.0)]
[(43.0, 369.0), (31.0, 378.0), (51.0, 378.0), (-3.0, 330.0), (80.0, 331.0), (14.0, 208.0), (66.0, 206.0), (5.0, 106.0), (80.0, 106.0), (-5.0, 15.0), (95.0, 15.0), (0, 0), (93.0, 3.0), (-27.0, -21.0), (114.0, -14.0)]
[(43.0, 368.0), (32.0, 377.0), (52.0, 376.0), (-3.0, 329.0), (80.0, 330.0), (14.0, 205.0), (66.0, 203.0), (5.0, 104.0), (80.0, 106.0), (-5.0, 15.0), (95.0, 15.0), (0, 0), (93.0, 3.0), (-27.0, -20.0), (114.0, -14.0)]
[(43.0, 351.0), (32.0, 361.0), (52.0, 360.0), (-3.0, 317.0), (81.0, 315.0), (15.0, 195.0), (66.0, 193.0), (5.0, 103.0), (82.0, 103.0), (-5.0, 16.0), (95.0, 16.0), (0, 0), (93.0, 4.0), (-26.0, -18.0), (114.0, -13.0)]
[(43.0, 340.0), (32.0, 350.0), (52.0, 349.0), (-3.0, 307.0), (81.0, 305.0), (15.0, 186.0), (66.0, 185.0), (5.0, 98.0), (82.0, 99.0), (-5.0, 16.0), (95.0, 16.0), (0, 0), (93.0, 4.0), (-27.0, -18.0), (114.0, -12.0)]
[(44.0, 340.0), (33.0, 349.0), (52.0, 349.0), (-2.0, 303.0), (81.0, 303.0), (15.0, 188.0), (66.0, 186.0), (5.0, 98.0), (82.0, 98.0), (-5.0, 16.0), (95.0, 17.0), (0, 0), (93.0, 4.0), (-27.0, -18.0), (114.0, -12.0)]
[(44.0, 329.0), (33.0, 339.0), (52.0, 338.0), (-2.0, 295.0), (81.0, 294.0), (15.0, 177.0), (66.0, 177.0), (5.0, 91.0), (82.0, 92.0), (-5.0, 15.0), (95.0, 16.0), (0, 0), (93.0, 3.0), (-26.0, -19.0), (114.0, -13.0)]
[(44.0, 309.0), (33.0, 319.0), (53.0, 319.0), (-2.0, 276.0), (81.0, 277.0), (16.0, 168.0), (66.0, 167.0), (5.0, 86.0), (85.0, 85.0), (-5.0, 14.0), (96.0, 15.0), (0, 0), (93.0, 3.0), (-25.0, -19.0), (114.0, -13.0)]
[(44.0, 299.0), (33.0, 309.0), (53.0, 309.0), (-2.0, 268.0), (82.0, 269.0), (16.0, 163.0), (66.0, 162.0), (5.0, 84.0), (86.0, 85.0), (-5.0, 14.0), (96.0, 15.0), (0, 0), (93.0, 3.0), (-25.0, -19.0), (115.0, -14.0)]
[(44.0, 298.0), (33.0, 309.0), (53.0, 308.0), (-2.0, 265.0), (82.0, 267.0), (16.0, 164.0), (66.0, 162.0), (4.0, 84.0), (87.0, 84.0), (-5.0, 13.0), (96.0, 15.0), (0, 0), (93.0, 3.0), (-25.0, -19.0), (115.0, -14.0)]
[(44.0, 289.0), (34.0, 300.0), (53.0, 299.0), (-2.0, 258.0), (81.0, 260.0), (17.0, 159.0), (66.0, 158.0), (4.0, 84.0), (88.0, 82.0), (-5.0, 13.0), (96.0, 15.0), (0, 0), (92.0, 4.0), (-25.0, -19.0), (115.0, -14.0)]
[(44.0, 288.0), (34.0, 299.0), (53.0, 298.0), (-2.0, 257.0), (81.0, 258.0), (17.0, 160.0), (66.0, 157.0), (4.0, 85.0), (89.0, 82.0), (-5.0, 12.0), (96.0, 14.0), (0, 0), (92.0, 4.0), (-25.0, -19.0), (116.0, -14.0)]
[(44.0, 279.0), (34.0, 290.0), (53.0, 289.0), (-2.0, 250.0), (81.0, 252.0), (17.0, 155.0), (66.0, 154.0), (4.0, 83.0), (89.0, 82.0), (-5.0, 12.0), (96.0, 14.0), (0, 0), (92.0, 3.0), (-25.0, -19.0), (116.0, -14.0)]
[(44.0, 264.0), (34.0, 274.0), (53.0, 273.0), (-2.0, 234.0), (81.0, 231.0), (17.0, 149.0), (66.0, 148.0), (4.0, 82.0), (89.0, 80.0), (-5.0, 12.0), (96.0, 13.0), (0, 0), (92.0, 3.0), (-25.0, -19.0), (116.0, -14.0)]
[(44.0, 256.0), (34.0, 266.0), (53.0, 265.0), (-2.0, 226.0), (81.0, 221.0), (17.0, 144.0), (64.0, 143.0), (4.0, 80.0), (89.0, 79.0), (-5.0, 11.0), (96.0, 13.0), (0, 0), (91.0, 3.0), (-25.0, -19.0), (116.0, -15.0)]
[(43.0, 254.0), (34.0, 264.0), (53.0, 263.0), (-2.0, 225.0), (81.0, 220.0), (17.0, 140.0), (64.0, 139.0), (4.0, 78.0), (89.0, 77.0), (-5.0, 11.0), (96.0, 13.0), (0, 0), (91.0, 3.0), (-25.0, -19.0), (116.0, -15.0)]
[(43.0, 246.0), (34.0, 257.0), (53.0, 255.0), (-3.0, 220.0), (80.0, 215.0), (17.0, 135.0), (64.0, 135.0), (4.0, 77.0), (90.0, 75.0), (-5.0, 11.0), (96.0, 13.0), (0, 0), (91.0, 3.0), (-25.0, -18.0), (115.0, -15.0)]
[(42.0, 232.0), (33.0, 243.0), (52.0, 241.0), (-4.0, 207.0), (79.0, 204.0), (17.0, 130.0), (63.0, 129.0), (4.0, 75.0), (89.0, 70.0), (-5.0, 10.0), (95.0, 12.0), (0, 0), (89.0, 2.0), (-26.0, -19.0), (113.0, -16.0)]
[(42.0, 226.0), (33.0, 237.0), (52.0, 235.0), (-4.0, 201.0), (79.0, 197.0), (17.0, 125.0), (63.0, 124.0), (4.0, 76.0), (89.0, 70.0), (-5.0, 10.0), (94.0, 12.0), (0, 0), (89.0, 2.0), (-26.0, -19.0), (113.0, -16.0)]
[(42.0, 225.0), (33.0, 236.0), (51.0, 234.0), (-4.0, 200.0), (79.0, 197.0), (17.0, 122.0), (63.0, 121.0), (4.0, 76.0), (89.0, 69.0), (-5.0, 10.0), (94.0, 10.0), (0, 0), (88.0, 0.0), (-25.0, -19.0), (112.0, -16.0)]
[(42.0, 220.0), (33.0, 231.0), (51.0, 229.0), (-4.0, 197.0), (79.0, 194.0), (17.0, 119.0), (63.0, 118.0), (4.0, 75.0), (89.0, 67.0), (-5.0, 10.0), (94.0, 10.0), (0, 0), (88.0, 0.0), (-25.0, -19.0), (112.0, -16.0)]
[(41.0, 215.0), (32.0, 226.0), (50.0, 225.0), (-5.0, 195.0), (77.0, 193.0), (16.0, 116.0), (62.0, 116.0), (3.0, 74.0), (88.0, 68.0), (-6.0, 10.0), (92.0, 10.0), (0, 0), (87.0, 0.0), (-26.0, -18.0), (111.0, -15.0)]
[(41.0, 210.0), (32.0, 220.0), (51.0, 219.0), (-5.0, 190.0), (77.0, 189.0), (16.0, 114.0), (62.0, 113.0), (4.0, 77.0), (84.0, 70.0), (-6.0, 10.0), (92.0, 10.0), (0, 0), (86.0, 1.0), (-25.0, -18.0), (111.0, -15.0)]
[(41.0, 209.0), (32.0, 220.0), (51.0, 218.0), (-5.0, 189.0), (77.0, 189.0), (16.0, 114.0), (62.0, 113.0), (4.0, 76.0), (84.0, 68.0), (-6.0, 10.0), (92.0, 10.0), (0, 0), (86.0, 1.0), (-24.0, -17.0), (111.0, -14.0)]
[(41.0, 206.0), (32.0, 217.0), (51.0, 215.0), (-5.0, 187.0), (77.0, 188.0), (16.0, 112.0), (62.0, 110.0), (4.0, 76.0), (84.0, 68.0), (-6.0, 9.0), (92.0, 9.0), (0, 0), (86.0, 0.0), (-24.0, -18.0), (111.0, -15.0)]
[(41.0, 206.0), (32.0, 217.0), (51.0, 215.0), (-6.0, 188.0), (77.0, 188.0), (17.0, 111.0), (62.0, 109.0), (4.0, 76.0), (83.0, 68.0), (-6.0, 9.0), (92.0, 10.0), (0, 0), (86.0, 0.0), (-24.0, -17.0), (111.0, -15.0)]
[(41.0, 207.0), (32.0, 217.0), (51.0, 216.0), (-6.0, 188.0), (76.0, 188.0), (16.0, 110.0), (62.0, 109.0), (4.0, 75.0), (83.0, 67.0), (-5.0, 8.0), (92.0, 9.0), (0, 0), (86.0, -1.0), (-24.0, -18.0), (111.0, -16.0)]
[(41.0, 209.0), (32.0, 221.0), (51.0, 220.0), (-6.0, 189.0), (76.0, 189.0), (16.0, 112.0), (61.0, 111.0), (4.0, 76.0), (83.0, 69.0), (-5.0, 8.0), (92.0, 9.0), (0, 0), (86.0, -1.0), (-24.0, -19.0), (111.0, -16.0)]
[(42.0, 212.0), (33.0, 222.0), (51.0, 222.0), (-6.0, 191.0), (76.0, 190.0), (15.0, 115.0), (61.0, 113.0), (4.0, 77.0), (84.0, 69.0), (-6.0, 8.0), (92.0, 9.0), (0, 0), (86.0, -1.0), (-24.0, -19.0), (112.0, -16.0)]
[(42.0, 214.0), (33.0, 223.0), (51.0, 224.0), (-6.0, 192.0), (76.0, 191.0), (15.0, 116.0), (61.0, 114.0), (4.0, 77.0), (84.0, 69.0), (-6.0, 8.0), (92.0, 9.0), (0, 0), (86.0, -1.0), (-24.0, -19.0), (112.0, -16.0)]
[(42.0, 239.0), (33.0, 248.0), (51.0, 248.0), (-6.0, 206.0), (76.0, 209.0), (15.0, 128.0), (61.0, 126.0), (3.0, 76.0), (85.0, 70.0), (-6.0, 9.0), (92.0, 10.0), (0, 0), (86.0, 0.0), (-24.0, -18.0), (112.0, -15.0)]
[(43.0, 256.0), (34.0, 265.0), (52.0, 264.0), (-5.0, 218.0), (77.0, 219.0), (16.0, 136.0), (62.0, 136.0), (3.0, 76.0), (86.0, 72.0), (-5.0, 9.0), (94.0, 10.0), (0, 0), (87.0, 0.0), (-23.0, -17.0), (114.0, -15.0)]
[(43.0, 256.0), (34.0, 267.0), (52.0, 265.0), (-5.0, 222.0), (77.0, 222.0), (16.0, 140.0), (61.0, 140.0), (3.0, 77.0), (86.0, 77.0), (-6.0, 10.0), (94.0, 11.0), (0, 0), (88.0, 1.0), (-24.0, -17.0), (115.0, -14.0)]
[(42.0, 270.0), (33.0, 280.0), (51.0, 279.0), (-5.0, 234.0), (77.0, 235.0), (16.0, 145.0), (61.0, 145.0), (2.0, 78.0), (86.0, 79.0), (-6.0, 10.0), (94.0, 11.0), (0, 0), (88.0, 1.0), (-24.0, -17.0), (115.0, -14.0)]
[(41.0, 305.0), (31.0, 314.0), (49.0, 313.0), (-5.0, 262.0), (77.0, 265.0), (16.0, 160.0), (61.0, 159.0), (1.0, 81.0), (86.0, 83.0), (-6.0, 10.0), (94.0, 11.0), (0, 0), (89.0, 1.0), (-24.0, -17.0), (115.0, -14.0)]
[(41.0, 321.0), (31.0, 330.0), (49.0, 330.0), (-3.0, 276.0), (78.0, 279.0), (17.0, 167.0), (63.0, 166.0), (1.0, 83.0), (88.0, 85.0), (-6.0, 10.0), (96.0, 10.0), (0, 0), (90.0, 0.0), (-23.0, -18.0), (116.0, -15.0)]
[(41.0, 321.0), (31.0, 329.0), (49.0, 328.0), (-2.0, 278.0), (78.0, 280.0), (17.0, 166.0), (64.0, 165.0), (-0.0, 84.0), (88.0, 86.0), (-6.0, 10.0), (96.0, 10.0), (0, 0), (91.0, 0.0), (-24.0, -19.0), (116.0, -15.0)]
[(41.0, 337.0), (31.0, 345.0), (49.0, 344.0), (-2.0, 293.0), (78.0, 296.0), (17.0, 179.0), (64.0, 177.0), (-0.0, 92.0), (88.0, 93.0), (-6.0, 10.0), (97.0, 11.0), (0, 0), (92.0, 0.0), (-26.0, -19.0), (116.0, -15.0)]
[(41.0, 336.0), (30.0, 345.0), (49.0, 345.0), (-2.0, 293.0), (79.0, 296.0), (16.0, 176.0), (64.0, 175.0), (-0.0, 92.0), (88.0, 94.0), (-6.0, 10.0), (97.0, 11.0), (0, 0), (93.0, 1.0), (-26.0, -19.0), (116.0, -15.0)]
[(41.0, 352.0), (31.0, 361.0), (49.0, 360.0), (-1.0, 308.0), (80.0, 309.0), (17.0, 187.0), (65.0, 186.0), (2.0, 96.0), (88.0, 97.0), (-5.0, 10.0), (98.0, 11.0), (0, 0), (94.0, 1.0), (-26.0, -19.0), (118.0, -15.0)]
[(41.0, 378.0), (31.0, 386.0), (49.0, 385.0), (-1.0, 331.0), (80.0, 333.0), (16.0, 205.0), (65.0, 203.0), (3.0, 103.0), (86.0, 105.0), (-6.0, 10.0), (98.0, 12.0), (0, 0), (94.0, 1.0), (-27.0, -19.0), (117.0, -15.0)]