[(47.0, 336.0), (38.0, 345.0), (55.0, 345.0), (-1.0, 289.0), (87.0, 284.0), (15.0, 169.0), (66.0, 170.0), (1.0, 85.0), (81.0, 86.0), (-3.0, 12.0), (78.0, 13.0), (0, 0), (73.0, 3.0), (-15.0, -15.0), (88.0, -15.0)]
[(46.0, 347.0), (37.0, 355.0), (55.0, 355.0), (-1.0, 296.0), (87.0, 292.0), (15.0, 172.0), (67.0, 172.0), (-0.0, 87.0), (81.0, 86.0), (-3.0, 12.0), (78.0, 14.0), (0, 0), (73.0, 5.0), (-15.0, -14.0), (88.0, -14.0)]
[(46.0, 354.0), (37.0, 362.0), (55.0, 362.0), (-2.0, 303.0), (87.0, 299.0), (15.0, 176.0), (67.0, 176.0), (-1.0, 89.0), (82.0, 86.0), (-3.0, 12.0), (79.0, 14.0), (0, 0), (74.0, 4.0), (-16.0, -13.0), (90.0, -15.0)]
[(46.0, 362.0), (37.0, 371.0), (55.0, 371.0), (-3.0, 309.0), (87.0, 305.0), (15.0, 179.0), (68.0, 179.0), (-3.0, 89.0), (82.0, 88.0), (-3.0, 12.0), (79.0, 14.0), (0, 0), (74.0, 4.0), (-19.0, -13.0), (90.0, -15.0)]
[(46.0, 369.0), (37.0, 378.0), (55.0, 378.0), (-3.0, 317.0), (87.0, 310.0), (15.0, 183.0), (67.0, 182.0), (-5.0, 90.0), (82.0, 89.0), (-4.0, 13.0), (79.0, 15.0), (0, 0), (74.0, 6.0), (-21.0, -12.0), (90.0, -15.0)]
[(46.0, 377.0), (37.0, 385.0), (55.0, 385.0), (-4.0, 322.0), (87.0, 315.0), (15.0, 186.0), (68.0, 186.0), (-6.0, 91.0), (82.0, 90.0), (-5.0, 13.0), (80.0, 15.0), (0, 0), (74.0, 6.0), (-21.0, -12.0), (90.0, -16.0)]
[(47.0, 384.0), (37.0, 392.0), (55.0, 391.0), (-4.0, 328.0), (87.0, 322.0), (15.0, 190.0), (68.0, 191.0), (-6.0, 93.0), (82.0, 94.0), (-5.0, 14.0), (80.0, 16.0), (0, 0), (75.0, 7.0), (-22.0, -11.0), (90.0, -15.0)]
[(47.0, 390.0), (37.0, 397.0), (55.0, 397.0), (-5.0, 331.0), (86.0, 325.0), (14.0, 193.0), (67.0, 193.0), (-7.0, 94.0), (81.0, 96.0), (-6.0, 14.0), (79.0, 16.0), (0, 0), (74.0, 8.0), (-23.0, -11.0), (89.0, -15.0)]
[(47.0, 391.0), (38.0, 399.0), (56.0, 399.0), (-5.0, 333.0), (87.0, 328.0), (14.0, 195.0), (68.0, 195.0), (-6.0, 95.0), (82.0, 97.0), (-5.0, 15.0), (80.0, 16.0), (0, 0), (75.0, 8.0), (-21.0, -11.0), (90.0, -15.0)]
[(47.0, 391.0), (37.0, 398.0), (56.0, 399.0), (-5.0, 333.0), (87.0, 329.0), (14.0, 195.0), (68.0, 195.0), (-5.0, 97.0), (83.0, 99.0), (-5.0, 15.0), (81.0, 15.0), (0, 0), (75.0, 7.0), (-21.0, -12.0), (90.0, -16.0)]
[(47.0, 390.0), (37.0, 397.0), (55.0, 398.0), (-5.0, 332.0), (87.0, 329.0), (14.0, 195.0), (68.0, 195.0), (-4.0, 97.0), (83.0, 102.0), (-5.0, 15.0), (81.0, 15.0), (0, 0), (75.0, 6.0), (-21.0, -13.0), (90.0, -17.0)]
[(46.0, 389.0), (36.0, 397.0), (54.0, 397.0), (-7.0, 332.0), (86.0, 328.0), (13.0, 195.0), (66.0, 196.0), (-3.0, 99.0), (82.0, 102.0), (-6.0, 15.0), (80.0, 15.0), (0, 0), (74.0, 6.0), (-23.0, -13.0), (89.0, -17.0)]
[(45.0, 393.0), (35.0, 400.0), (54.0, 401.0), (-8.0, 333.0), (86.0, 329.0), (11.0, 195.0), (65.0, 196.0), (-3.0, 99.0), (80.0, 102.0), (-6.0, 15.0), (80.0, 17.0), (0, 0), (75.0, 7.0), (-23.0, -12.0), (89.0, -16.0)]
[(45.0, 392.0), (35.0, 399.0), (54.0, 400.0), (-8.0, 333.0), (86.0, 329.0), (10.0, 193.0), (65.0, 194.0), (-3.0, 97.0), (80.0, 100.0), (-6.0, 15.0), (80.0, 16.0), (0, 0), (75.0, 7.0), (-23.0, -13.0), (89.0, -17.0)]
[(46.0, 391.0), (35.0, 399.0), (54.0, 399.0), (-7.0, 333.0), (87.0, 329.0), (11.0, 193.0), (65.0, 194.0), (-2.0, 97.0), (81.0, 99.0), (-6.0, 15.0), (80.0, 16.0), (0, 0), (74.0, 6.0), (-21.0, -15.0), (90.0, -17.0)]
[(46.0, 392.0), (36.0, 400.0), (55.0, 400.0), (-6.0, 332.0), (87.0, 329.0), (12.0, 193.0), (66.0, 194.0), (-1.0, 95.0), (82.0, 98.0), (-5.0, 14.0), (81.0, 16.0), (0, 0), (74.0, 6.0), (-19.0, -17.0), (91.0, -17.0)]
[(47.0, 393.0), (37.0, 400.0), (56.0, 401.0), (-5.0, 332.0), (88.0, 329.0), (12.0, 192.0), (67.0, 193.0), (-1.0, 94.0), (83.0, 96.0), (-5.0, 14.0), (82.0, 16.0), (0, 0), (75.0, 6.0), (-16.0, -17.0), (92.0, -17.0)]
[(46.0, 394.0), (36.0, 401.0), (55.0, 401.0), (-6.0, 333.0), (88.0, 330.0), (12.0, 192.0), (66.0, 193.0), (-2.0, 94.0), (83.0, 94.0), (-5.0, 14.0), (82.0, 16.0), (0, 0), (75.0, 6.0), (-15.0, -20.0), (93.0, -17.0)]
[(45.0, 394.0), (35.0, 401.0), (54.0, 401.0), (-6.0, 333.0), (87.0, 330.0), (11.0, 192.0), (66.0, 193.0), (-3.0, 94.0), (83.0, 94.0), (-5.0, 14.0), (82.0, 16.0), (0, 0), (75.0, 6.0), (-15.0, -20.0), (93.0, -17.0)]
[(45.0, 393.0), (35.0, 401.0), (54.0, 401.0), (-6.0, 333.0), (87.0, 330.0), (11.0, 192.0), (65.0, 193.0), (-3.0, 93.0), (83.0, 93.0), (-6.0, 14.0), (81.0, 16.0), (0, 0), (74.0, 6.0), (-14.0, -19.0), (93.0, -17.0)]
[(45.0, 393.0), (35.0, 400.0), (54.0, 401.0), (-6.0, 333.0), (86.0, 330.0), (11.0, 193.0), (65.0, 194.0), (-3.0, 93.0), (83.0, 93.0), (-6.0, 14.0), (82.0, 16.0), (0, 0), (74.0, 6.0), (-14.0, -19.0), (93.0, -17.0)]
[(44.0, 394.0), (34.0, 401.0), (53.0, 401.0), (-6.0, 333.0), (86.0, 330.0), (11.0, 193.0), (65.0, 194.0), (-4.0, 93.0), (83.0, 92.0), (-6.0, 14.0), (81.0, 15.0), (0, 0), (74.0, 5.0), (-14.0, -19.0), (93.0, -17.0)]
[(43.0, 393.0), (33.0, 400.0), (52.0, 401.0), (-7.0, 333.0), (85.0, 330.0), (11.0, 193.0), (65.0, 194.0), (-4.0, 92.0), (83.0, 92.0), (-6.0, 13.0), (81.0, 14.0), (0, 0), (74.0, 4.0), (-14.0, -19.0), (94.0, -17.0)]
[(43.0, 393.0), (33.0, 400.0), (52.0, 401.0), (-7.0, 333.0), (85.0, 330.0), (11.0, 193.0), (65.0, 194.0), (-4.0, 92.0), (83.0, 92.0), (-6.0, 13.0), (81.0, 13.0), (0, 0), (74.0, 3.0), (-14.0, -19.0), (94.0, -17.0)]
[(43.0, 394.0), (33.0, 401.0), (51.0, 402.0), (-7.0, 333.0), (85.0, 330.0), (11.0, 193.0), (64.0, 194.0), (-4.0, 92.0), (82.0, 92.0), (-6.0, 13.0), (81.0, 13.0), (0, 0), (74.0, 3.0), (-14.0, -19.0), (93.0, -17.0)]
[(42.0, 393.0), (32.0, 400.0), (51.0, 401.0), (-7.0, 333.0), (84.0, 331.0), (11.0, 193.0), (64.0, 194.0), (-4.0, 92.0), (82.0, 92.0), (-6.0, 13.0), (81.0, 14.0), (0, 0), (75.0, 3.0), (-14.0, -19.0), (93.0, -17.0)]
[(42.0, 394.0), (32.0, 401.0), (51.0, 402.0), (-8.0, 333.0), (84.0, 331.0), (10.0, 192.0), (64.0, 194.0), (-4.0, 92.0), (82.0, 93.0), (-6.0, 13.0), (81.0, 14.0), (0, 0), (75.0, 3.0), (-14.0, -19.0), (93.0, -18.0)]
[(42.0, 394.0), (32.0, 401.0), (51.0, 402.0), (-7.0, 333.0), (84.0, 331.0), (11.0, 192.0), (65.0, 194.0), (-3.0, 92.0), (83.0, 93.0), (-5.0, 13.0), (82.0, 14.0), (0, 0), (76.0, 3.0), (-13.0, -19.0), (95.0, -18.0)]
[(41.0, 393.0), (31.0, 401.0), (50.0, 401.0), (-8.0, 333.0), (83.0, 331.0), (10.0, 192.0), (64.0, 194.0), (-4.0, 92.0), (82.0, 94.0), (-6.0, 13.0), (81.0, 14.0), (0, 0), (76.0, 4.0), (-14.0, -19.0), (92.0, -18.0)]
[(41.0, 393.0), (31.0, 400.0), (49.0, 401.0), (-9.0, 333.0), (83.0, 331.0), (10.0, 192.0), (64.0, 194.0), (-3.0, 92.0), (82.0, 94.0), (-6.0, 13.0), (81.0, 15.0), (0, 0), (75.0, 5.0), (-14.0, -19.0), (92.0, -18.0)]
[(40.0, 393.0), (30.0, 400.0), (49.0, 401.0), (-9.0, 332.0), (83.0, 331.0), (10.0, 192.0), (64.0, 194.0), (-3.0, 92.0), (82.0, 94.0), (-6.0, 13.0), (81.0, 16.0), (0, 0), (75.0, 5.0), (-14.0, -19.0), (92.0, -17.0)]
[(39.0, 393.0), (29.0, 400.0), (48.0, 401.0), (-9.0, 332.0), (83.0, 332.0), (10.0, 192.0), (65.0, 194.0), (-4.0, 92.0), (82.0, 94.0), (-6.0, 13.0), (81.0, 15.0), (0, 0), (76.0, 5.0), (-14.0, -19.0), (92.0, -17.0)]
[(38.0, 392.0), (28.0, 400.0), (47.0, 401.0), (-9.0, 332.0), (82.0, 332.0), (10.0, 193.0), (65.0, 194.0), (-4.0, 92.0), (82.0, 94.0), (-6.0, 14.0), (81.0, 15.0), (0, 0), (76.0, 5.0), (-17.0, -16.0), (91.0, -17.0)]
[(38.0, 392.0), (28.0, 399.0), (47.0, 400.0), (-9.0, 332.0), (82.0, 333.0), (10.0, 193.0), (65.0, 194.0), (-4.0, 93.0), (82.0, 94.0), (-6.0, 14.0), (82.0, 15.0), (0, 0), (77.0, 5.0), (-18.0, -12.0), (91.0, -17.0)]
[(37.0, 390.0), (27.0, 398.0), (46.0, 399.0), (-9.0, 332.0), (82.0, 332.0), (10.0, 193.0), (65.0, 193.0), (-4.0, 92.0), (82.0, 93.0), (-6.0, 13.0), (82.0, 14.0), (0, 0), (76.0, 5.0), (-18.0, -14.0), (91.0, -18.0)]
[(36.0, 390.0), (26.0, 398.0), (45.0, 399.0), (-9.0, 333.0), (81.0, 333.0), (11.0, 195.0), (65.0, 195.0), (-4.0, 93.0), (82.0, 94.0), (-6.0, 14.0), (82.0, 14.0), (0, 0), (76.0, 4.0), (-18.0, -13.0), (91.0, -18.0)]
[(36.0, 388.0), (26.0, 397.0), (45.0, 398.0), (-9.0, 333.0), (81.0, 334.0), (11.0, 195.0), (65.0, 195.0), (-4.0, 93.0), (83.0, 95.0), (-6.0, 14.0), (82.0, 14.0), (0, 0), (76.0, 4.0), (-18.0, -13.0), (91.0, -18.0)]
[(36.0, 386.0), (26.0, 395.0), (45.0, 396.0), (-8.0, 333.0), (81.0, 334.0), (12.0, 195.0), (66.0, 195.0), (-4.0, 93.0), (84.0, 95.0), (-6.0, 14.0), (82.0, 14.0), (0, 0), (76.0, 4.0), (-18.0, -13.0), (91.0, -18.0)]
[(36.0, 382.0), (26.0, 392.0), (45.0, 392.0), (-8.0, 332.0), (80.0, 334.0), (13.0, 193.0), (67.0, 193.0), (-4.0, 92.0), (87.0, 93.0), (-5.0, 14.0), (83.0, 12.0), (0, 0), (76.0, 2.0), (-20.0, -22.0), (93.0, -18.0)]
[(36.0, 380.0), (26.0, 389.0), (45.0, 389.0), (-7.0, 331.0), (80.0, 333.0), (14.0, 192.0), (68.0, 192.0), (-4.0, 92.0), (87.0, 93.0), (-5.0, 14.0), (83.0, 11.0), (0, 0), (76.0, 1.0), (-20.0, -18.0), (94.0, -18.0)]
[(36.0, 375.0), (26.0, 384.0), (45.0, 385.0), (-7.0, 329.0), (80.0, 333.0), (15.0, 190.0), (69.0, 190.0), (-4.0, 92.0), (87.0, 94.0), (-5.0, 14.0), (83.0, 11.0), (0, 0), (76.0, 1.0), (-20.0, -13.0), (94.0, -18.0)]
[(38.0, 369.0), (28.0, 378.0), (46.0, 379.0), (-6.0, 325.0), (80.0, 330.0), (16.0, 186.0), (70.0, 187.0), (-3.0, 90.0), (88.0, 91.0), (-5.0, 14.0), (84.0, 9.0), (0, 0), (77.0, -1.0), (-18.0, -11.0), (95.0, -20.0)]
[(40.0, 368.0), (30.0, 377.0), (48.0, 378.0), (-4.0, 324.0), (81.0, 329.0), (18.0, 185.0), (72.0, 186.0), (-1.0, 90.0), (90.0, 91.0), (-4.0, 15.0), (86.0, 9.0), (0, 0), (79.0, -1.0), (-16.0, -10.0), (97.0, -19.0)]
[(40.0, 366.0), (31.0, 375.0), (48.0, 376.0), (-5.0, 321.0), (82.0, 326.0), (18.0, 184.0), (72.0, 184.0), (-1.0, 90.0), (90.0, 91.0), (-4.0, 15.0), (86.0, 10.0), (0, 0), (79.0, 1.0), (-19.0, -9.0), (96.0, -19.0)]
[(41.0, 360.0), (32.0, 369.0), (50.0, 370.0), (-3.0, 319.0), (84.0, 321.0), (20.0, 181.0), (75.0, 182.0), (1.0, 88.0), (92.0, 88.0), (-4.0, 14.0), (88.0, 10.0), (0, 0), (80.0, 1.0), (-15.0, -10.0), (97.0, -20.0)]
[(42.0, 357.0), (33.0, 366.0), (51.0, 366.0), (-2.0, 316.0), (85.0, 317.0), (21.0, 180.0), (76.0, 180.0), (2.0, 88.0), (92.0, 87.0), (-4.0, 14.0), (88.0, 10.0), (0, 0), (81.0, 1.0), (-14.0, -11.0), (97.0, -19.0)]
[(41.0, 345.0), (32.0, 354.0), (50.0, 355.0), (-2.0, 311.0), (85.0, 309.0), (21.0, 173.0), (76.0, 173.0), (2.0, 87.0), (91.0, 85.0), (-4.0, 14.0), (87.0, 10.0), (0, 0), (79.0, 2.0), (-14.0, -12.0), (96.0, -19.0)]
[(42.0, 339.0), (32.0, 349.0), (50.0, 349.0), (-2.0, 305.0), (85.0, 301.0), (21.0, 171.0), (76.0, 171.0), (2.0, 87.0), (90.0, 85.0), (-4.0, 14.0), (87.0, 10.0), (0, 0), (79.0, 3.0), (-13.0, -12.0), (95.0, -19.0)]
[(39.0, 331.0), (29.0, 341.0), (48.0, 341.0), (-5.0, 300.0), (82.0, 297.0), (18.0, 168.0), (73.0, 168.0), (-2.0, 86.0), (88.0, 84.0), (-4.0, 13.0), (84.0, 11.0), (0, 0), (76.0, 4.0), (-14.0, -14.0), (91.0, -18.0)]
[(39.0, 329.0), (29.0, 338.0), (48.0, 338.0), (-4.0, 294.0), (81.0, 295.0), (17.0, 169.0), (71.0, 168.0), (-3.0, 89.0), (87.0, 87.0), (-4.0, 14.0), (83.0, 15.0), (0, 0), (76.0, 8.0), (-15.0, -13.0), (91.0, -14.0)]
[(37.0, 307.0), (27.0, 317.0), (46.0, 317.0), (-6.0, 277.0), (79.0, 277.0), (15.0, 163.0), (69.0, 164.0), (-7.0, 86.0), (86.0, 84.0), (-6.0, 14.0), (81.0, 16.0), (0, 0), (74.0, 9.0), (-19.0, -12.0), (89.0, -13.0)]
[(35.0, 298.0), (26.0, 308.0), (44.0, 308.0), (-7.0, 268.0), (77.0, 268.0), (13.0, 158.0), (65.0, 160.0), (-12.0, 82.0), (85.0, 83.0), (-6.0, 14.0), (79.0, 16.0), (0, 0), (71.0, 9.0), (-20.0, -12.0), (87.0, -13.0)]
[(35.0, 290.0), (26.0, 299.0), (44.0, 299.0), (-7.0, 260.0), (77.0, 257.0), (13.0, 153.0), (64.0, 155.0), (-12.0, 81.0), (85.0, 82.0), (-6.0, 13.0), (79.0, 15.0), (0, 0), (71.0, 7.0), (-20.0, -13.0), (87.0, -14.0)]
[(35.0, 278.0), (27.0, 287.0), (44.0, 288.0), (-7.0, 251.0), (80.0, 246.0), (12.0, 151.0), (63.0, 153.0), (-13.0, 80.0), (85.0, 82.0), (-6.0, 13.0), (78.0, 15.0), (0, 0), (71.0, 6.0), (-19.0, -13.0), (87.0, -14.0)]
[(34.0, 270.0), (26.0, 280.0), (43.0, 280.0), (-8.0, 242.0), (80.0, 238.0), (10.0, 147.0), (61.0, 147.0), (-14.0, 78.0), (83.0, 80.0), (-6.0, 12.0), (76.0, 13.0), (0, 0), (70.0, 3.0), (-20.0, -15.0), (84.0, -16.0)]
[(33.0, 250.0), (24.0, 260.0), (41.0, 261.0), (-8.0, 229.0), (79.0, 222.0), (9.0, 142.0), (60.0, 144.0), (-15.0, 74.0), (82.0, 79.0), (-7.0, 11.0), (75.0, 10.0), (0, 0), (70.0, 1.0), (-20.0, -16.0), (81.0, -17.0)]
[(33.0, 235.0), (24.0, 246.0), (41.0, 247.0), (-8.0, 216.0), (79.0, 211.0), (9.0, 133.0), (60.0, 134.0), (-15.0, 64.0), (80.0, 73.0), (-6.0, 7.0), (75.0, 3.0), (0, 0), (70.0, -5.0), (-16.0, -21.0), (81.0, -22.0)]
[(34.0, 244.0), (24.0, 253.0), (43.0, 254.0), (-6.0, 226.0), (78.0, 217.0), (10.0, 147.0), (58.0, 145.0), (-10.0, 83.0), (74.0, 88.0), (-6.0, 11.0), (74.0, 10.0), (0, 0), (70.0, 1.0), (-18.0, -18.0), (79.0, -17.0)]
[(35.0, 253.0), (26.0, 261.0), (44.0, 263.0), (-5.0, 231.0), (80.0, 225.0), (12.0, 147.0), (61.0, 147.0), (-7.0, 84.0), (74.0, 93.0), (-5.0, 12.0), (75.0, 12.0), (0, 0), (71.0, 2.0), (-18.0, -17.0), (81.0, -16.0)]
[(36.0, 286.0), (29.0, 295.0), (45.0, 296.0), (-3.0, 255.0), (82.0, 253.0), (16.0, 159.0), (65.0, 162.0), (-4.0, 86.0), (77.0, 90.0), (-5.0, 13.0), (76.0, 14.0), (0, 0), (71.0, 3.0), (-18.0, -14.0), (82.0, -13.0)]
[(37.0, 285.0), (29.0, 294.0), (45.0, 295.0), (-3.0, 256.0), (81.0, 253.0), (16.0, 159.0), (65.0, 161.0), (-4.0, 86.0), (77.0, 90.0), (-5.0, 13.0), (75.0, 15.0), (0, 0), (71.0, 4.0), (-18.0, -14.0), (82.0, -12.0)]
[(37.0, 288.0), (29.0, 297.0), (45.0, 298.0), (-3.0, 258.0), (81.0, 255.0), (16.0, 162.0), (65.0, 164.0), (-4.0, 88.0), (77.0, 92.0), (-5.0, 14.0), (75.0, 16.0), (0, 0), (70.0, 5.0), (-19.0, -12.0), (82.0, -10.0)]
[(38.0, 290.0), (30.0, 299.0), (46.0, 301.0), (-2.0, 261.0), (82.0, 259.0), (17.0, 164.0), (66.0, 166.0), (-3.0, 89.0), (79.0, 93.0), (-5.0, 14.0), (76.0, 17.0), (0, 0), (71.0, 6.0), (-18.0, -11.0), (84.0, -9.0)]
[(38.0, 293.0), (30.0, 302.0), (47.0, 303.0), (-2.0, 263.0), (82.0, 261.0), (17.0, 164.0), (66.0, 166.0), (-2.0, 90.0), (80.0, 92.0), (-5.0, 14.0), (76.0, 17.0), (0, 0), (71.0, 6.0), (-17.0, -11.0), (84.0, -9.0)]
[(38.0, 294.0), (31.0, 303.0), (47.0, 304.0), (-2.0, 264.0), (82.0, 260.0), (17.0, 163.0), (66.0, 165.0), (-2.0, 90.0), (80.0, 91.0), (-5.0, 13.0), (76.0, 15.0), (0, 0), (71.0, 4.0), (-17.0, -13.0), (84.0, -11.0)]
[(38.0, 296.0), (31.0, 305.0), (47.0, 306.0), (-2.0, 265.0), (82.0, 262.0), (17.0, 164.0), (66.0, 167.0), (-2.0, 90.0), (81.0, 91.0), (-5.0, 14.0), (77.0, 15.0), (0, 0), (71.0, 4.0), (-16.0, -13.0), (84.0, -11.0)]
[(38.0, 297.0), (31.0, 306.0), (47.0, 307.0), (-1.0, 266.0), (82.0, 264.0), (17.0, 165.0), (67.0, 167.0), (-2.0, 90.0), (81.0, 91.0), (-5.0, 13.0), (77.0, 14.0), (0, 0), (71.0, 2.0), (-16.0, -14.0), (84.0, -12.0)]
[(39.0, 300.0), (31.0, 308.0), (47.0, 309.0), (-1.0, 266.0), (81.0, 265.0), (18.0, 163.0), (67.0, 166.0), (-1.0, 89.0), (82.0, 90.0), (-5.0, 13.0), (78.0, 13.0), (0, 0), (72.0, 1.0), (-16.0, -15.0), (84.0, -13.0)]
[(39.0, 300.0), (31.0, 309.0), (47.0, 309.0), (-1.0, 268.0), (81.0, 266.0), (18.0, 165.0), (67.0, 167.0), (-2.0, 90.0), (83.0, 91.0), (-5.0, 14.0), (78.0, 14.0), (0, 0), (72.0, 2.0), (-17.0, -14.0), (85.0, -12.0)]
[(39.0, 301.0), (31.0, 310.0), (48.0, 310.0), (-1.0, 268.0), (80.0, 268.0), (18.0, 165.0), (68.0, 167.0), (-2.0, 90.0), (83.0, 90.0), (-5.0, 13.0), (78.0, 13.0), (0, 0), (72.0, 2.0), (-18.0, -14.0), (85.0, -14.0)]
[(39.0, 300.0), (30.0, 309.0), (47.0, 310.0), (-2.0, 268.0), (79.0, 267.0), (17.0, 165.0), (67.0, 167.0), (-3.0, 90.0), (82.0, 91.0), (-6.0, 13.0), (77.0, 13.0), (0, 0), (70.0, 2.0), (-19.0, -14.0), (84.0, -13.0)]
[(39.0, 301.0), (30.0, 309.0), (47.0, 310.0), (-2.0, 268.0), (79.0, 268.0), (17.0, 166.0), (67.0, 168.0), (-3.0, 91.0), (82.0, 92.0), (-6.0, 14.0), (77.0, 14.0), (0, 0), (70.0, 3.0), (-19.0, -14.0), (84.0, -12.0)]
[(37.0, 298.0), (29.0, 306.0), (46.0, 307.0), (-3.0, 266.0), (78.0, 264.0), (16.0, 162.0), (66.0, 164.0), (-4.0, 87.0), (80.0, 89.0), (-7.0, 12.0), (75.0, 12.0), (0, 0), (69.0, 1.0), (-20.0, -16.0), (83.0, -14.0)]
[(37.0, 293.0), (29.0, 302.0), (45.0, 302.0), (-3.0, 262.0), (78.0, 259.0), (17.0, 161.0), (66.0, 163.0), (-5.0, 85.0), (80.0, 89.0), (-7.0, 13.0), (75.0, 13.0), (0, 0), (69.0, 1.0), (-21.0, -15.0), (83.0, -13.0)]
[(36.0, 286.0), (28.0, 294.0), (44.0, 295.0), (-2.0, 258.0), (78.0, 253.0), (17.0, 160.0), (66.0, 163.0), (-6.0, 85.0), (80.0, 90.0), (-7.0, 13.0), (75.0, 13.0), (0, 0), (69.0, 2.0), (-21.0, -15.0), (83.0, -13.0)]
[(36.0, 282.0), (28.0, 290.0), (44.0, 290.0), (-2.0, 253.0), (78.0, 249.0), (17.0, 158.0), (65.0, 160.0), (-9.0, 85.0), (81.0, 89.0), (-7.0, 13.0), (75.0, 12.0), (0, 0), (68.0, 2.0), (-22.0, -14.0), (82.0, -14.0)]
[(36.0, 274.0), (28.0, 284.0), (44.0, 284.0), (-2.0, 250.0), (80.0, 244.0), (17.0, 158.0), (64.0, 160.0), (-9.0, 86.0), (80.0, 91.0), (-8.0, 13.0), (75.0, 13.0), (0, 0), (69.0, 3.0), (-24.0, -12.0), (82.0, -14.0)]
[(36.0, 261.0), (28.0, 271.0), (44.0, 272.0), (-2.0, 239.0), (80.0, 233.0), (16.0, 154.0), (64.0, 155.0), (-9.0, 91.0), (79.0, 94.0), (-7.0, 13.0), (75.0, 13.0), (0, 0), (69.0, 3.0), (-24.0, -12.0), (82.0, -14.0)]
[(36.0, 254.0), (29.0, 263.0), (44.0, 265.0), (-1.0, 233.0), (81.0, 228.0), (17.0, 153.0), (65.0, 153.0), (-8.0, 98.0), (79.0, 98.0), (-6.0, 13.0), (76.0, 12.0), (0, 0), (70.0, 2.0), (-23.0, -12.0), (83.0, -15.0)]
[(37.0, 255.0), (29.0, 264.0), (45.0, 266.0), (-0.0, 233.0), (82.0, 228.0), (17.0, 153.0), (65.0, 153.0), (-7.0, 100.0), (79.0, 98.0), (-5.0, 14.0), (77.0, 13.0), (0, 0), (71.0, 3.0), (-21.0, -11.0), (83.0, -14.0)]
[(37.0, 250.0), (29.0, 260.0), (45.0, 261.0), (-0.0, 230.0), (83.0, 223.0), (17.0, 154.0), (65.0, 152.0), (-6.0, 101.0), (79.0, 99.0), (-6.0, 15.0), (77.0, 14.0), (0, 0), (71.0, 4.0), (-21.0, -10.0), (83.0, -13.0)]
[(38.0, 238.0), (30.0, 248.0), (46.0, 250.0), (1.0, 226.0), (84.0, 221.0), (17.0, 146.0), (65.0, 143.0), (-8.0, 102.0), (82.0, 99.0), (-5.0, 17.0), (78.0, 14.0), (0, 0), (72.0, 4.0), (-20.0, -11.0), (84.0, -14.0)]
[(37.0, 221.0), (29.0, 231.0), (45.0, 233.0), (-2.0, 211.0), (82.0, 206.0), (13.0, 134.0), (61.0, 131.0), (-15.0, 89.0), (84.0, 89.0), (-6.0, 14.0), (75.0, 12.0), (0, 0), (69.0, 2.0), (-17.0, -17.0), (83.0, -17.0)]
[(36.0, 217.0), (28.0, 227.0), (45.0, 229.0), (-4.0, 207.0), (80.0, 204.0), (10.0, 129.0), (58.0, 127.0), (-20.0, 86.0), (83.0, 86.0), (-7.0, 13.0), (73.0, 11.0), (0, 0), (68.0, 1.0), (-20.0, -19.0), (81.0, -18.0)]
[(38.0, 215.0), (28.0, 225.0), (46.0, 226.0), (-5.0, 203.0), (80.0, 202.0), (10.0, 129.0), (58.0, 128.0), (-21.0, 85.0), (85.0, 86.0), (-7.0, 13.0), (74.0, 11.0), (0, 0), (68.0, 1.0), (-20.0, -19.0), (81.0, -18.0)]
[(38.0, 208.0), (28.0, 219.0), (47.0, 220.0), (-5.0, 200.0), (80.0, 194.0), (9.0, 127.0), (56.0, 124.0), (-22.0, 83.0), (85.0, 80.0), (-7.0, 11.0), (74.0, 9.0), (0, 0), (67.0, 0.0), (-20.0, -20.0), (83.0, -21.0)]
[(38.0, 208.0), (28.0, 218.0), (47.0, 219.0), (-5.0, 198.0), (80.0, 193.0), (9.0, 128.0), (55.0, 125.0), (-22.0, 81.0), (85.0, 80.0), (-7.0, 11.0), (74.0, 9.0), (0, 0), (67.0, 1.0), (-19.0, -20.0), (83.0, -21.0)]
[(38.0, 206.0), (28.0, 217.0), (48.0, 218.0), (-4.0, 198.0), (80.0, 193.0), (9.0, 127.0), (55.0, 125.0), (-22.0, 80.0), (85.0, 78.0), (-7.0, 10.0), (74.0, 9.0), (0, 0), (67.0, 0.0), (-19.0, -22.0), (81.0, -22.0)]
[(39.0, 210.0), (29.0, 220.0), (48.0, 221.0), (-4.0, 200.0), (80.0, 196.0), (9.0, 127.0), (55.0, 125.0), (-22.0, 82.0), (85.0, 80.0), (-7.0, 11.0), (74.0, 10.0), (0, 0), (67.0, 1.0), (-19.0, -22.0), (82.0, -21.0)]
[(39.0, 211.0), (29.0, 221.0), (48.0, 222.0), (-4.0, 201.0), (80.0, 196.0), (9.0, 128.0), (55.0, 126.0), (-23.0, 81.0), (85.0, 81.0), (-7.0, 10.0), (74.0, 10.0), (0, 0), (67.0, 1.0), (-19.0, -23.0), (82.0, -21.0)]
[(40.0, 213.0), (30.0, 223.0), (49.0, 224.0), (-4.0, 203.0), (80.0, 198.0), (9.0, 129.0), (55.0, 127.0), (-23.0, 83.0), (84.0, 82.0), (-7.0, 10.0), (74.0, 11.0), (0, 0), (67.0, 2.0), (-20.0, -22.0), (82.0, -20.0)]
[(40.0, 238.0), (30.0, 247.0), (49.0, 248.0), (-3.0, 222.0), (81.0, 215.0), (9.0, 146.0), (57.0, 141.0), (-13.0, 90.0), (80.0, 93.0), (-7.0, 12.0), (73.0, 13.0), (0, 0), (67.0, 3.0), (-20.0, -20.0), (82.0, -17.0)]
[(41.0, 249.0), (31.0, 258.0), (50.0, 259.0), (-2.0, 230.0), (83.0, 224.0), (12.0, 151.0), (61.0, 146.0), (-6.0, 91.0), (79.0, 93.0), (-6.0, 12.0), (74.0, 13.0), (0, 0), (68.0, 3.0), (-20.0, -20.0), (81.0, -17.0)]
[(41.0, 257.0), (31.0, 267.0), (50.0, 267.0), (-2.0, 236.0), (83.0, 231.0), (13.0, 155.0), (63.0, 151.0), (-6.0, 90.0), (79.0, 92.0), (-6.0, 12.0), (74.0, 13.0), (0, 0), (69.0, 3.0), (-20.0, -19.0), (81.0, -16.0)]
[(41.0, 268.0), (31.0, 277.0), (50.0, 278.0), (-2.0, 243.0), (83.0, 237.0), (13.0, 157.0), (64.0, 154.0), (-5.0, 88.0), (79.0, 92.0), (-6.0, 12.0), (74.0, 14.0), (0, 0), (69.0, 4.0), (-20.0, -17.0), (81.0, -16.0)]
[(42.0, 279.0), (33.0, 288.0), (51.0, 289.0), (-1.0, 249.0), (85.0, 243.0), (14.0, 157.0), (65.0, 155.0), (-3.0, 87.0), (81.0, 89.0), (-5.0, 12.0), (75.0, 13.0), (0, 0), (70.0, 3.0), (-19.0, -17.0), (82.0, -17.0)]
[(43.0, 287.0), (34.0, 296.0), (52.0, 296.0), (-1.0, 254.0), (85.0, 250.0), (15.0, 157.0), (67.0, 155.0), (-3.0, 85.0), (81.0, 87.0), (-5.0, 13.0), (75.0, 12.0), (0, 0), (69.0, 2.0), (-19.0, -16.0), (82.0, -17.0)]
[(43.0, 297.0), (34.0, 307.0), (52.0, 307.0), (-2.0, 260.0), (85.0, 257.0), (16.0, 161.0), (67.0, 160.0), (-2.0, 85.0), (81.0, 86.0), (-5.0, 13.0), (75.0, 12.0), (0, 0), (69.0, 3.0), (-20.0, -16.0), (82.0, -16.0)]
[(43.0, 310.0), (35.0, 319.0), (52.0, 319.0), (-2.0, 267.0), (85.0, 265.0), (16.0, 163.0), (67.0, 161.0), (-3.0, 85.0), (81.0, 83.0), (-5.0, 14.0), (75.0, 13.0), (0, 0), (69.0, 4.0), (-21.0, -15.0), (83.0, -15.0)]
[(44.0, 319.0), (35.0, 328.0), (52.0, 328.0), (-2.0, 274.0), (85.0, 272.0), (16.0, 167.0), (67.0, 164.0), (-3.0, 85.0), (81.0, 81.0), (-5.0, 14.0), (75.0, 13.0), (0, 0), (69.0, 4.0), (-22.0, -15.0), (83.0, -15.0)]
[(44.0, 329.0), (35.0, 338.0), (52.0, 339.0), (-2.0, 283.0), (85.0, 279.0), (16.0, 170.0), (67.0, 168.0), (-3.0, 85.0), (80.0, 81.0), (-5.0, 13.0), (75.0, 13.0), (0, 0), (70.0, 4.0), (-22.0, -15.0), (84.0, -15.0)]
[(45.0, 337.0), (36.0, 346.0), (53.0, 347.0), (-1.0, 289.0), (86.0, 286.0), (16.0, 174.0), (68.0, 173.0), (-2.0, 86.0), (81.0, 83.0), (-4.0, 13.0), (76.0, 14.0), (0, 0), (71.0, 5.0), (-21.0, -13.0), (86.0, -14.0)]