[(45.0, 386.0), (34.0, 394.0), (52.0, 393.0), (-9.0, 338.0), (81.0, 335.0), (13.0, 205.0), (63.0, 205.0), (-2.0, 109.0), (87.0, 109.0), (-7.0, 13.0), (94.0, 13.0), (0, 0), (89.0, 1.0), (-28.0, -21.0), (114.0, -16.0)]
[(43.0, 396.0), (32.0, 403.0), (50.0, 402.0), (-9.0, 347.0), (80.0, 344.0), (13.0, 209.0), (63.0, 209.0), (-0.0, 110.0), (84.0, 110.0), (-7.0, 14.0), (94.0, 13.0), (0, 0), (89.0, 1.0), (-29.0, -20.0), (113.0, -16.0)]
[(42.0, 395.0), (30.0, 403.0), (49.0, 402.0), (-11.0, 347.0), (80.0, 343.0), (12.0, 208.0), (62.0, 208.0), (-0.0, 109.0), (82.0, 109.0), (-7.0, 13.0), (93.0, 12.0), (0, 0), (88.0, 0.0), (-30.0, -21.0), (112.0, -17.0)]
[(41.0, 402.0), (29.0, 410.0), (49.0, 409.0), (-11.0, 352.0), (78.0, 347.0), (11.0, 209.0), (62.0, 210.0), (1.0, 109.0), (80.0, 109.0), (-7.0, 13.0), (92.0, 12.0), (0, 0), (88.0, 0.0), (-30.0, -22.0), (111.0, -17.0)]
[(41.0, 403.0), (29.0, 410.0), (49.0, 409.0), (-11.0, 353.0), (78.0, 348.0), (11.0, 210.0), (62.0, 210.0), (1.0, 108.0), (79.0, 109.0), (-7.0, 13.0), (92.0, 12.0), (0, 0), (88.0, 1.0), (-30.0, -22.0), (110.0, -17.0)]
[(39.0, 405.0), (28.0, 412.0), (47.0, 412.0), (-12.0, 354.0), (78.0, 351.0), (11.0, 210.0), (61.0, 211.0), (2.0, 109.0), (78.0, 109.0), (-7.0, 13.0), (91.0, 12.0), (0, 0), (88.0, 1.0), (-30.0, -22.0), (110.0, -17.0)]
[(36.0, 407.0), (26.0, 413.0), (46.0, 413.0), (-13.0, 354.0), (77.0, 351.0), (11.0, 210.0), (61.0, 212.0), (3.0, 109.0), (76.0, 109.0), (-7.0, 13.0), (91.0, 12.0), (0, 0), (87.0, 1.0), (-30.0, -22.0), (110.0, -17.0)]
[(36.0, 405.0), (26.0, 412.0), (45.0, 412.0), (-13.0, 354.0), (77.0, 350.0), (11.0, 208.0), (61.0, 210.0), (4.0, 108.0), (75.0, 109.0), (-7.0, 12.0), (91.0, 12.0), (0, 0), (87.0, 1.0), (-30.0, -22.0), (110.0, -17.0)]
[(35.0, 404.0), (25.0, 411.0), (45.0, 411.0), (-13.0, 353.0), (76.0, 350.0), (11.0, 208.0), (61.0, 210.0), (4.0, 108.0), (75.0, 109.0), (-7.0, 12.0), (91.0, 12.0), (0, 0), (87.0, 1.0), (-30.0, -22.0), (110.0, -17.0)]
[(35.0, 405.0), (25.0, 412.0), (45.0, 411.0), (-13.0, 354.0), (76.0, 351.0), (11.0, 209.0), (61.0, 212.0), (4.0, 108.0), (75.0, 110.0), (-7.0, 13.0), (91.0, 13.0), (0, 0), (87.0, 2.0), (-31.0, -21.0), (110.0, -16.0)]
[(35.0, 405.0), (25.0, 412.0), (45.0, 411.0), (-13.0, 354.0), (76.0, 350.0), (11.0, 209.0), (61.0, 212.0), (5.0, 108.0), (75.0, 110.0), (-7.0, 12.0), (91.0, 13.0), (0, 0), (87.0, 2.0), (-31.0, -21.0), (110.0, -16.0)]
[(35.0, 406.0), (25.0, 412.0), (44.0, 412.0), (-13.0, 354.0), (76.0, 350.0), (11.0, 209.0), (61.0, 211.0), (5.0, 108.0), (75.0, 110.0), (-6.0, 12.0), (91.0, 13.0), (0, 0), (87.0, 2.0), (-31.0, -22.0), (110.0, -16.0)]
[(35.0, 405.0), (25.0, 411.0), (44.0, 411.0), (-13.0, 353.0), (76.0, 350.0), (11.0, 208.0), (61.0, 211.0), (5.0, 108.0), (75.0, 110.0), (-6.0, 12.0), (91.0, 13.0), (0, 0), (87.0, 2.0), (-31.0, -22.0), (110.0, -16.0)]
[(35.0, 404.0), (25.0, 411.0), (44.0, 410.0), (-13.0, 353.0), (76.0, 350.0), (11.0, 208.0), (61.0, 211.0), (5.0, 107.0), (75.0, 110.0), (-6.0, 12.0), (91.0, 13.0), (0, 0), (87.0, 2.0), (-31.0, -22.0), (110.0, -16.0)]
[(35.0, 403.0), (25.0, 411.0), (44.0, 410.0), (-13.0, 352.0), (76.0, 350.0), (11.0, 208.0), (62.0, 211.0), (5.0, 107.0), (75.0, 110.0), (-6.0, 12.0), (91.0, 13.0), (0, 0), (87.0, 2.0), (-32.0, -21.0), (110.0, -16.0)]
[(35.0, 403.0), (25.0, 411.0), (44.0, 410.0), (-13.0, 352.0), (76.0, 350.0), (11.0, 208.0), (62.0, 211.0), (5.0, 107.0), (75.0, 111.0), (-6.0, 12.0), (91.0, 13.0), (0, 0), (87.0, 2.0), (-32.0, -21.0), (110.0, -16.0)]
[(35.0, 403.0), (24.0, 411.0), (44.0, 410.0), (-13.0, 352.0), (76.0, 350.0), (12.0, 208.0), (62.0, 212.0), (5.0, 107.0), (75.0, 111.0), (-6.0, 12.0), (91.0, 13.0), (0, 0), (87.0, 2.0), (-32.0, -21.0), (110.0, -16.0)]
[(35.0, 404.0), (24.0, 412.0), (44.0, 411.0), (-13.0, 353.0), (76.0, 351.0), (12.0, 209.0), (62.0, 213.0), (5.0, 108.0), (76.0, 111.0), (-6.0, 13.0), (91.0, 14.0), (0, 0), (87.0, 3.0), (-32.0, -20.0), (110.0, -15.0)]
[(35.0, 403.0), (24.0, 411.0), (44.0, 410.0), (-13.0, 352.0), (76.0, 351.0), (12.0, 209.0), (62.0, 212.0), (5.0, 107.0), (76.0, 110.0), (-6.0, 12.0), (91.0, 13.0), (0, 0), (87.0, 2.0), (-32.0, -21.0), (110.0, -17.0)]
[(36.0, 403.0), (25.0, 410.0), (45.0, 410.0), (-12.0, 352.0), (76.0, 351.0), (12.0, 210.0), (63.0, 212.0), (5.0, 108.0), (77.0, 111.0), (-6.0, 12.0), (91.0, 13.0), (0, 0), (87.0, 2.0), (-32.0, -21.0), (111.0, -17.0)]
[(37.0, 402.0), (26.0, 410.0), (46.0, 410.0), (-12.0, 352.0), (76.0, 351.0), (12.0, 210.0), (64.0, 212.0), (4.0, 108.0), (79.0, 111.0), (-6.0, 12.0), (91.0, 13.0), (0, 0), (87.0, 2.0), (-32.0, -21.0), (111.0, -17.0)]
[(37.0, 402.0), (26.0, 410.0), (46.0, 410.0), (-12.0, 352.0), (77.0, 351.0), (13.0, 210.0), (64.0, 212.0), (4.0, 109.0), (79.0, 111.0), (-6.0, 12.0), (91.0, 13.0), (0, 0), (87.0, 2.0), (-32.0, -21.0), (111.0, -17.0)]
[(41.0, 386.0), (29.0, 396.0), (48.0, 395.0), (-11.0, 343.0), (78.0, 342.0), (13.0, 210.0), (64.0, 211.0), (2.0, 109.0), (82.0, 111.0), (-6.0, 12.0), (92.0, 13.0), (0, 0), (87.0, 2.0), (-32.0, -21.0), (111.0, -17.0)]
[(42.0, 377.0), (31.0, 386.0), (50.0, 384.0), (-11.0, 334.0), (79.0, 331.0), (13.0, 208.0), (64.0, 207.0), (-0.0, 108.0), (84.0, 109.0), (-6.0, 12.0), (92.0, 13.0), (0, 0), (87.0, 2.0), (-32.0, -21.0), (112.0, -17.0)]
[(46.0, 367.0), (33.0, 377.0), (52.0, 375.0), (-10.0, 324.0), (80.0, 320.0), (13.0, 202.0), (64.0, 201.0), (-2.0, 106.0), (86.0, 107.0), (-7.0, 12.0), (92.0, 13.0), (0, 0), (87.0, 2.0), (-32.0, -21.0), (112.0, -16.0)]
[(47.0, 365.0), (34.0, 375.0), (53.0, 373.0), (-9.0, 323.0), (81.0, 319.0), (14.0, 201.0), (65.0, 200.0), (-2.0, 107.0), (88.0, 108.0), (-6.0, 13.0), (93.0, 14.0), (0, 0), (88.0, 2.0), (-30.0, -20.0), (113.0, -15.0)]
[(47.0, 341.0), (35.0, 352.0), (54.0, 351.0), (-8.0, 305.0), (83.0, 298.0), (14.0, 197.0), (65.0, 195.0), (-6.0, 107.0), (90.0, 108.0), (-7.0, 14.0), (93.0, 14.0), (0, 0), (88.0, 1.0), (-30.0, -20.0), (114.0, -15.0)]
[(48.0, 326.0), (36.0, 338.0), (55.0, 336.0), (-6.0, 292.0), (85.0, 286.0), (15.0, 192.0), (66.0, 190.0), (-7.0, 108.0), (94.0, 108.0), (-6.0, 14.0), (94.0, 15.0), (0, 0), (89.0, 1.0), (-29.0, -20.0), (115.0, -15.0)]
[(48.0, 312.0), (37.0, 323.0), (55.0, 322.0), (-6.0, 280.0), (85.0, 274.0), (15.0, 183.0), (66.0, 182.0), (-8.0, 109.0), (95.0, 108.0), (-7.0, 14.0), (94.0, 15.0), (0, 0), (89.0, 0.0), (-29.0, -19.0), (115.0, -15.0)]
[(48.0, 312.0), (37.0, 322.0), (56.0, 321.0), (-6.0, 280.0), (85.0, 273.0), (14.0, 180.0), (66.0, 180.0), (-9.0, 107.0), (96.0, 108.0), (-7.0, 14.0), (95.0, 15.0), (0, 0), (89.0, 0.0), (-29.0, -19.0), (115.0, -15.0)]
[(49.0, 287.0), (39.0, 297.0), (57.0, 296.0), (-6.0, 259.0), (85.0, 253.0), (14.0, 168.0), (66.0, 168.0), (-12.0, 108.0), (96.0, 114.0), (-7.0, 14.0), (95.0, 15.0), (0, 0), (89.0, 0.0), (-28.0, -19.0), (115.0, -15.0)]
[(49.0, 273.0), (39.0, 284.0), (57.0, 283.0), (-6.0, 245.0), (86.0, 240.0), (14.0, 167.0), (66.0, 166.0), (-16.0, 108.0), (98.0, 114.0), (-7.0, 15.0), (95.0, 16.0), (0, 0), (89.0, 0.0), (-28.0, -18.0), (115.0, -15.0)]
[(49.0, 260.0), (39.0, 271.0), (57.0, 271.0), (-6.0, 235.0), (86.0, 231.0), (14.0, 162.0), (66.0, 161.0), (-18.0, 109.0), (101.0, 113.0), (-7.0, 15.0), (95.0, 16.0), (0, 0), (89.0, 0.0), (-28.0, -18.0), (115.0, -15.0)]
[(49.0, 258.0), (39.0, 270.0), (57.0, 269.0), (-6.0, 234.0), (86.0, 229.0), (14.0, 158.0), (66.0, 156.0), (-19.0, 109.0), (101.0, 112.0), (-8.0, 15.0), (95.0, 16.0), (0, 0), (89.0, 0.0), (-28.0, -18.0), (115.0, -15.0)]
[(49.0, 249.0), (39.0, 260.0), (57.0, 259.0), (-6.0, 224.0), (86.0, 221.0), (14.0, 153.0), (66.0, 152.0), (-20.0, 108.0), (102.0, 110.0), (-8.0, 15.0), (95.0, 16.0), (0, 0), (89.0, 0.0), (-28.0, -18.0), (115.0, -15.0)]
[(49.0, 249.0), (39.0, 260.0), (57.0, 260.0), (-6.0, 224.0), (87.0, 220.0), (14.0, 151.0), (66.0, 149.0), (-21.0, 105.0), (103.0, 108.0), (-8.0, 15.0), (95.0, 16.0), (0, 0), (89.0, 1.0), (-28.0, -18.0), (115.0, -15.0)]
[(49.0, 231.0), (39.0, 242.0), (57.0, 242.0), (-6.0, 208.0), (87.0, 208.0), (15.0, 145.0), (66.0, 144.0), (-23.0, 100.0), (105.0, 104.0), (-8.0, 15.0), (95.0, 15.0), (0, 0), (89.0, 1.0), (-28.0, -18.0), (115.0, -14.0)]
[(49.0, 224.0), (39.0, 234.0), (57.0, 235.0), (-4.0, 200.0), (88.0, 201.0), (17.0, 143.0), (67.0, 142.0), (-24.0, 99.0), (106.0, 100.0), (-8.0, 15.0), (95.0, 16.0), (0, 0), (89.0, 1.0), (-28.0, -17.0), (115.0, -13.0)]
[(49.0, 223.0), (39.0, 234.0), (57.0, 234.0), (-4.0, 199.0), (89.0, 199.0), (18.0, 142.0), (67.0, 141.0), (-24.0, 98.0), (107.0, 99.0), (-8.0, 15.0), (95.0, 15.0), (0, 0), (88.0, 1.0), (-28.0, -17.0), (115.0, -13.0)]
[(49.0, 214.0), (39.0, 225.0), (57.0, 226.0), (-4.0, 192.0), (88.0, 193.0), (17.0, 139.0), (67.0, 139.0), (-25.0, 96.0), (107.0, 98.0), (-8.0, 14.0), (95.0, 15.0), (0, 0), (88.0, 1.0), (-28.0, -17.0), (115.0, -13.0)]
[(49.0, 200.0), (39.0, 211.0), (57.0, 211.0), (-4.0, 179.0), (89.0, 180.0), (18.0, 134.0), (67.0, 133.0), (-25.0, 95.0), (110.0, 97.0), (-8.0, 14.0), (95.0, 15.0), (0, 0), (88.0, 1.0), (-28.0, -17.0), (115.0, -13.0)]
[(49.0, 194.0), (39.0, 205.0), (57.0, 206.0), (-4.0, 173.0), (89.0, 174.0), (18.0, 130.0), (67.0, 129.0), (-26.0, 95.0), (113.0, 96.0), (-8.0, 14.0), (95.0, 15.0), (0, 0), (88.0, 1.0), (-28.0, -17.0), (115.0, -13.0)]
[(49.0, 193.0), (39.0, 203.0), (57.0, 204.0), (-3.0, 172.0), (89.0, 173.0), (18.0, 128.0), (66.0, 128.0), (-26.0, 93.0), (112.0, 96.0), (-8.0, 13.0), (95.0, 14.0), (0, 0), (88.0, 0.0), (-28.0, -17.0), (115.0, -14.0)]
[(49.0, 180.0), (39.0, 193.0), (58.0, 194.0), (-2.0, 165.0), (90.0, 166.0), (18.0, 125.0), (66.0, 125.0), (-27.0, 93.0), (113.0, 96.0), (-8.0, 12.0), (96.0, 13.0), (0, 0), (88.0, -1.0), (-28.0, -18.0), (114.0, -15.0)]
[(51.0, 181.0), (40.0, 192.0), (59.0, 194.0), (-1.0, 162.0), (90.0, 164.0), (18.0, 123.0), (66.0, 123.0), (-28.0, 93.0), (113.0, 96.0), (-8.0, 12.0), (96.0, 13.0), (0, 0), (88.0, -1.0), (-28.0, -18.0), (114.0, -15.0)]
[(51.0, 183.0), (40.0, 194.0), (59.0, 195.0), (-1.0, 164.0), (90.0, 164.0), (19.0, 122.0), (66.0, 121.0), (-28.0, 93.0), (113.0, 96.0), (-8.0, 12.0), (96.0, 13.0), (0, 0), (88.0, 0.0), (-29.0, -17.0), (114.0, -15.0)]
[(52.0, 182.0), (41.0, 193.0), (59.0, 195.0), (-1.0, 165.0), (90.0, 165.0), (20.0, 122.0), (66.0, 121.0), (-29.0, 94.0), (113.0, 96.0), (-8.0, 12.0), (96.0, 12.0), (0, 0), (88.0, 0.0), (-29.0, -17.0), (114.0, -15.0)]
[(51.0, 190.0), (40.0, 201.0), (59.0, 202.0), (-2.0, 171.0), (90.0, 171.0), (19.0, 125.0), (66.0, 124.0), (-28.0, 94.0), (112.0, 96.0), (-8.0, 12.0), (96.0, 12.0), (0, 0), (88.0, 0.0), (-29.0, -17.0), (114.0, -15.0)]
[(50.0, 203.0), (40.0, 214.0), (58.0, 212.0), (-2.0, 180.0), (90.0, 177.0), (19.0, 126.0), (67.0, 126.0), (-27.0, 93.0), (111.0, 96.0), (-7.0, 11.0), (97.0, 11.0), (0, 0), (89.0, -2.0), (-28.0, -18.0), (115.0, -16.0)]
[(47.0, 219.0), (38.0, 229.0), (56.0, 229.0), (-2.0, 196.0), (89.0, 195.0), (18.0, 134.0), (68.0, 133.0), (-24.0, 97.0), (109.0, 96.0), (-7.0, 12.0), (97.0, 10.0), (0, 0), (89.0, -2.0), (-27.0, -18.0), (115.0, -16.0)]
[(47.0, 222.0), (38.0, 232.0), (56.0, 232.0), (-2.0, 198.0), (89.0, 197.0), (18.0, 137.0), (68.0, 136.0), (-22.0, 98.0), (109.0, 96.0), (-7.0, 12.0), (97.0, 10.0), (0, 0), (89.0, -2.0), (-27.0, -18.0), (115.0, -16.0)]
[(47.0, 238.0), (38.0, 247.0), (55.0, 247.0), (-3.0, 209.0), (89.0, 206.0), (18.0, 140.0), (68.0, 139.0), (-19.0, 99.0), (107.0, 96.0), (-7.0, 12.0), (97.0, 11.0), (0, 0), (89.0, -1.0), (-26.0, -18.0), (114.0, -16.0)]
[(47.0, 238.0), (38.0, 248.0), (55.0, 248.0), (-3.0, 211.0), (89.0, 208.0), (18.0, 143.0), (68.0, 142.0), (-18.0, 100.0), (106.0, 97.0), (-7.0, 12.0), (97.0, 11.0), (0, 0), (89.0, -1.0), (-26.0, -18.0), (114.0, -16.0)]
[(47.0, 254.0), (38.0, 265.0), (55.0, 264.0), (-3.0, 223.0), (88.0, 219.0), (18.0, 147.0), (69.0, 146.0), (-16.0, 102.0), (105.0, 99.0), (-7.0, 12.0), (96.0, 11.0), (0, 0), (89.0, -1.0), (-26.0, -18.0), (114.0, -17.0)]
[(46.0, 295.0), (37.0, 306.0), (54.0, 304.0), (-5.0, 258.0), (84.0, 255.0), (17.0, 164.0), (67.0, 164.0), (-13.0, 105.0), (100.0, 107.0), (-7.0, 12.0), (95.0, 11.0), (0, 0), (88.0, -1.0), (-27.0, -19.0), (113.0, -17.0)]
[(43.0, 321.0), (35.0, 329.0), (52.0, 328.0), (-4.0, 276.0), (84.0, 270.0), (17.0, 179.0), (67.0, 179.0), (-10.0, 107.0), (97.0, 107.0), (-7.0, 13.0), (95.0, 12.0), (0, 0), (88.0, 0.0), (-26.0, -19.0), (113.0, -16.0)]
[(44.0, 320.0), (35.0, 330.0), (53.0, 327.0), (-5.0, 276.0), (85.0, 271.0), (17.0, 181.0), (66.0, 180.0), (-10.0, 109.0), (96.0, 109.0), (-7.0, 13.0), (95.0, 13.0), (0, 0), (88.0, 0.0), (-26.0, -19.0), (114.0, -16.0)]
[(44.0, 357.0), (35.0, 365.0), (53.0, 364.0), (-5.0, 310.0), (83.0, 307.0), (16.0, 193.0), (66.0, 193.0), (-5.0, 110.0), (94.0, 110.0), (-7.0, 13.0), (95.0, 14.0), (0, 0), (89.0, 1.0), (-26.0, -18.0), (114.0, -14.0)]
[(44.0, 374.0), (34.0, 382.0), (53.0, 380.0), (-5.0, 327.0), (83.0, 321.0), (16.0, 200.0), (65.0, 199.0), (-2.0, 110.0), (91.0, 110.0), (-7.0, 13.0), (95.0, 14.0), (0, 0), (89.0, 1.0), (-27.0, -18.0), (114.0, -14.0)]