[(44.0, 370.0), (35.0, 377.0), (52.0, 376.0), (-3.0, 313.0), (83.0, 310.0), (15.0, 189.0), (64.0, 187.0), (-0.0, 93.0), (73.0, 93.0), (-4.0, 12.0), (69.0, 10.0), (0, 0), (60.0, 1.0), (-11.0, -23.0), (79.0, -25.0)]
[(46.0, 369.0), (36.0, 376.0), (53.0, 376.0), (-2.0, 314.0), (84.0, 310.0), (15.0, 188.0), (64.0, 187.0), (1.0, 94.0), (74.0, 94.0), (-3.0, 12.0), (72.0, 10.0), (0, 0), (63.0, 1.0), (-10.0, -24.0), (80.0, -25.0)]
[(45.0, 370.0), (36.0, 377.0), (53.0, 377.0), (-2.0, 315.0), (84.0, 312.0), (15.0, 188.0), (64.0, 187.0), (1.0, 95.0), (74.0, 97.0), (-3.0, 12.0), (73.0, 11.0), (0, 0), (66.0, 2.0), (-10.0, -24.0), (80.0, -25.0)]
[(45.0, 371.0), (36.0, 378.0), (53.0, 378.0), (-2.0, 314.0), (84.0, 313.0), (14.0, 187.0), (64.0, 186.0), (1.0, 95.0), (73.0, 96.0), (-4.0, 12.0), (73.0, 12.0), (0, 0), (68.0, 2.0), (-10.0, -25.0), (80.0, -25.0)]
[(45.0, 370.0), (36.0, 378.0), (53.0, 378.0), (-3.0, 315.0), (84.0, 313.0), (14.0, 187.0), (64.0, 186.0), (-0.0, 94.0), (73.0, 95.0), (-4.0, 12.0), (74.0, 12.0), (0, 0), (68.0, 3.0), (-10.0, -25.0), (79.0, -25.0)]
[(47.0, 369.0), (38.0, 377.0), (55.0, 377.0), (-1.0, 314.0), (86.0, 314.0), (16.0, 186.0), (66.0, 185.0), (2.0, 93.0), (76.0, 94.0), (-3.0, 11.0), (76.0, 12.0), (0, 0), (70.0, 3.0), (-8.0, -26.0), (82.0, -25.0)]
[(47.0, 371.0), (38.0, 378.0), (55.0, 378.0), (-1.0, 314.0), (86.0, 314.0), (16.0, 185.0), (66.0, 184.0), (2.0, 92.0), (77.0, 91.0), (-3.0, 10.0), (76.0, 11.0), (0, 0), (70.0, 3.0), (-8.0, -26.0), (82.0, -25.0)]
[(48.0, 370.0), (38.0, 378.0), (55.0, 378.0), (-0.0, 313.0), (87.0, 313.0), (17.0, 184.0), (67.0, 184.0), (3.0, 91.0), (78.0, 88.0), (-2.0, 10.0), (77.0, 11.0), (0, 0), (71.0, 2.0), (-7.0, -26.0), (83.0, -26.0)]
[(48.0, 372.0), (38.0, 379.0), (55.0, 379.0), (-1.0, 314.0), (87.0, 314.0), (16.0, 184.0), (67.0, 183.0), (3.0, 90.0), (78.0, 87.0), (-2.0, 10.0), (77.0, 10.0), (0, 0), (70.0, 1.0), (-7.0, -26.0), (84.0, -26.0)]
[(47.0, 371.0), (38.0, 379.0), (55.0, 378.0), (-1.0, 313.0), (86.0, 314.0), (16.0, 184.0), (67.0, 183.0), (2.0, 89.0), (78.0, 87.0), (-3.0, 10.0), (77.0, 10.0), (0, 0), (71.0, 1.0), (-7.0, -26.0), (84.0, -26.0)]
[(46.0, 370.0), (38.0, 378.0), (55.0, 378.0), (-2.0, 313.0), (86.0, 313.0), (15.0, 183.0), (67.0, 183.0), (1.0, 89.0), (78.0, 87.0), (-3.0, 9.0), (77.0, 10.0), (0, 0), (70.0, 1.0), (-7.0, -27.0), (83.0, -26.0)]
[(46.0, 370.0), (37.0, 378.0), (55.0, 378.0), (-2.0, 312.0), (85.0, 313.0), (14.0, 183.0), (65.0, 183.0), (1.0, 89.0), (78.0, 87.0), (-3.0, 9.0), (77.0, 10.0), (0, 0), (70.0, 1.0), (-7.0, -27.0), (84.0, -26.0)]
[(46.0, 370.0), (37.0, 378.0), (54.0, 378.0), (-2.0, 313.0), (85.0, 314.0), (14.0, 183.0), (65.0, 183.0), (1.0, 89.0), (78.0, 88.0), (-3.0, 9.0), (76.0, 10.0), (0, 0), (70.0, 1.0), (-7.0, -27.0), (84.0, -26.0)]
[(47.0, 370.0), (38.0, 378.0), (55.0, 377.0), (-1.0, 313.0), (85.0, 314.0), (15.0, 183.0), (66.0, 183.0), (2.0, 89.0), (79.0, 89.0), (-2.0, 9.0), (77.0, 10.0), (0, 0), (71.0, 2.0), (-6.0, -27.0), (85.0, -26.0)]
[(46.0, 369.0), (37.0, 377.0), (55.0, 377.0), (-2.0, 312.0), (85.0, 312.0), (15.0, 182.0), (66.0, 182.0), (2.0, 88.0), (78.0, 88.0), (-2.0, 9.0), (77.0, 10.0), (0, 0), (71.0, 2.0), (-6.0, -28.0), (85.0, -26.0)]
[(46.0, 370.0), (37.0, 378.0), (55.0, 377.0), (-2.0, 313.0), (84.0, 314.0), (16.0, 183.0), (67.0, 183.0), (3.0, 88.0), (78.0, 89.0), (-2.0, 10.0), (77.0, 11.0), (0, 0), (71.0, 3.0), (-6.0, -27.0), (84.0, -25.0)]
[(45.0, 368.0), (36.0, 376.0), (54.0, 376.0), (-2.0, 312.0), (84.0, 313.0), (16.0, 182.0), (67.0, 182.0), (3.0, 87.0), (79.0, 87.0), (-2.0, 9.0), (77.0, 10.0), (0, 0), (71.0, 3.0), (-6.0, -28.0), (84.0, -26.0)]
[(44.0, 369.0), (35.0, 377.0), (53.0, 377.0), (-3.0, 313.0), (83.0, 314.0), (15.0, 183.0), (65.0, 183.0), (2.0, 87.0), (79.0, 87.0), (-3.0, 9.0), (76.0, 11.0), (0, 0), (70.0, 3.0), (-7.0, -27.0), (83.0, -26.0)]
[(44.0, 369.0), (35.0, 377.0), (53.0, 377.0), (-3.0, 313.0), (83.0, 314.0), (15.0, 183.0), (65.0, 183.0), (1.0, 87.0), (79.0, 87.0), (-3.0, 9.0), (76.0, 11.0), (0, 0), (70.0, 3.0), (-7.0, -27.0), (84.0, -26.0)]
[(43.0, 369.0), (34.0, 377.0), (52.0, 377.0), (-4.0, 313.0), (81.0, 314.0), (14.0, 181.0), (63.0, 183.0), (-0.0, 85.0), (79.0, 85.0), (-3.0, 9.0), (76.0, 11.0), (0, 0), (69.0, 3.0), (-7.0, -27.0), (84.0, -26.0)]
[(43.0, 369.0), (34.0, 377.0), (51.0, 377.0), (-4.0, 313.0), (81.0, 314.0), (13.0, 181.0), (62.0, 183.0), (-0.0, 85.0), (79.0, 85.0), (-3.0, 10.0), (76.0, 11.0), (0, 0), (68.0, 3.0), (-7.0, -27.0), (84.0, -26.0)]
[(42.0, 363.0), (32.0, 372.0), (50.0, 372.0), (-4.0, 316.0), (79.0, 314.0), (14.0, 182.0), (64.0, 183.0), (-0.0, 87.0), (79.0, 87.0), (-3.0, 9.0), (76.0, 11.0), (0, 0), (69.0, 3.0), (-7.0, -27.0), (84.0, -26.0)]
[(41.0, 357.0), (32.0, 366.0), (50.0, 367.0), (-4.0, 317.0), (78.0, 314.0), (15.0, 183.0), (65.0, 183.0), (1.0, 88.0), (79.0, 87.0), (-3.0, 9.0), (76.0, 11.0), (0, 0), (69.0, 3.0), (-7.0, -27.0), (84.0, -26.0)]
[(41.0, 355.0), (32.0, 364.0), (49.0, 365.0), (-3.0, 319.0), (77.0, 316.0), (17.0, 185.0), (66.0, 185.0), (2.0, 90.0), (80.0, 89.0), (-3.0, 10.0), (76.0, 12.0), (0, 0), (69.0, 3.0), (-8.0, -25.0), (84.0, -24.0)]
[(42.0, 349.0), (33.0, 359.0), (49.0, 359.0), (-1.0, 320.0), (78.0, 318.0), (18.0, 186.0), (68.0, 186.0), (3.0, 90.0), (81.0, 90.0), (-3.0, 11.0), (77.0, 11.0), (0, 0), (71.0, 3.0), (-7.0, -23.0), (85.0, -23.0)]
[(42.0, 344.0), (33.0, 354.0), (48.0, 355.0), (-0.0, 318.0), (77.0, 317.0), (19.0, 184.0), (68.0, 183.0), (4.0, 88.0), (81.0, 88.0), (-3.0, 10.0), (77.0, 9.0), (0, 0), (70.0, 0.0), (-7.0, -24.0), (86.0, -24.0)]
[(43.0, 339.0), (34.0, 348.0), (49.0, 349.0), (1.0, 316.0), (77.0, 317.0), (20.0, 181.0), (69.0, 179.0), (5.0, 86.0), (82.0, 86.0), (-3.0, 10.0), (79.0, 9.0), (0, 0), (72.0, 0.0), (-6.0, -23.0), (87.0, -23.0)]
[(43.0, 335.0), (34.0, 344.0), (48.0, 345.0), (1.0, 312.0), (76.0, 315.0), (20.0, 179.0), (69.0, 177.0), (6.0, 86.0), (81.0, 85.0), (-3.0, 11.0), (79.0, 9.0), (0, 0), (72.0, 0.0), (-5.0, -22.0), (87.0, -23.0)]
[(42.0, 328.0), (32.0, 338.0), (47.0, 339.0), (2.0, 308.0), (76.0, 311.0), (21.0, 175.0), (69.0, 174.0), (8.0, 86.0), (80.0, 86.0), (-2.0, 12.0), (78.0, 9.0), (0, 0), (72.0, 1.0), (-5.0, -21.0), (87.0, -23.0)]
[(41.0, 323.0), (32.0, 332.0), (46.0, 333.0), (1.0, 300.0), (74.0, 305.0), (21.0, 170.0), (68.0, 170.0), (9.0, 83.0), (78.0, 82.0), (-2.0, 11.0), (77.0, 7.0), (0, 0), (71.0, -1.0), (-6.0, -23.0), (85.0, -25.0)]
[(40.0, 317.0), (31.0, 325.0), (46.0, 326.0), (1.0, 295.0), (73.0, 299.0), (20.0, 166.0), (67.0, 165.0), (9.0, 82.0), (74.0, 81.0), (-2.0, 11.0), (76.0, 7.0), (0, 0), (70.0, -1.0), (-6.0, -23.0), (84.0, -26.0)]
[(40.0, 310.0), (31.0, 320.0), (45.0, 319.0), (-0.0, 286.0), (72.0, 291.0), (19.0, 160.0), (66.0, 160.0), (9.0, 79.0), (73.0, 79.0), (-3.0, 10.0), (75.0, 6.0), (0, 0), (69.0, -1.0), (-7.0, -24.0), (83.0, -27.0)]
[(41.0, 300.0), (31.0, 310.0), (46.0, 310.0), (-0.0, 279.0), (72.0, 284.0), (20.0, 155.0), (66.0, 154.0), (9.0, 76.0), (73.0, 74.0), (-2.0, 10.0), (73.0, 5.0), (0, 0), (68.0, -1.0), (-7.0, -25.0), (81.0, -28.0)]
[(42.0, 296.0), (33.0, 305.0), (47.0, 305.0), (1.0, 271.0), (72.0, 277.0), (20.0, 150.0), (66.0, 150.0), (9.0, 72.0), (72.0, 71.0), (-2.0, 8.0), (73.0, 4.0), (0, 0), (68.0, -1.0), (-7.0, -26.0), (81.0, -29.0)]
[(42.0, 286.0), (33.0, 295.0), (47.0, 295.0), (1.0, 265.0), (71.0, 268.0), (18.0, 145.0), (65.0, 144.0), (8.0, 67.0), (71.0, 66.0), (-3.0, 8.0), (72.0, 4.0), (0, 0), (67.0, -1.0), (-8.0, -26.0), (80.0, -29.0)]
[(40.0, 273.0), (31.0, 282.0), (46.0, 283.0), (1.0, 257.0), (71.0, 259.0), (18.0, 141.0), (65.0, 140.0), (7.0, 64.0), (71.0, 63.0), (-3.0, 6.0), (72.0, 3.0), (0, 0), (67.0, -2.0), (-8.0, -28.0), (80.0, -30.0)]
[(35.0, 262.0), (28.0, 272.0), (43.0, 273.0), (2.0, 250.0), (70.0, 251.0), (17.0, 139.0), (64.0, 137.0), (6.0, 64.0), (70.0, 63.0), (-4.0, 5.0), (70.0, 3.0), (0, 0), (65.0, -2.0), (-9.0, -28.0), (79.0, -30.0)]
[(39.0, 257.0), (31.0, 266.0), (46.0, 267.0), (6.0, 243.0), (74.0, 243.0), (21.0, 137.0), (68.0, 135.0), (10.0, 64.0), (74.0, 64.0), (-2.0, 5.0), (75.0, 4.0), (0, 0), (70.0, -1.0), (-5.0, -28.0), (83.0, -29.0)]
[(39.0, 242.0), (32.0, 253.0), (46.0, 253.0), (6.0, 236.0), (74.0, 237.0), (21.0, 136.0), (67.0, 134.0), (11.0, 65.0), (74.0, 67.0), (-2.0, 5.0), (75.0, 4.0), (0, 0), (70.0, -1.0), (-4.0, -28.0), (83.0, -29.0)]
[(41.0, 234.0), (33.0, 244.0), (48.0, 245.0), (6.0, 224.0), (74.0, 232.0), (21.0, 133.0), (67.0, 132.0), (11.0, 64.0), (74.0, 68.0), (-3.0, 5.0), (75.0, 5.0), (0, 0), (70.0, 0.0), (-4.0, -28.0), (83.0, -29.0)]
[(42.0, 222.0), (35.0, 233.0), (49.0, 233.0), (7.0, 219.0), (76.0, 224.0), (22.0, 132.0), (67.0, 132.0), (12.0, 66.0), (75.0, 72.0), (-2.0, 6.0), (76.0, 8.0), (0, 0), (71.0, 2.0), (-3.0, -26.0), (84.0, -27.0)]
[(48.0, 188.0), (41.0, 197.0), (55.0, 197.0), (9.0, 195.0), (81.0, 191.0), (22.0, 128.0), (65.0, 127.0), (16.0, 66.0), (72.0, 73.0), (-0.0, 6.0), (78.0, 8.0), (0, 0), (73.0, 2.0), (-1.0, -27.0), (86.0, -27.0)]
[(50.0, 177.0), (43.0, 186.0), (57.0, 185.0), (9.0, 187.0), (82.0, 183.0), (22.0, 129.0), (65.0, 127.0), (21.0, 64.0), (71.0, 74.0), (-0.0, 7.0), (78.0, 7.0), (0, 0), (74.0, 2.0), (0.0, -27.0), (85.0, -27.0)]
[(52.0, 174.0), (44.0, 184.0), (59.0, 184.0), (9.0, 181.0), (84.0, 176.0), (21.0, 124.0), (62.0, 120.0), (23.0, 64.0), (72.0, 71.0), (-0.0, 8.0), (78.0, 7.0), (0, 0), (75.0, 2.0), (0.0, -26.0), (85.0, -25.0)]
[(52.0, 166.0), (43.0, 176.0), (59.0, 176.0), (9.0, 172.0), (86.0, 169.0), (19.0, 124.0), (63.0, 119.0), (22.0, 68.0), (73.0, 71.0), (-0.0, 7.0), (78.0, 7.0), (0, 0), (75.0, 1.0), (0.0, -26.0), (85.0, -25.0)]
[(52.0, 161.0), (43.0, 170.0), (59.0, 169.0), (9.0, 172.0), (87.0, 166.0), (19.0, 120.0), (63.0, 114.0), (21.0, 78.0), (74.0, 73.0), (-0.0, 7.0), (78.0, 8.0), (0, 0), (75.0, 2.0), (0.0, -27.0), (85.0, -24.0)]
[(50.0, 154.0), (42.0, 163.0), (58.0, 163.0), (8.0, 164.0), (87.0, 159.0), (18.0, 112.0), (62.0, 104.0), (20.0, 75.0), (73.0, 70.0), (-0.0, 5.0), (77.0, 6.0), (0, 0), (74.0, 1.0), (-1.0, -30.0), (84.0, -27.0)]
[(49.0, 152.0), (41.0, 162.0), (57.0, 161.0), (7.0, 162.0), (86.0, 156.0), (17.0, 109.0), (62.0, 101.0), (19.0, 78.0), (75.0, 70.0), (-0.0, 4.0), (76.0, 5.0), (0, 0), (74.0, 0.0), (-2.0, -31.0), (83.0, -28.0)]
[(48.0, 148.0), (39.0, 158.0), (56.0, 158.0), (7.0, 158.0), (85.0, 152.0), (17.0, 105.0), (61.0, 100.0), (18.0, 76.0), (78.0, 68.0), (-1.0, 4.0), (76.0, 4.0), (0, 0), (73.0, -2.0), (-3.0, -33.0), (82.0, -29.0)]
[(47.0, 147.0), (38.0, 157.0), (55.0, 157.0), (6.0, 157.0), (85.0, 148.0), (16.0, 105.0), (60.0, 100.0), (17.0, 72.0), (76.0, 64.0), (-1.0, 3.0), (75.0, 2.0), (0, 0), (73.0, -4.0), (-4.0, -35.0), (81.0, -31.0)]
[(47.0, 150.0), (38.0, 159.0), (55.0, 160.0), (6.0, 156.0), (84.0, 149.0), (17.0, 106.0), (61.0, 100.0), (17.0, 74.0), (76.0, 64.0), (-1.0, 3.0), (75.0, 2.0), (0, 0), (73.0, -4.0), (-4.0, -35.0), (81.0, -31.0)]
[(46.0, 154.0), (38.0, 163.0), (55.0, 163.0), (6.0, 159.0), (84.0, 152.0), (17.0, 105.0), (61.0, 100.0), (17.0, 74.0), (76.0, 64.0), (-1.0, 4.0), (75.0, 3.0), (0, 0), (73.0, -3.0), (-4.0, -34.0), (81.0, -30.0)]
[(46.0, 157.0), (37.0, 167.0), (55.0, 167.0), (7.0, 161.0), (84.0, 155.0), (17.0, 105.0), (61.0, 99.0), (17.0, 75.0), (76.0, 68.0), (-1.0, 4.0), (75.0, 3.0), (0, 0), (73.0, -3.0), (-4.0, -34.0), (81.0, -31.0)]
[(44.0, 160.0), (35.0, 169.0), (53.0, 172.0), (6.0, 162.0), (82.0, 157.0), (17.0, 106.0), (61.0, 100.0), (16.0, 78.0), (75.0, 72.0), (-1.0, 5.0), (75.0, 3.0), (0, 0), (72.0, -3.0), (-5.0, -34.0), (80.0, -31.0)]
[(44.0, 170.0), (35.0, 178.0), (53.0, 181.0), (6.0, 166.0), (80.0, 163.0), (17.0, 107.0), (61.0, 103.0), (15.0, 72.0), (75.0, 72.0), (-1.0, 5.0), (75.0, 3.0), (0, 0), (73.0, -5.0), (-5.0, -34.0), (80.0, -32.0)]
[(44.0, 181.0), (35.0, 189.0), (52.0, 191.0), (5.0, 175.0), (78.0, 172.0), (17.0, 107.0), (60.0, 104.0), (14.0, 71.0), (75.0, 62.0), (-1.0, 5.0), (75.0, 2.0), (0, 0), (72.0, -5.0), (-5.0, -33.0), (80.0, -32.0)]
[(44.0, 189.0), (35.0, 197.0), (52.0, 199.0), (6.0, 183.0), (79.0, 178.0), (17.0, 109.0), (61.0, 107.0), (17.0, 73.0), (77.0, 67.0), (-0.0, 5.0), (76.0, 2.0), (0, 0), (73.0, -5.0), (-4.0, -33.0), (81.0, -32.0)]
[(44.0, 201.0), (35.0, 208.0), (51.0, 210.0), (5.0, 188.0), (77.0, 186.0), (17.0, 115.0), (61.0, 113.0), (17.0, 73.0), (77.0, 69.0), (-0.0, 5.0), (76.0, 3.0), (0, 0), (73.0, -4.0), (-4.0, -32.0), (80.0, -31.0)]
[(45.0, 215.0), (37.0, 222.0), (52.0, 225.0), (5.0, 200.0), (77.0, 201.0), (18.0, 122.0), (63.0, 122.0), (16.0, 67.0), (75.0, 69.0), (-0.0, 6.0), (77.0, 5.0), (0, 0), (74.0, -2.0), (-3.0, -30.0), (82.0, -29.0)]
[(44.0, 227.0), (36.0, 235.0), (52.0, 237.0), (5.0, 214.0), (78.0, 209.0), (18.0, 131.0), (63.0, 130.0), (15.0, 67.0), (75.0, 69.0), (-0.0, 6.0), (77.0, 6.0), (0, 0), (74.0, -1.0), (-3.0, -29.0), (82.0, -28.0)]
[(45.0, 289.0), (37.0, 299.0), (53.0, 299.0), (4.0, 255.0), (80.0, 249.0), (18.0, 155.0), (63.0, 154.0), (13.0, 72.0), (75.0, 72.0), (-0.0, 9.0), (77.0, 9.0), (0, 0), (74.0, 1.0), (-3.0, -25.0), (83.0, -24.0)]
[(46.0, 305.0), (39.0, 312.0), (54.0, 312.0), (3.0, 266.0), (80.0, 262.0), (18.0, 158.0), (64.0, 157.0), (10.0, 73.0), (77.0, 73.0), (-1.0, 8.0), (77.0, 9.0), (0, 0), (72.0, 1.0), (-4.0, -24.0), (84.0, -24.0)]
[(47.0, 315.0), (39.0, 324.0), (54.0, 324.0), (2.0, 273.0), (81.0, 273.0), (18.0, 161.0), (64.0, 160.0), (8.0, 75.0), (77.0, 75.0), (-1.0, 9.0), (76.0, 9.0), (0, 0), (71.0, 1.0), (-5.0, -24.0), (84.0, -24.0)]
[(47.0, 327.0), (39.0, 336.0), (54.0, 336.0), (-0.0, 282.0), (81.0, 281.0), (17.0, 167.0), (63.0, 166.0), (6.0, 79.0), (76.0, 78.0), (-2.0, 9.0), (74.0, 9.0), (0, 0), (67.0, 1.0), (-6.0, -23.0), (83.0, -23.0)]
[(48.0, 337.0), (39.0, 346.0), (55.0, 345.0), (-0.0, 290.0), (81.0, 288.0), (17.0, 172.0), (64.0, 171.0), (5.0, 82.0), (76.0, 80.0), (-2.0, 11.0), (74.0, 9.0), (0, 0), (67.0, 1.0), (-7.0, -22.0), (82.0, -23.0)]
[(48.0, 341.0), (39.0, 350.0), (55.0, 350.0), (-1.0, 295.0), (83.0, 292.0), (17.0, 175.0), (65.0, 174.0), (4.0, 85.0), (76.0, 82.0), (-2.0, 11.0), (74.0, 9.0), (0, 0), (67.0, 1.0), (-8.0, -21.0), (81.0, -23.0)]
[(47.0, 346.0), (39.0, 356.0), (54.0, 356.0), (-1.0, 297.0), (84.0, 295.0), (16.0, 180.0), (64.0, 178.0), (3.0, 90.0), (74.0, 87.0), (-3.0, 12.0), (73.0, 10.0), (0, 0), (66.0, 1.0), (-9.0, -20.0), (80.0, -22.0)]
[(48.0, 354.0), (39.0, 363.0), (56.0, 363.0), (-1.0, 302.0), (86.0, 298.0), (16.0, 182.0), (64.0, 180.0), (3.0, 91.0), (73.0, 88.0), (-3.0, 12.0), (71.0, 11.0), (0, 0), (65.0, 3.0), (-10.0, -20.0), (79.0, -22.0)]
[(49.0, 357.0), (40.0, 365.0), (56.0, 365.0), (1.0, 305.0), (87.0, 301.0), (16.0, 183.0), (65.0, 181.0), (2.0, 92.0), (73.0, 89.0), (-3.0, 13.0), (71.0, 12.0), (0, 0), (65.0, 3.0), (-10.0, -20.0), (79.0, -22.0)]
[(49.0, 358.0), (40.0, 366.0), (56.0, 366.0), (2.0, 307.0), (88.0, 302.0), (16.0, 184.0), (65.0, 182.0), (2.0, 93.0), (73.0, 90.0), (-3.0, 13.0), (72.0, 13.0), (0, 0), (65.0, 4.0), (-11.0, -20.0), (80.0, -21.0)]