[(28.0, 378.0), (20.0, 387.0), (37.0, 387.0), (-18.0, 327.0), (72.0, 324.0), (2.0, 195.0), (53.0, 195.0), (-9.0, 99.0), (66.0, 99.0), (-8.0, 14.0), (69.0, 18.0), (0, 0), (64.0, 7.0), (-28.0, -18.0), (79.0, -14.0)]
[(28.0, 379.0), (20.0, 388.0), (37.0, 389.0), (-17.0, 327.0), (71.0, 325.0), (2.0, 194.0), (53.0, 194.0), (-9.0, 98.0), (65.0, 99.0), (-8.0, 13.0), (69.0, 18.0), (0, 0), (64.0, 7.0), (-28.0, -18.0), (79.0, -14.0)]
[(28.0, 379.0), (20.0, 389.0), (37.0, 389.0), (-18.0, 327.0), (71.0, 325.0), (1.0, 192.0), (53.0, 192.0), (-8.0, 97.0), (65.0, 98.0), (-8.0, 13.0), (68.0, 18.0), (0, 0), (64.0, 7.0), (-28.0, -18.0), (79.0, -15.0)]
[(28.0, 378.0), (19.0, 388.0), (37.0, 388.0), (-18.0, 328.0), (70.0, 325.0), (-1.0, 192.0), (52.0, 192.0), (-9.0, 97.0), (63.0, 97.0), (-8.0, 13.0), (67.0, 18.0), (0, 0), (63.0, 7.0), (-29.0, -18.0), (78.0, -15.0)]
[(28.0, 379.0), (19.0, 388.0), (37.0, 388.0), (-18.0, 328.0), (70.0, 326.0), (-1.0, 192.0), (52.0, 193.0), (-8.0, 98.0), (63.0, 97.0), (-8.0, 13.0), (67.0, 18.0), (0, 0), (63.0, 7.0), (-29.0, -18.0), (78.0, -15.0)]
[(28.0, 378.0), (19.0, 388.0), (38.0, 388.0), (-18.0, 328.0), (70.0, 325.0), (-1.0, 192.0), (52.0, 192.0), (-8.0, 98.0), (63.0, 97.0), (-8.0, 13.0), (67.0, 18.0), (0, 0), (63.0, 7.0), (-29.0, -18.0), (78.0, -15.0)]
[(29.0, 379.0), (20.0, 389.0), (38.0, 389.0), (-18.0, 328.0), (70.0, 326.0), (-1.0, 192.0), (52.0, 192.0), (-8.0, 97.0), (63.0, 97.0), (-8.0, 13.0), (67.0, 19.0), (0, 0), (63.0, 7.0), (-29.0, -19.0), (78.0, -15.0)]
[(30.0, 379.0), (20.0, 389.0), (39.0, 389.0), (-18.0, 328.0), (70.0, 326.0), (-2.0, 193.0), (52.0, 193.0), (-8.0, 98.0), (63.0, 97.0), (-8.0, 14.0), (67.0, 19.0), (0, 0), (63.0, 7.0), (-29.0, -18.0), (78.0, -15.0)]
[(30.0, 380.0), (21.0, 389.0), (39.0, 389.0), (-18.0, 327.0), (71.0, 325.0), (-2.0, 193.0), (52.0, 192.0), (-9.0, 98.0), (63.0, 97.0), (-9.0, 14.0), (67.0, 19.0), (0, 0), (63.0, 8.0), (-29.0, -19.0), (78.0, -15.0)]
[(32.0, 378.0), (22.0, 388.0), (40.0, 388.0), (-16.0, 326.0), (72.0, 324.0), (-1.0, 192.0), (52.0, 191.0), (-9.0, 97.0), (64.0, 96.0), (-8.0, 13.0), (68.0, 18.0), (0, 0), (64.0, 7.0), (-28.0, -20.0), (79.0, -15.0)]
[(34.0, 379.0), (23.0, 388.0), (42.0, 388.0), (-15.0, 327.0), (73.0, 325.0), (-0.0, 193.0), (53.0, 193.0), (-9.0, 97.0), (65.0, 96.0), (-7.0, 13.0), (69.0, 18.0), (0, 0), (65.0, 7.0), (-28.0, -20.0), (80.0, -15.0)]
[(37.0, 380.0), (27.0, 389.0), (46.0, 389.0), (-11.0, 327.0), (76.0, 324.0), (3.0, 194.0), (56.0, 193.0), (-7.0, 97.0), (68.0, 96.0), (-7.0, 13.0), (75.0, 19.0), (0, 0), (71.0, 8.0), (-25.0, -20.0), (83.0, -15.0)]
[(44.0, 380.0), (34.0, 389.0), (53.0, 389.0), (-4.0, 327.0), (84.0, 324.0), (10.0, 195.0), (63.0, 193.0), (-2.0, 97.0), (76.0, 95.0), (-4.0, 13.0), (84.0, 19.0), (0, 0), (81.0, 8.0), (-17.0, -22.0), (90.0, -16.0)]
[(49.0, 378.0), (40.0, 387.0), (58.0, 387.0), (1.0, 324.0), (89.0, 322.0), (15.0, 192.0), (68.0, 191.0), (2.0, 96.0), (81.0, 93.0), (-3.0, 11.0), (92.0, 17.0), (0, 0), (91.0, 7.0), (-11.0, -24.0), (95.0, -18.0)]
[(51.0, 375.0), (42.0, 385.0), (60.0, 385.0), (3.0, 322.0), (91.0, 319.0), (17.0, 190.0), (70.0, 189.0), (2.0, 94.0), (84.0, 92.0), (-2.0, 11.0), (96.0, 16.0), (0, 0), (94.0, 6.0), (-8.0, -26.0), (97.0, -19.0)]
[(51.0, 375.0), (42.0, 384.0), (60.0, 384.0), (3.0, 321.0), (91.0, 319.0), (18.0, 190.0), (71.0, 189.0), (3.0, 92.0), (86.0, 92.0), (-3.0, 11.0), (98.0, 15.0), (0, 0), (96.0, 6.0), (-7.0, -26.0), (97.0, -19.0)]
[(51.0, 375.0), (42.0, 384.0), (60.0, 384.0), (3.0, 321.0), (92.0, 319.0), (18.0, 190.0), (71.0, 189.0), (3.0, 92.0), (88.0, 93.0), (-3.0, 11.0), (97.0, 16.0), (0, 0), (96.0, 7.0), (-7.0, -26.0), (97.0, -19.0)]
[(51.0, 375.0), (42.0, 384.0), (60.0, 384.0), (3.0, 321.0), (91.0, 319.0), (19.0, 189.0), (72.0, 189.0), (4.0, 92.0), (89.0, 93.0), (-3.0, 11.0), (99.0, 16.0), (0, 0), (96.0, 7.0), (-5.0, -26.0), (98.0, -19.0)]
[(51.0, 374.0), (42.0, 383.0), (60.0, 383.0), (3.0, 320.0), (91.0, 318.0), (19.0, 188.0), (72.0, 187.0), (6.0, 91.0), (89.0, 93.0), (-2.0, 11.0), (98.0, 15.0), (0, 0), (96.0, 6.0), (-4.0, -27.0), (99.0, -20.0)]
[(50.0, 373.0), (41.0, 382.0), (59.0, 382.0), (2.0, 319.0), (91.0, 317.0), (19.0, 187.0), (72.0, 186.0), (8.0, 90.0), (89.0, 92.0), (-2.0, 11.0), (98.0, 15.0), (0, 0), (96.0, 6.0), (-3.0, -28.0), (99.0, -21.0)]
[(50.0, 372.0), (41.0, 381.0), (59.0, 381.0), (2.0, 318.0), (91.0, 316.0), (19.0, 186.0), (73.0, 185.0), (9.0, 89.0), (89.0, 91.0), (-2.0, 10.0), (98.0, 14.0), (0, 0), (96.0, 5.0), (-3.0, -29.0), (99.0, -22.0)]
[(49.0, 372.0), (41.0, 382.0), (59.0, 382.0), (2.0, 318.0), (91.0, 316.0), (19.0, 186.0), (73.0, 185.0), (9.0, 89.0), (89.0, 91.0), (-1.0, 10.0), (98.0, 15.0), (0, 0), (96.0, 6.0), (-2.0, -29.0), (99.0, -22.0)]
[(49.0, 373.0), (40.0, 382.0), (59.0, 382.0), (1.0, 318.0), (91.0, 316.0), (19.0, 186.0), (73.0, 185.0), (10.0, 89.0), (89.0, 91.0), (-1.0, 11.0), (98.0, 15.0), (0, 0), (96.0, 6.0), (-2.0, -29.0), (99.0, -22.0)]
[(48.0, 373.0), (40.0, 382.0), (58.0, 382.0), (-0.0, 318.0), (91.0, 316.0), (20.0, 186.0), (73.0, 186.0), (10.0, 89.0), (88.0, 91.0), (-1.0, 11.0), (98.0, 15.0), (0, 0), (97.0, 7.0), (-2.0, -29.0), (99.0, -22.0)]
[(48.0, 373.0), (40.0, 382.0), (58.0, 382.0), (-0.0, 318.0), (91.0, 316.0), (20.0, 186.0), (73.0, 186.0), (10.0, 89.0), (88.0, 91.0), (-1.0, 11.0), (97.0, 15.0), (0, 0), (97.0, 7.0), (-2.0, -28.0), (98.0, -22.0)]
[(49.0, 373.0), (40.0, 382.0), (58.0, 382.0), (1.0, 318.0), (92.0, 316.0), (21.0, 186.0), (74.0, 186.0), (11.0, 89.0), (88.0, 91.0), (-0.0, 11.0), (98.0, 16.0), (0, 0), (97.0, 8.0), (-1.0, -29.0), (99.0, -22.0)]
[(49.0, 373.0), (40.0, 382.0), (58.0, 382.0), (1.0, 318.0), (91.0, 316.0), (21.0, 186.0), (74.0, 186.0), (11.0, 90.0), (87.0, 93.0), (-0.0, 11.0), (98.0, 16.0), (0, 0), (98.0, 8.0), (-1.0, -27.0), (99.0, -21.0)]
[(49.0, 374.0), (40.0, 383.0), (58.0, 383.0), (1.0, 319.0), (91.0, 317.0), (21.0, 187.0), (74.0, 187.0), (11.0, 91.0), (86.0, 94.0), (-0.0, 12.0), (98.0, 17.0), (0, 0), (98.0, 9.0), (-1.0, -26.0), (99.0, -19.0)]
[(49.0, 374.0), (40.0, 383.0), (58.0, 383.0), (1.0, 319.0), (91.0, 317.0), (21.0, 187.0), (74.0, 187.0), (11.0, 91.0), (86.0, 94.0), (-0.0, 12.0), (98.0, 17.0), (0, 0), (98.0, 9.0), (-1.0, -25.0), (99.0, -19.0)]
[(49.0, 374.0), (40.0, 383.0), (58.0, 383.0), (1.0, 319.0), (91.0, 318.0), (21.0, 187.0), (74.0, 187.0), (12.0, 93.0), (85.0, 95.0), (-0.0, 13.0), (98.0, 18.0), (0, 0), (98.0, 10.0), (-1.0, -25.0), (98.0, -19.0)]
[(49.0, 373.0), (40.0, 382.0), (58.0, 382.0), (1.0, 318.0), (91.0, 317.0), (21.0, 186.0), (73.0, 186.0), (12.0, 92.0), (84.0, 94.0), (-0.0, 13.0), (97.0, 17.0), (0, 0), (98.0, 9.0), (-1.0, -25.0), (98.0, -20.0)]
[(49.0, 372.0), (40.0, 381.0), (58.0, 381.0), (1.0, 317.0), (91.0, 316.0), (21.0, 185.0), (74.0, 185.0), (11.0, 92.0), (84.0, 93.0), (-0.0, 12.0), (97.0, 16.0), (0, 0), (98.0, 8.0), (-1.0, -26.0), (97.0, -21.0)]
[(49.0, 372.0), (40.0, 381.0), (58.0, 381.0), (1.0, 317.0), (91.0, 316.0), (21.0, 185.0), (73.0, 185.0), (11.0, 92.0), (84.0, 93.0), (-0.0, 12.0), (97.0, 16.0), (0, 0), (98.0, 8.0), (0.0, -27.0), (97.0, -21.0)]
[(49.0, 372.0), (40.0, 381.0), (58.0, 381.0), (1.0, 317.0), (91.0, 316.0), (21.0, 185.0), (73.0, 185.0), (11.0, 92.0), (83.0, 93.0), (-0.0, 12.0), (97.0, 16.0), (0, 0), (98.0, 8.0), (0.0, -27.0), (97.0, -21.0)]
[(49.0, 372.0), (40.0, 381.0), (58.0, 381.0), (1.0, 317.0), (91.0, 316.0), (21.0, 185.0), (73.0, 185.0), (10.0, 92.0), (83.0, 92.0), (-0.0, 12.0), (97.0, 15.0), (0, 0), (98.0, 7.0), (0.0, -27.0), (97.0, -21.0)]
[(49.0, 372.0), (40.0, 381.0), (58.0, 381.0), (1.0, 317.0), (91.0, 316.0), (21.0, 185.0), (73.0, 184.0), (9.0, 92.0), (83.0, 91.0), (-0.0, 12.0), (97.0, 15.0), (0, 0), (99.0, 7.0), (-1.0, -26.0), (97.0, -21.0)]
[(49.0, 372.0), (40.0, 381.0), (58.0, 381.0), (1.0, 317.0), (91.0, 316.0), (21.0, 185.0), (73.0, 184.0), (8.0, 92.0), (84.0, 91.0), (-0.0, 12.0), (97.0, 15.0), (0, 0), (99.0, 7.0), (-1.0, -26.0), (96.0, -21.0)]
[(49.0, 372.0), (40.0, 381.0), (58.0, 381.0), (1.0, 316.0), (91.0, 316.0), (21.0, 185.0), (73.0, 184.0), (8.0, 91.0), (84.0, 91.0), (-1.0, 12.0), (97.0, 15.0), (0, 0), (99.0, 8.0), (-2.0, -26.0), (97.0, -21.0)]
[(48.0, 372.0), (40.0, 381.0), (58.0, 381.0), (1.0, 316.0), (91.0, 316.0), (21.0, 185.0), (73.0, 184.0), (8.0, 91.0), (84.0, 90.0), (-1.0, 12.0), (97.0, 14.0), (0, 0), (99.0, 7.0), (-2.0, -26.0), (97.0, -22.0)]
[(49.0, 371.0), (41.0, 380.0), (59.0, 381.0), (2.0, 316.0), (91.0, 316.0), (21.0, 185.0), (74.0, 184.0), (9.0, 91.0), (85.0, 90.0), (-0.0, 12.0), (98.0, 14.0), (0, 0), (100.0, 7.0), (-1.0, -26.0), (98.0, -22.0)]
[(48.0, 371.0), (40.0, 380.0), (58.0, 381.0), (1.0, 316.0), (90.0, 316.0), (20.0, 185.0), (72.0, 184.0), (9.0, 91.0), (85.0, 90.0), (-1.0, 12.0), (98.0, 14.0), (0, 0), (99.0, 6.0), (-2.0, -26.0), (98.0, -22.0)]
[(48.0, 372.0), (40.0, 381.0), (58.0, 382.0), (1.0, 318.0), (90.0, 317.0), (20.0, 186.0), (73.0, 185.0), (9.0, 92.0), (85.0, 91.0), (-1.0, 12.0), (98.0, 14.0), (0, 0), (99.0, 7.0), (-2.0, -25.0), (99.0, -21.0)]
[(48.0, 371.0), (40.0, 380.0), (58.0, 381.0), (1.0, 317.0), (90.0, 316.0), (20.0, 185.0), (73.0, 184.0), (9.0, 91.0), (86.0, 90.0), (-1.0, 12.0), (98.0, 13.0), (0, 0), (99.0, 6.0), (-2.0, -26.0), (99.0, -22.0)]
[(48.0, 371.0), (40.0, 380.0), (58.0, 380.0), (1.0, 317.0), (90.0, 316.0), (20.0, 185.0), (73.0, 184.0), (9.0, 90.0), (86.0, 89.0), (-1.0, 12.0), (98.0, 11.0), (0, 0), (99.0, 4.0), (-2.0, -26.0), (99.0, -24.0)]
[(48.0, 371.0), (40.0, 380.0), (58.0, 380.0), (1.0, 317.0), (90.0, 316.0), (20.0, 185.0), (73.0, 184.0), (9.0, 90.0), (87.0, 89.0), (-0.0, 12.0), (99.0, 11.0), (0, 0), (99.0, 4.0), (-2.0, -27.0), (100.0, -24.0)]
[(48.0, 371.0), (39.0, 380.0), (58.0, 381.0), (1.0, 317.0), (90.0, 316.0), (20.0, 185.0), (73.0, 184.0), (9.0, 90.0), (87.0, 89.0), (-0.0, 12.0), (99.0, 11.0), (0, 0), (99.0, 3.0), (-2.0, -27.0), (100.0, -24.0)]
[(48.0, 371.0), (39.0, 380.0), (57.0, 381.0), (1.0, 317.0), (90.0, 316.0), (20.0, 185.0), (73.0, 184.0), (11.0, 90.0), (87.0, 90.0), (-0.0, 12.0), (99.0, 12.0), (0, 0), (99.0, 4.0), (-2.0, -27.0), (100.0, -24.0)]
[(48.0, 371.0), (39.0, 380.0), (57.0, 381.0), (1.0, 316.0), (90.0, 316.0), (20.0, 185.0), (73.0, 184.0), (12.0, 90.0), (87.0, 90.0), (-0.0, 12.0), (98.0, 12.0), (0, 0), (99.0, 5.0), (-1.0, -27.0), (100.0, -24.0)]
[(48.0, 371.0), (39.0, 380.0), (57.0, 381.0), (1.0, 316.0), (90.0, 316.0), (20.0, 185.0), (73.0, 184.0), (12.0, 90.0), (87.0, 90.0), (-0.0, 12.0), (98.0, 12.0), (0, 0), (99.0, 5.0), (-2.0, -26.0), (99.0, -24.0)]
[(48.0, 371.0), (39.0, 380.0), (57.0, 381.0), (1.0, 316.0), (90.0, 316.0), (20.0, 185.0), (73.0, 184.0), (12.0, 90.0), (87.0, 90.0), (-0.0, 12.0), (98.0, 12.0), (0, 0), (99.0, 5.0), (-2.0, -26.0), (99.0, -24.0)]
[(48.0, 371.0), (39.0, 380.0), (57.0, 381.0), (1.0, 316.0), (90.0, 316.0), (20.0, 185.0), (73.0, 184.0), (12.0, 90.0), (86.0, 90.0), (-0.0, 12.0), (98.0, 12.0), (0, 0), (99.0, 5.0), (-2.0, -26.0), (99.0, -24.0)]
[(48.0, 371.0), (39.0, 380.0), (58.0, 381.0), (1.0, 316.0), (90.0, 316.0), (20.0, 184.0), (73.0, 184.0), (12.0, 89.0), (86.0, 89.0), (-0.0, 12.0), (98.0, 12.0), (0, 0), (99.0, 5.0), (-1.0, -26.0), (99.0, -24.0)]
[(48.0, 371.0), (39.0, 380.0), (58.0, 381.0), (1.0, 316.0), (90.0, 316.0), (20.0, 184.0), (73.0, 184.0), (12.0, 89.0), (86.0, 89.0), (-0.0, 12.0), (98.0, 12.0), (0, 0), (99.0, 5.0), (-1.0, -26.0), (99.0, -24.0)]
[(49.0, 371.0), (40.0, 380.0), (58.0, 381.0), (2.0, 316.0), (91.0, 316.0), (21.0, 184.0), (74.0, 184.0), (13.0, 89.0), (86.0, 90.0), (1.0, 12.0), (99.0, 12.0), (0, 0), (100.0, 5.0), (0.0, -26.0), (100.0, -23.0)]
[(48.0, 371.0), (39.0, 380.0), (57.0, 380.0), (1.0, 316.0), (90.0, 316.0), (20.0, 184.0), (73.0, 184.0), (12.0, 89.0), (85.0, 88.0), (-0.0, 12.0), (98.0, 12.0), (0, 0), (99.0, 4.0), (-1.0, -26.0), (99.0, -23.0)]
[(49.0, 372.0), (40.0, 381.0), (58.0, 381.0), (2.0, 317.0), (91.0, 317.0), (21.0, 185.0), (74.0, 185.0), (12.0, 89.0), (86.0, 88.0), (-0.0, 12.0), (99.0, 13.0), (0, 0), (99.0, 5.0), (0.0, -26.0), (100.0, -23.0)]
[(49.0, 372.0), (40.0, 381.0), (58.0, 381.0), (2.0, 317.0), (91.0, 316.0), (21.0, 185.0), (74.0, 184.0), (12.0, 89.0), (86.0, 87.0), (-0.0, 12.0), (99.0, 13.0), (0, 0), (99.0, 5.0), (0.0, -26.0), (100.0, -23.0)]
[(49.0, 371.0), (40.0, 380.0), (58.0, 381.0), (2.0, 317.0), (91.0, 316.0), (21.0, 185.0), (74.0, 184.0), (12.0, 89.0), (86.0, 87.0), (-0.0, 12.0), (99.0, 13.0), (0, 0), (99.0, 5.0), (0.0, -26.0), (100.0, -22.0)]
[(49.0, 372.0), (40.0, 381.0), (58.0, 382.0), (2.0, 318.0), (91.0, 317.0), (21.0, 186.0), (73.0, 185.0), (12.0, 90.0), (85.0, 88.0), (-0.0, 12.0), (99.0, 14.0), (0, 0), (99.0, 6.0), (0.0, -26.0), (100.0, -22.0)]
[(49.0, 372.0), (40.0, 381.0), (58.0, 382.0), (2.0, 318.0), (91.0, 317.0), (21.0, 186.0), (74.0, 185.0), (11.0, 90.0), (85.0, 88.0), (-0.0, 11.0), (99.0, 13.0), (0, 0), (100.0, 5.0), (0.0, -26.0), (100.0, -22.0)]
[(49.0, 372.0), (40.0, 381.0), (58.0, 382.0), (2.0, 318.0), (91.0, 316.0), (21.0, 185.0), (74.0, 184.0), (11.0, 90.0), (85.0, 88.0), (-0.0, 11.0), (99.0, 14.0), (0, 0), (100.0, 6.0), (0.0, -26.0), (100.0, -22.0)]
[(49.0, 373.0), (40.0, 382.0), (58.0, 383.0), (1.0, 318.0), (91.0, 317.0), (21.0, 185.0), (74.0, 185.0), (11.0, 91.0), (85.0, 89.0), (-0.0, 11.0), (98.0, 15.0), (0, 0), (100.0, 7.0), (0.0, -25.0), (100.0, -21.0)]
[(49.0, 372.0), (40.0, 381.0), (58.0, 382.0), (1.0, 317.0), (91.0, 316.0), (21.0, 184.0), (74.0, 184.0), (12.0, 90.0), (85.0, 88.0), (-0.0, 12.0), (98.0, 14.0), (0, 0), (98.0, 6.0), (-1.0, -25.0), (100.0, -22.0)]
[(49.0, 372.0), (40.0, 381.0), (58.0, 382.0), (1.0, 316.0), (91.0, 316.0), (21.0, 184.0), (74.0, 183.0), (12.0, 90.0), (85.0, 88.0), (-0.0, 12.0), (98.0, 14.0), (0, 0), (98.0, 5.0), (-1.0, -25.0), (100.0, -22.0)]
[(49.0, 373.0), (40.0, 382.0), (58.0, 382.0), (1.0, 317.0), (91.0, 316.0), (21.0, 184.0), (74.0, 184.0), (12.0, 91.0), (85.0, 89.0), (-0.0, 13.0), (98.0, 15.0), (0, 0), (98.0, 7.0), (-1.0, -23.0), (100.0, -21.0)]
[(48.0, 374.0), (40.0, 383.0), (58.0, 383.0), (1.0, 318.0), (91.0, 317.0), (21.0, 185.0), (74.0, 184.0), (12.0, 91.0), (85.0, 89.0), (-0.0, 12.0), (98.0, 16.0), (0, 0), (99.0, 8.0), (-2.0, -22.0), (99.0, -20.0)]
[(48.0, 376.0), (40.0, 385.0), (58.0, 385.0), (1.0, 319.0), (91.0, 319.0), (21.0, 187.0), (74.0, 186.0), (11.0, 92.0), (85.0, 90.0), (-1.0, 14.0), (98.0, 18.0), (0, 0), (99.0, 10.0), (-2.0, -20.0), (99.0, -18.0)]
[(49.0, 375.0), (41.0, 384.0), (59.0, 384.0), (2.0, 318.0), (92.0, 319.0), (22.0, 186.0), (75.0, 186.0), (12.0, 92.0), (86.0, 90.0), (-0.0, 13.0), (99.0, 17.0), (0, 0), (100.0, 9.0), (-2.0, -20.0), (100.0, -18.0)]
[(49.0, 375.0), (41.0, 383.0), (59.0, 383.0), (2.0, 318.0), (92.0, 319.0), (22.0, 186.0), (75.0, 186.0), (12.0, 92.0), (87.0, 90.0), (-0.0, 13.0), (99.0, 17.0), (0, 0), (100.0, 10.0), (-3.0, -19.0), (100.0, -18.0)]
[(49.0, 374.0), (40.0, 382.0), (58.0, 382.0), (2.0, 318.0), (92.0, 318.0), (23.0, 185.0), (74.0, 185.0), (11.0, 92.0), (87.0, 89.0), (-0.0, 13.0), (99.0, 17.0), (0, 0), (100.0, 10.0), (-4.0, -19.0), (100.0, -18.0)]
[(49.0, 373.0), (40.0, 382.0), (58.0, 382.0), (2.0, 316.0), (92.0, 318.0), (23.0, 184.0), (74.0, 184.0), (10.0, 92.0), (88.0, 88.0), (-1.0, 13.0), (99.0, 17.0), (0, 0), (100.0, 10.0), (-4.0, -18.0), (100.0, -18.0)]
[(49.0, 372.0), (40.0, 380.0), (58.0, 380.0), (2.0, 314.0), (92.0, 316.0), (24.0, 181.0), (74.0, 183.0), (10.0, 90.0), (91.0, 88.0), (-1.0, 13.0), (99.0, 18.0), (0, 0), (100.0, 10.0), (-4.0, -18.0), (101.0, -18.0)]
[(49.0, 369.0), (40.0, 377.0), (58.0, 377.0), (2.0, 314.0), (91.0, 315.0), (25.0, 178.0), (75.0, 181.0), (11.0, 87.0), (91.0, 87.0), (-1.0, 13.0), (99.0, 18.0), (0, 0), (99.0, 10.0), (-5.0, -18.0), (101.0, -18.0)]
[(48.0, 367.0), (40.0, 375.0), (58.0, 375.0), (2.0, 314.0), (91.0, 314.0), (25.0, 178.0), (74.0, 180.0), (11.0, 87.0), (90.0, 87.0), (-1.0, 13.0), (99.0, 17.0), (0, 0), (99.0, 10.0), (-5.0, -18.0), (101.0, -17.0)]
[(48.0, 364.0), (39.0, 373.0), (57.0, 373.0), (2.0, 313.0), (90.0, 313.0), (25.0, 177.0), (74.0, 179.0), (12.0, 86.0), (90.0, 86.0), (-0.0, 12.0), (97.0, 16.0), (0, 0), (97.0, 9.0), (-4.0, -19.0), (100.0, -19.0)]
[(48.0, 363.0), (39.0, 371.0), (56.0, 372.0), (2.0, 312.0), (90.0, 312.0), (25.0, 177.0), (74.0, 179.0), (13.0, 86.0), (90.0, 86.0), (-0.0, 12.0), (97.0, 15.0), (0, 0), (97.0, 8.0), (-4.0, -19.0), (100.0, -19.0)]
[(47.0, 360.0), (39.0, 368.0), (56.0, 369.0), (2.0, 312.0), (89.0, 312.0), (25.0, 177.0), (74.0, 178.0), (14.0, 85.0), (90.0, 86.0), (-1.0, 12.0), (97.0, 15.0), (0, 0), (97.0, 8.0), (-4.0, -20.0), (99.0, -19.0)]
[(47.0, 354.0), (39.0, 362.0), (55.0, 362.0), (3.0, 309.0), (88.0, 310.0), (26.0, 171.0), (76.0, 172.0), (14.0, 81.0), (90.0, 83.0), (-0.0, 11.0), (97.0, 15.0), (0, 0), (97.0, 8.0), (-5.0, -20.0), (99.0, -19.0)]
[(46.0, 350.0), (38.0, 359.0), (54.0, 359.0), (3.0, 308.0), (86.0, 309.0), (25.0, 169.0), (75.0, 170.0), (13.0, 80.0), (89.0, 81.0), (-1.0, 11.0), (96.0, 13.0), (0, 0), (96.0, 8.0), (-7.0, -20.0), (98.0, -19.0)]
[(44.0, 345.0), (36.0, 353.0), (51.0, 353.0), (-0.0, 304.0), (84.0, 305.0), (23.0, 164.0), (73.0, 166.0), (11.0, 77.0), (87.0, 79.0), (-3.0, 9.0), (94.0, 11.0), (0, 0), (94.0, 6.0), (-9.0, -21.0), (96.0, -20.0)]
[(43.0, 337.0), (35.0, 346.0), (50.0, 346.0), (2.0, 298.0), (84.0, 300.0), (23.0, 159.0), (73.0, 160.0), (11.0, 75.0), (87.0, 77.0), (-2.0, 9.0), (94.0, 9.0), (0, 0), (94.0, 3.0), (-9.0, -21.0), (97.0, -20.0)]
[(43.0, 335.0), (35.0, 344.0), (50.0, 343.0), (2.0, 297.0), (83.0, 299.0), (23.0, 160.0), (73.0, 160.0), (11.0, 77.0), (85.0, 76.0), (-3.0, 9.0), (94.0, 11.0), (0, 0), (94.0, 5.0), (-9.0, -19.0), (96.0, -18.0)]
[(44.0, 331.0), (36.0, 338.0), (51.0, 339.0), (4.0, 293.0), (84.0, 296.0), (24.0, 160.0), (75.0, 159.0), (12.0, 78.0), (86.0, 75.0), (-2.0, 10.0), (95.0, 12.0), (0, 0), (95.0, 7.0), (-9.0, -17.0), (97.0, -17.0)]
[(44.0, 326.0), (36.0, 333.0), (51.0, 334.0), (6.0, 291.0), (84.0, 293.0), (24.0, 159.0), (75.0, 158.0), (11.0, 78.0), (85.0, 74.0), (-2.0, 10.0), (95.0, 12.0), (0, 0), (96.0, 7.0), (-8.0, -17.0), (97.0, -16.0)]
[(44.0, 323.0), (36.0, 330.0), (51.0, 331.0), (6.0, 289.0), (84.0, 290.0), (24.0, 157.0), (75.0, 156.0), (11.0, 77.0), (85.0, 74.0), (-3.0, 9.0), (95.0, 13.0), (0, 0), (95.0, 8.0), (-8.0, -17.0), (97.0, -15.0)]
[(44.0, 322.0), (36.0, 329.0), (51.0, 330.0), (7.0, 285.0), (84.0, 288.0), (24.0, 155.0), (75.0, 153.0), (11.0, 75.0), (85.0, 71.0), (-3.0, 9.0), (94.0, 11.0), (0, 0), (94.0, 7.0), (-8.0, -20.0), (97.0, -16.0)]
[(44.0, 315.0), (36.0, 322.0), (51.0, 323.0), (8.0, 280.0), (84.0, 284.0), (24.0, 152.0), (75.0, 151.0), (11.0, 72.0), (84.0, 71.0), (-3.0, 8.0), (94.0, 11.0), (0, 0), (93.0, 7.0), (-8.0, -21.0), (97.0, -18.0)]
[(44.0, 308.0), (36.0, 316.0), (51.0, 316.0), (8.0, 275.0), (84.0, 276.0), (24.0, 149.0), (75.0, 148.0), (9.0, 71.0), (85.0, 70.0), (-3.0, 8.0), (94.0, 11.0), (0, 0), (92.0, 7.0), (-8.0, -21.0), (98.0, -18.0)]
[(45.0, 300.0), (37.0, 308.0), (52.0, 308.0), (9.0, 269.0), (85.0, 270.0), (25.0, 146.0), (76.0, 146.0), (10.0, 68.0), (87.0, 66.0), (-2.0, 8.0), (94.0, 9.0), (0, 0), (93.0, 6.0), (-6.0, -21.0), (99.0, -18.0)]
[(46.0, 293.0), (38.0, 301.0), (53.0, 301.0), (10.0, 262.0), (86.0, 261.0), (26.0, 144.0), (77.0, 144.0), (11.0, 68.0), (89.0, 67.0), (-2.0, 8.0), (95.0, 11.0), (0, 0), (94.0, 7.0), (-5.0, -21.0), (100.0, -17.0)]
[(46.0, 283.0), (38.0, 292.0), (53.0, 291.0), (10.0, 256.0), (86.0, 255.0), (26.0, 143.0), (77.0, 144.0), (10.0, 69.0), (90.0, 68.0), (-2.0, 8.0), (95.0, 12.0), (0, 0), (94.0, 8.0), (-4.0, -20.0), (100.0, -15.0)]
[(46.0, 279.0), (38.0, 288.0), (53.0, 288.0), (9.0, 250.0), (86.0, 250.0), (26.0, 141.0), (76.0, 144.0), (10.0, 68.0), (90.0, 68.0), (-2.0, 8.0), (95.0, 14.0), (0, 0), (94.0, 10.0), (-3.0, -19.0), (100.0, -12.0)]
[(47.0, 267.0), (39.0, 276.0), (54.0, 276.0), (10.0, 240.0), (86.0, 238.0), (27.0, 134.0), (75.0, 136.0), (10.0, 66.0), (92.0, 71.0), (-1.0, 7.0), (97.0, 17.0), (0, 0), (95.0, 12.0), (-1.0, -16.0), (102.0, -10.0)]
[(47.0, 257.0), (40.0, 265.0), (55.0, 266.0), (10.0, 230.0), (87.0, 229.0), (27.0, 131.0), (75.0, 132.0), (11.0, 68.0), (93.0, 67.0), (-1.0, 8.0), (97.0, 17.0), (0, 0), (96.0, 12.0), (3.0, -16.0), (102.0, -10.0)]
[(45.0, 247.0), (37.0, 256.0), (53.0, 256.0), (9.0, 220.0), (86.0, 220.0), (26.0, 124.0), (73.0, 125.0), (11.0, 71.0), (92.0, 64.0), (-2.0, 9.0), (93.0, 15.0), (0, 0), (93.0, 10.0), (3.0, -18.0), (95.0, -14.0)]
[(43.0, 237.0), (36.0, 246.0), (51.0, 247.0), (7.0, 210.0), (85.0, 209.0), (25.0, 117.0), (72.0, 117.0), (8.0, 80.0), (92.0, 75.0), (-1.0, 13.0), (92.0, 18.0), (0, 0), (91.0, 10.0), (2.0, -23.0), (95.0, -17.0)]
[(43.0, 236.0), (35.0, 245.0), (51.0, 246.0), (7.0, 210.0), (86.0, 209.0), (24.0, 119.0), (71.0, 119.0), (10.0, 82.0), (92.0, 83.0), (-1.0, 12.0), (92.0, 20.0), (0, 0), (91.0, 11.0), (1.0, -24.0), (95.0, -16.0)]
[(42.0, 228.0), (34.0, 238.0), (50.0, 239.0), (6.0, 205.0), (86.0, 203.0), (24.0, 116.0), (70.0, 116.0), (10.0, 78.0), (88.0, 88.0), (-1.0, 12.0), (92.0, 20.0), (0, 0), (91.0, 12.0), (1.0, -24.0), (95.0, -17.0)]
[(42.0, 214.0), (34.0, 223.0), (50.0, 226.0), (5.0, 192.0), (89.0, 189.0), (24.0, 111.0), (71.0, 109.0), (10.0, 87.0), (87.0, 86.0), (-1.0, 10.0), (93.0, 19.0), (0, 0), (92.0, 12.0), (4.0, -25.0), (95.0, -18.0)]
[(41.0, 210.0), (33.0, 220.0), (50.0, 223.0), (4.0, 191.0), (89.0, 188.0), (22.0, 110.0), (70.0, 108.0), (6.0, 81.0), (86.0, 85.0), (-2.0, 9.0), (91.0, 18.0), (0, 0), (89.0, 11.0), (2.0, -26.0), (94.0, -19.0)]
[(41.0, 213.0), (33.0, 222.0), (50.0, 225.0), (4.0, 194.0), (89.0, 189.0), (22.0, 112.0), (69.0, 109.0), (5.0, 82.0), (84.0, 82.0), (-1.0, 9.0), (91.0, 19.0), (0, 0), (89.0, 12.0), (3.0, -28.0), (95.0, -20.0)]
[(42.0, 216.0), (33.0, 225.0), (51.0, 228.0), (4.0, 195.0), (90.0, 190.0), (21.0, 110.0), (69.0, 109.0), (8.0, 81.0), (76.0, 80.0), (-0.0, 9.0), (90.0, 17.0), (0, 0), (89.0, 11.0), (3.0, -30.0), (95.0, -22.0)]
[(44.0, 220.0), (36.0, 229.0), (54.0, 231.0), (6.0, 197.0), (92.0, 192.0), (22.0, 112.0), (71.0, 109.0), (12.0, 93.0), (77.0, 82.0), (2.0, 10.0), (92.0, 18.0), (0, 0), (91.0, 12.0), (5.0, -28.0), (97.0, -23.0)]
[(46.0, 221.0), (38.0, 230.0), (56.0, 233.0), (8.0, 198.0), (95.0, 195.0), (24.0, 120.0), (73.0, 116.0), (17.0, 90.0), (81.0, 80.0), (4.0, 11.0), (94.0, 17.0), (0, 0), (93.0, 11.0), (7.0, -28.0), (99.0, -23.0)]
[(48.0, 222.0), (40.0, 231.0), (58.0, 234.0), (10.0, 199.0), (97.0, 196.0), (26.0, 124.0), (75.0, 120.0), (20.0, 90.0), (83.0, 82.0), (6.0, 10.0), (96.0, 18.0), (0, 0), (95.0, 11.0), (8.0, -27.0), (102.0, -22.0)]
[(47.0, 231.0), (39.0, 240.0), (57.0, 242.0), (8.0, 206.0), (95.0, 201.0), (25.0, 131.0), (74.0, 128.0), (19.0, 90.0), (82.0, 85.0), (5.0, 11.0), (95.0, 18.0), (0, 0), (95.0, 12.0), (7.0, -27.0), (102.0, -20.0)]
[(47.0, 240.0), (39.0, 249.0), (57.0, 250.0), (8.0, 210.0), (95.0, 206.0), (26.0, 130.0), (74.0, 128.0), (21.0, 85.0), (81.0, 81.0), (5.0, 10.0), (96.0, 17.0), (0, 0), (97.0, 11.0), (7.0, -28.0), (102.0, -22.0)]
[(48.0, 251.0), (39.0, 260.0), (57.0, 260.0), (8.0, 219.0), (95.0, 214.0), (25.0, 132.0), (74.0, 132.0), (22.0, 73.0), (80.0, 79.0), (5.0, 11.0), (96.0, 18.0), (0, 0), (97.0, 13.0), (7.0, -26.0), (101.0, -20.0)]
[(50.0, 285.0), (42.0, 294.0), (59.0, 295.0), (8.0, 245.0), (96.0, 240.0), (25.0, 149.0), (75.0, 147.0), (24.0, 72.0), (84.0, 71.0), (5.0, 9.0), (100.0, 15.0), (0, 0), (100.0, 10.0), (6.0, -24.0), (104.0, -21.0)]
[(47.0, 294.0), (39.0, 302.0), (56.0, 303.0), (5.0, 253.0), (93.0, 245.0), (22.0, 154.0), (72.0, 151.0), (21.0, 75.0), (81.0, 67.0), (2.0, 9.0), (99.0, 10.0), (0, 0), (99.0, 5.0), (3.0, -25.0), (102.0, -24.0)]
[(46.0, 311.0), (38.0, 319.0), (55.0, 319.0), (3.0, 264.0), (91.0, 258.0), (21.0, 154.0), (71.0, 152.0), (17.0, 72.0), (82.0, 63.0), (-0.0, 7.0), (97.0, 8.0), (0, 0), (97.0, 4.0), (-1.0, -26.0), (100.0, -25.0)]
[(47.0, 318.0), (39.0, 327.0), (55.0, 326.0), (3.0, 268.0), (91.0, 265.0), (21.0, 162.0), (71.0, 159.0), (17.0, 75.0), (82.0, 68.0), (-1.0, 7.0), (97.0, 7.0), (0, 0), (97.0, 2.0), (-1.0, -26.0), (99.0, -26.0)]
[(48.0, 319.0), (39.0, 327.0), (56.0, 328.0), (3.0, 270.0), (91.0, 268.0), (21.0, 163.0), (71.0, 161.0), (17.0, 77.0), (83.0, 73.0), (-0.0, 8.0), (96.0, 7.0), (0, 0), (96.0, 0.0), (-1.0, -25.0), (100.0, -25.0)]
[(48.0, 328.0), (39.0, 336.0), (56.0, 336.0), (3.0, 276.0), (91.0, 273.0), (21.0, 164.0), (71.0, 161.0), (17.0, 77.0), (83.0, 71.0), (-0.0, 8.0), (96.0, 6.0), (0, 0), (96.0, 0.0), (-1.0, -26.0), (100.0, -26.0)]
[(48.0, 335.0), (39.0, 345.0), (56.0, 344.0), (1.0, 283.0), (91.0, 281.0), (21.0, 167.0), (72.0, 165.0), (16.0, 78.0), (84.0, 72.0), (-0.0, 9.0), (96.0, 8.0), (0, 0), (94.0, 2.0), (-1.0, -25.0), (100.0, -25.0)]