[(48.0, 368.0), (39.0, 376.0), (56.0, 376.0), (-1.0, 313.0), (88.0, 311.0), (18.0, 190.0), (66.0, 188.0), (4.0, 92.0), (80.0, 91.0), (-1.0, 12.0), (81.0, 18.0), (0, 0), (74.0, 9.0), (-6.0, -22.0), (92.0, -15.0)]
[(48.0, 374.0), (39.0, 383.0), (56.0, 381.0), (-2.0, 316.0), (87.0, 313.0), (17.0, 193.0), (66.0, 191.0), (3.0, 94.0), (80.0, 96.0), (-2.0, 12.0), (81.0, 19.0), (0, 0), (74.0, 9.0), (-7.0, -21.0), (92.0, -15.0)]
[(48.0, 375.0), (39.0, 384.0), (56.0, 383.0), (-3.0, 321.0), (87.0, 316.0), (16.0, 195.0), (66.0, 194.0), (3.0, 97.0), (80.0, 97.0), (-3.0, 12.0), (81.0, 18.0), (0, 0), (75.0, 8.0), (-7.0, -23.0), (93.0, -16.0)]
[(48.0, 377.0), (39.0, 386.0), (56.0, 385.0), (-3.0, 322.0), (86.0, 319.0), (15.0, 195.0), (66.0, 195.0), (3.0, 99.0), (80.0, 100.0), (-3.0, 13.0), (81.0, 18.0), (0, 0), (74.0, 8.0), (-8.0, -23.0), (93.0, -16.0)]
[(48.0, 377.0), (39.0, 386.0), (56.0, 386.0), (-3.0, 321.0), (86.0, 319.0), (15.0, 193.0), (66.0, 194.0), (3.0, 99.0), (80.0, 99.0), (-3.0, 13.0), (81.0, 18.0), (0, 0), (74.0, 8.0), (-8.0, -23.0), (93.0, -17.0)]
[(47.0, 377.0), (37.0, 385.0), (55.0, 385.0), (-5.0, 320.0), (85.0, 319.0), (14.0, 191.0), (65.0, 192.0), (1.0, 98.0), (79.0, 98.0), (-3.0, 12.0), (80.0, 17.0), (0, 0), (73.0, 8.0), (-9.0, -25.0), (91.0, -19.0)]
[(46.0, 377.0), (36.0, 385.0), (54.0, 385.0), (-6.0, 320.0), (84.0, 318.0), (13.0, 190.0), (64.0, 190.0), (-0.0, 96.0), (78.0, 97.0), (-4.0, 11.0), (79.0, 16.0), (0, 0), (73.0, 8.0), (-11.0, -25.0), (89.0, -20.0)]
[(45.0, 378.0), (36.0, 386.0), (54.0, 386.0), (-7.0, 320.0), (84.0, 319.0), (13.0, 189.0), (64.0, 190.0), (-0.0, 96.0), (78.0, 96.0), (-4.0, 11.0), (79.0, 16.0), (0, 0), (74.0, 8.0), (-11.0, -25.0), (89.0, -20.0)]
[(45.0, 378.0), (35.0, 386.0), (54.0, 386.0), (-7.0, 319.0), (84.0, 317.0), (13.0, 188.0), (64.0, 189.0), (-0.0, 95.0), (78.0, 95.0), (-4.0, 12.0), (79.0, 16.0), (0, 0), (75.0, 8.0), (-11.0, -25.0), (89.0, -20.0)]
[(43.0, 377.0), (33.0, 386.0), (52.0, 386.0), (-9.0, 319.0), (81.0, 318.0), (11.0, 189.0), (63.0, 189.0), (-3.0, 96.0), (76.0, 96.0), (-6.0, 12.0), (77.0, 16.0), (0, 0), (73.0, 8.0), (-13.0, -25.0), (86.0, -20.0)]
[(43.0, 378.0), (33.0, 387.0), (52.0, 386.0), (-9.0, 320.0), (81.0, 318.0), (11.0, 189.0), (62.0, 190.0), (-3.0, 96.0), (76.0, 96.0), (-6.0, 12.0), (78.0, 16.0), (0, 0), (73.0, 9.0), (-13.0, -25.0), (86.0, -20.0)]
[(43.0, 378.0), (33.0, 386.0), (52.0, 386.0), (-9.0, 319.0), (81.0, 317.0), (10.0, 189.0), (62.0, 190.0), (-3.0, 95.0), (76.0, 95.0), (-6.0, 11.0), (78.0, 16.0), (0, 0), (74.0, 9.0), (-13.0, -25.0), (86.0, -20.0)]
[(44.0, 379.0), (34.0, 387.0), (53.0, 387.0), (-8.0, 320.0), (82.0, 318.0), (11.0, 190.0), (63.0, 190.0), (-2.0, 96.0), (77.0, 96.0), (-5.0, 12.0), (79.0, 17.0), (0, 0), (74.0, 10.0), (-12.0, -24.0), (87.0, -19.0)]
[(44.0, 378.0), (34.0, 387.0), (52.0, 387.0), (-8.0, 320.0), (82.0, 319.0), (11.0, 190.0), (63.0, 190.0), (-2.0, 96.0), (75.0, 97.0), (-5.0, 12.0), (77.0, 18.0), (0, 0), (73.0, 11.0), (-12.0, -24.0), (85.0, -18.0)]
[(43.0, 379.0), (33.0, 387.0), (52.0, 387.0), (-8.0, 320.0), (82.0, 320.0), (11.0, 190.0), (63.0, 190.0), (-2.0, 96.0), (75.0, 98.0), (-5.0, 12.0), (77.0, 18.0), (0, 0), (73.0, 10.0), (-13.0, -24.0), (85.0, -18.0)]
[(43.0, 379.0), (33.0, 387.0), (52.0, 387.0), (-9.0, 320.0), (82.0, 320.0), (10.0, 189.0), (63.0, 190.0), (-2.0, 96.0), (75.0, 97.0), (-5.0, 11.0), (77.0, 18.0), (0, 0), (73.0, 10.0), (-13.0, -24.0), (85.0, -18.0)]
[(43.0, 378.0), (33.0, 386.0), (52.0, 386.0), (-9.0, 319.0), (82.0, 319.0), (10.0, 189.0), (63.0, 190.0), (-2.0, 95.0), (75.0, 97.0), (-5.0, 11.0), (77.0, 17.0), (0, 0), (73.0, 10.0), (-13.0, -25.0), (85.0, -19.0)]
[(43.0, 378.0), (33.0, 386.0), (52.0, 386.0), (-9.0, 319.0), (81.0, 320.0), (10.0, 188.0), (62.0, 190.0), (-2.0, 95.0), (75.0, 97.0), (-5.0, 11.0), (77.0, 17.0), (0, 0), (73.0, 9.0), (-13.0, -25.0), (85.0, -19.0)]
[(43.0, 378.0), (33.0, 386.0), (52.0, 386.0), (-7.0, 320.0), (82.0, 320.0), (11.0, 188.0), (63.0, 190.0), (-1.0, 95.0), (77.0, 97.0), (-4.0, 11.0), (78.0, 17.0), (0, 0), (74.0, 10.0), (-12.0, -25.0), (86.0, -20.0)]
[(41.0, 378.0), (32.0, 386.0), (50.0, 386.0), (-7.0, 321.0), (81.0, 320.0), (10.0, 188.0), (62.0, 190.0), (-2.0, 95.0), (77.0, 97.0), (-5.0, 11.0), (77.0, 18.0), (0, 0), (73.0, 10.0), (-13.0, -25.0), (85.0, -20.0)]
[(41.0, 377.0), (31.0, 385.0), (50.0, 385.0), (-7.0, 320.0), (80.0, 318.0), (10.0, 187.0), (61.0, 189.0), (-2.0, 94.0), (77.0, 95.0), (-5.0, 10.0), (77.0, 17.0), (0, 0), (73.0, 9.0), (-12.0, -26.0), (85.0, -21.0)]
[(40.0, 378.0), (31.0, 386.0), (49.0, 386.0), (-6.0, 322.0), (80.0, 320.0), (11.0, 188.0), (62.0, 190.0), (-1.0, 95.0), (78.0, 96.0), (-4.0, 11.0), (78.0, 17.0), (0, 0), (74.0, 10.0), (-11.0, -25.0), (86.0, -20.0)]
[(40.0, 370.0), (31.0, 378.0), (48.0, 379.0), (-6.0, 324.0), (78.0, 321.0), (11.0, 189.0), (62.0, 188.0), (1.0, 94.0), (78.0, 92.0), (-5.0, 11.0), (78.0, 15.0), (0, 0), (74.0, 7.0), (-11.0, -23.0), (86.0, -19.0)]
[(40.0, 365.0), (32.0, 373.0), (48.0, 373.0), (-5.0, 323.0), (78.0, 321.0), (13.0, 188.0), (63.0, 187.0), (4.0, 93.0), (78.0, 90.0), (-4.0, 10.0), (79.0, 15.0), (0, 0), (74.0, 7.0), (-10.0, -23.0), (87.0, -18.0)]
[(39.0, 361.0), (31.0, 370.0), (47.0, 370.0), (-5.0, 322.0), (77.0, 320.0), (13.0, 187.0), (63.0, 185.0), (5.0, 93.0), (78.0, 90.0), (-4.0, 11.0), (79.0, 16.0), (0, 0), (74.0, 8.0), (-10.0, -22.0), (87.0, -17.0)]
[(38.0, 356.0), (31.0, 365.0), (46.0, 365.0), (-5.0, 320.0), (77.0, 317.0), (13.0, 185.0), (63.0, 184.0), (7.0, 92.0), (77.0, 90.0), (-4.0, 10.0), (79.0, 16.0), (0, 0), (74.0, 7.0), (-10.0, -22.0), (88.0, -16.0)]
[(37.0, 352.0), (30.0, 361.0), (45.0, 361.0), (-5.0, 317.0), (77.0, 313.0), (13.0, 182.0), (63.0, 181.0), (7.0, 91.0), (77.0, 89.0), (-4.0, 10.0), (80.0, 15.0), (0, 0), (77.0, 6.0), (-10.0, -22.0), (88.0, -16.0)]
[(37.0, 346.0), (30.0, 355.0), (45.0, 355.0), (-5.0, 312.0), (77.0, 307.0), (14.0, 176.0), (64.0, 175.0), (8.0, 88.0), (77.0, 88.0), (-4.0, 10.0), (80.0, 15.0), (0, 0), (77.0, 7.0), (-10.0, -21.0), (89.0, -16.0)]
[(37.0, 338.0), (30.0, 347.0), (45.0, 347.0), (-4.0, 308.0), (77.0, 303.0), (15.0, 172.0), (65.0, 171.0), (8.0, 87.0), (77.0, 86.0), (-3.0, 11.0), (80.0, 15.0), (0, 0), (76.0, 6.0), (-10.0, -21.0), (91.0, -16.0)]
[(38.0, 332.0), (30.0, 341.0), (45.0, 341.0), (-3.0, 300.0), (77.0, 298.0), (15.0, 171.0), (65.0, 170.0), (9.0, 87.0), (77.0, 86.0), (-3.0, 11.0), (80.0, 15.0), (0, 0), (76.0, 6.0), (-9.0, -20.0), (91.0, -16.0)]
[(38.0, 326.0), (30.0, 334.0), (45.0, 335.0), (-2.0, 292.0), (77.0, 291.0), (15.0, 167.0), (65.0, 167.0), (9.0, 85.0), (77.0, 83.0), (-3.0, 11.0), (80.0, 14.0), (0, 0), (75.0, 5.0), (-8.0, -20.0), (91.0, -16.0)]
[(37.0, 321.0), (29.0, 329.0), (44.0, 329.0), (-3.0, 286.0), (76.0, 287.0), (14.0, 164.0), (64.0, 164.0), (8.0, 82.0), (76.0, 82.0), (-3.0, 11.0), (79.0, 15.0), (0, 0), (74.0, 6.0), (-8.0, -19.0), (90.0, -15.0)]
[(37.0, 312.0), (29.0, 320.0), (44.0, 320.0), (-2.0, 281.0), (76.0, 280.0), (14.0, 161.0), (64.0, 162.0), (8.0, 81.0), (76.0, 80.0), (-3.0, 11.0), (79.0, 15.0), (0, 0), (74.0, 6.0), (-10.0, -18.0), (90.0, -15.0)]
[(37.0, 304.0), (29.0, 312.0), (44.0, 312.0), (-1.0, 275.0), (75.0, 275.0), (14.0, 160.0), (64.0, 162.0), (7.0, 81.0), (76.0, 81.0), (-3.0, 11.0), (78.0, 15.0), (0, 0), (74.0, 7.0), (-10.0, -18.0), (90.0, -14.0)]
[(39.0, 294.0), (31.0, 303.0), (46.0, 303.0), (-0.0, 268.0), (76.0, 266.0), (15.0, 156.0), (64.0, 158.0), (9.0, 79.0), (77.0, 80.0), (-2.0, 11.0), (79.0, 15.0), (0, 0), (75.0, 7.0), (-8.0, -19.0), (91.0, -15.0)]
[(39.0, 283.0), (31.0, 292.0), (46.0, 291.0), (-0.0, 262.0), (76.0, 259.0), (15.0, 155.0), (64.0, 157.0), (10.0, 80.0), (76.0, 80.0), (-2.0, 11.0), (79.0, 15.0), (0, 0), (75.0, 7.0), (-8.0, -19.0), (90.0, -15.0)]
[(39.0, 276.0), (31.0, 286.0), (47.0, 285.0), (-0.0, 254.0), (76.0, 250.0), (15.0, 152.0), (63.0, 153.0), (11.0, 75.0), (76.0, 80.0), (-2.0, 11.0), (79.0, 15.0), (0, 0), (75.0, 7.0), (-8.0, -19.0), (90.0, -15.0)]
[(39.0, 267.0), (31.0, 276.0), (47.0, 276.0), (-0.0, 245.0), (77.0, 240.0), (15.0, 143.0), (63.0, 145.0), (11.0, 71.0), (76.0, 76.0), (-2.0, 9.0), (79.0, 11.0), (0, 0), (75.0, 3.0), (-7.0, -21.0), (90.0, -18.0)]
[(40.0, 257.0), (32.0, 266.0), (48.0, 267.0), (2.0, 237.0), (78.0, 233.0), (17.0, 142.0), (64.0, 143.0), (13.0, 72.0), (77.0, 77.0), (-1.0, 9.0), (80.0, 11.0), (0, 0), (76.0, 3.0), (-6.0, -21.0), (91.0, -17.0)]
[(40.0, 245.0), (32.0, 254.0), (48.0, 255.0), (2.0, 225.0), (79.0, 224.0), (17.0, 140.0), (64.0, 141.0), (15.0, 71.0), (75.0, 76.0), (-1.0, 9.0), (80.0, 10.0), (0, 0), (76.0, 2.0), (-6.0, -20.0), (89.0, -18.0)]
[(40.0, 235.0), (32.0, 244.0), (48.0, 245.0), (2.0, 218.0), (80.0, 216.0), (17.0, 139.0), (64.0, 139.0), (15.0, 76.0), (74.0, 75.0), (-1.0, 8.0), (80.0, 7.0), (0, 0), (76.0, -1.0), (-6.0, -21.0), (89.0, -20.0)]
[(40.0, 223.0), (32.0, 233.0), (48.0, 235.0), (1.0, 211.0), (81.0, 208.0), (17.0, 136.0), (63.0, 134.0), (15.0, 75.0), (74.0, 72.0), (-1.0, 9.0), (80.0, 7.0), (0, 0), (76.0, -2.0), (-6.0, -22.0), (89.0, -21.0)]
[(40.0, 215.0), (32.0, 226.0), (48.0, 226.0), (1.0, 204.0), (81.0, 200.0), (16.0, 136.0), (62.0, 134.0), (16.0, 76.0), (73.0, 72.0), (-1.0, 8.0), (80.0, 7.0), (0, 0), (76.0, -2.0), (-4.0, -22.0), (89.0, -21.0)]
[(40.0, 208.0), (32.0, 218.0), (48.0, 219.0), (-0.0, 199.0), (82.0, 194.0), (16.0, 129.0), (62.0, 128.0), (17.0, 76.0), (73.0, 74.0), (-1.0, 8.0), (80.0, 6.0), (0, 0), (77.0, -1.0), (-4.0, -22.0), (89.0, -21.0)]
[(40.0, 203.0), (32.0, 213.0), (48.0, 214.0), (-0.0, 192.0), (83.0, 187.0), (16.0, 122.0), (62.0, 120.0), (17.0, 77.0), (72.0, 77.0), (-1.0, 8.0), (79.0, 6.0), (0, 0), (77.0, -1.0), (-3.0, -23.0), (88.0, -21.0)]
[(41.0, 199.0), (32.0, 208.0), (49.0, 210.0), (-0.0, 188.0), (84.0, 185.0), (16.0, 118.0), (62.0, 116.0), (16.0, 77.0), (72.0, 76.0), (-1.0, 8.0), (79.0, 8.0), (0, 0), (77.0, 0.0), (-4.0, -23.0), (88.0, -21.0)]
[(41.0, 189.0), (31.0, 198.0), (48.0, 200.0), (-1.0, 180.0), (83.0, 181.0), (16.0, 116.0), (61.0, 112.0), (16.0, 73.0), (74.0, 76.0), (-1.0, 8.0), (78.0, 7.0), (0, 0), (76.0, 0.0), (-5.0, -24.0), (88.0, -21.0)]
[(41.0, 191.0), (31.0, 200.0), (48.0, 202.0), (-1.0, 180.0), (83.0, 179.0), (17.0, 114.0), (62.0, 110.0), (17.0, 72.0), (76.0, 71.0), (-1.0, 8.0), (79.0, 7.0), (0, 0), (75.0, 0.0), (-5.0, -24.0), (88.0, -22.0)]
[(42.0, 193.0), (32.0, 202.0), (50.0, 205.0), (-0.0, 182.0), (85.0, 181.0), (18.0, 116.0), (63.0, 113.0), (17.0, 72.0), (77.0, 71.0), (-0.0, 8.0), (80.0, 7.0), (0, 0), (76.0, 0.0), (-3.0, -24.0), (89.0, -22.0)]
[(41.0, 197.0), (31.0, 205.0), (49.0, 207.0), (-1.0, 187.0), (84.0, 185.0), (17.0, 118.0), (62.0, 116.0), (16.0, 72.0), (74.0, 71.0), (-1.0, 8.0), (78.0, 7.0), (0, 0), (75.0, 1.0), (-4.0, -23.0), (88.0, -22.0)]
[(41.0, 201.0), (31.0, 210.0), (49.0, 212.0), (-1.0, 190.0), (83.0, 188.0), (17.0, 120.0), (62.0, 118.0), (16.0, 72.0), (73.0, 71.0), (-1.0, 8.0), (78.0, 7.0), (0, 0), (74.0, 1.0), (-4.0, -23.0), (88.0, -22.0)]
[(41.0, 203.0), (31.0, 212.0), (49.0, 213.0), (-1.0, 191.0), (83.0, 190.0), (17.0, 125.0), (62.0, 122.0), (18.0, 73.0), (69.0, 73.0), (-1.0, 8.0), (78.0, 8.0), (0, 0), (75.0, 1.0), (-4.0, -23.0), (88.0, -21.0)]
[(41.0, 212.0), (31.0, 221.0), (49.0, 223.0), (-1.0, 198.0), (83.0, 197.0), (17.0, 133.0), (62.0, 130.0), (18.0, 75.0), (69.0, 74.0), (-1.0, 8.0), (78.0, 8.0), (0, 0), (75.0, 1.0), (-4.0, -23.0), (88.0, -21.0)]
[(41.0, 220.0), (31.0, 229.0), (49.0, 231.0), (-1.0, 205.0), (83.0, 203.0), (17.0, 138.0), (62.0, 135.0), (18.0, 77.0), (68.0, 76.0), (-1.0, 8.0), (78.0, 10.0), (0, 0), (75.0, 3.0), (-4.0, -23.0), (88.0, -21.0)]
[(41.0, 227.0), (31.0, 236.0), (49.0, 238.0), (-1.0, 212.0), (83.0, 210.0), (17.0, 142.0), (61.0, 139.0), (18.0, 78.0), (68.0, 76.0), (-1.0, 8.0), (78.0, 11.0), (0, 0), (76.0, 5.0), (-4.0, -23.0), (88.0, -22.0)]
[(41.0, 238.0), (31.0, 247.0), (49.0, 249.0), (-1.0, 221.0), (82.0, 218.0), (17.0, 146.0), (61.0, 144.0), (18.0, 81.0), (68.0, 81.0), (-1.0, 9.0), (78.0, 12.0), (0, 0), (76.0, 5.0), (-5.0, -23.0), (88.0, -20.0)]
[(40.0, 247.0), (31.0, 256.0), (48.0, 257.0), (-1.0, 230.0), (82.0, 226.0), (17.0, 150.0), (61.0, 148.0), (18.0, 83.0), (68.0, 81.0), (-1.0, 9.0), (78.0, 12.0), (0, 0), (76.0, 5.0), (-5.0, -23.0), (88.0, -20.0)]
[(40.0, 260.0), (32.0, 269.0), (48.0, 271.0), (-0.0, 238.0), (83.0, 236.0), (18.0, 156.0), (62.0, 154.0), (19.0, 86.0), (69.0, 85.0), (-0.0, 10.0), (79.0, 14.0), (0, 0), (77.0, 5.0), (-4.0, -21.0), (90.0, -18.0)]
[(40.0, 267.0), (32.0, 276.0), (48.0, 277.0), (-0.0, 245.0), (83.0, 241.0), (18.0, 158.0), (62.0, 156.0), (18.0, 84.0), (69.0, 84.0), (-1.0, 9.0), (80.0, 11.0), (0, 0), (77.0, 1.0), (-4.0, -23.0), (90.0, -20.0)]
[(40.0, 278.0), (32.0, 286.0), (48.0, 287.0), (-0.0, 252.0), (83.0, 247.0), (18.0, 161.0), (63.0, 160.0), (17.0, 84.0), (70.0, 83.0), (-0.0, 10.0), (79.0, 11.0), (0, 0), (77.0, 1.0), (-4.0, -22.0), (90.0, -20.0)]
[(40.0, 288.0), (33.0, 297.0), (48.0, 298.0), (-0.0, 258.0), (83.0, 255.0), (19.0, 163.0), (65.0, 163.0), (15.0, 81.0), (71.0, 83.0), (-1.0, 9.0), (79.0, 11.0), (0, 0), (77.0, 1.0), (-5.0, -22.0), (90.0, -20.0)]
[(41.0, 298.0), (34.0, 307.0), (49.0, 309.0), (1.0, 266.0), (84.0, 261.0), (20.0, 164.0), (66.0, 164.0), (13.0, 80.0), (73.0, 82.0), (-0.0, 9.0), (80.0, 11.0), (0, 0), (77.0, 1.0), (-5.0, -22.0), (91.0, -20.0)]
[(41.0, 309.0), (34.0, 318.0), (49.0, 318.0), (1.0, 273.0), (85.0, 268.0), (21.0, 168.0), (67.0, 167.0), (12.0, 81.0), (74.0, 83.0), (-1.0, 10.0), (80.0, 12.0), (0, 0), (76.0, 2.0), (-7.0, -21.0), (91.0, -18.0)]
[(42.0, 319.0), (34.0, 328.0), (49.0, 328.0), (1.0, 276.0), (85.0, 274.0), (21.0, 171.0), (68.0, 170.0), (11.0, 81.0), (77.0, 83.0), (-1.0, 10.0), (80.0, 12.0), (0, 0), (76.0, 2.0), (-7.0, -21.0), (92.0, -18.0)]
[(42.0, 326.0), (34.0, 336.0), (49.0, 336.0), (-0.0, 282.0), (85.0, 281.0), (21.0, 174.0), (69.0, 173.0), (9.0, 83.0), (80.0, 83.0), (-1.0, 10.0), (80.0, 12.0), (0, 0), (76.0, 2.0), (-7.0, -21.0), (92.0, -18.0)]
[(41.0, 334.0), (33.0, 344.0), (49.0, 344.0), (-1.0, 287.0), (85.0, 288.0), (21.0, 178.0), (70.0, 178.0), (8.0, 85.0), (81.0, 85.0), (-1.0, 10.0), (81.0, 12.0), (0, 0), (76.0, 2.0), (-7.0, -21.0), (92.0, -18.0)]
[(40.0, 342.0), (32.0, 352.0), (48.0, 352.0), (-2.0, 294.0), (85.0, 294.0), (21.0, 179.0), (70.0, 178.0), (7.0, 86.0), (82.0, 86.0), (-1.0, 11.0), (81.0, 13.0), (0, 0), (76.0, 3.0), (-7.0, -20.0), (93.0, -18.0)]