[(50.0, 361.0), (43.0, 369.0), (58.0, 368.0), (2.0, 306.0), (89.0, 306.0), (22.0, 181.0), (72.0, 180.0), (7.0, 86.0), (86.0, 85.0), (-1.0, 11.0), (99.0, 12.0), (0, 0), (98.0, 6.0), (-5.0, -20.0), (101.0, -21.0)]
[(50.0, 367.0), (43.0, 374.0), (58.0, 374.0), (1.0, 310.0), (90.0, 308.0), (22.0, 186.0), (73.0, 185.0), (7.0, 92.0), (86.0, 90.0), (-2.0, 12.0), (99.0, 13.0), (0, 0), (98.0, 6.0), (-5.0, -21.0), (102.0, -20.0)]
[(50.0, 369.0), (42.0, 377.0), (58.0, 378.0), (-0.0, 311.0), (90.0, 310.0), (22.0, 188.0), (73.0, 187.0), (6.0, 95.0), (86.0, 94.0), (-2.0, 12.0), (99.0, 15.0), (0, 0), (98.0, 8.0), (-5.0, -22.0), (101.0, -20.0)]
[(50.0, 370.0), (42.0, 378.0), (58.0, 378.0), (-0.0, 312.0), (90.0, 312.0), (21.0, 188.0), (73.0, 188.0), (6.0, 95.0), (87.0, 95.0), (-2.0, 12.0), (99.0, 14.0), (0, 0), (98.0, 7.0), (-5.0, -23.0), (102.0, -21.0)]
[(50.0, 373.0), (41.0, 380.0), (58.0, 381.0), (-0.0, 314.0), (90.0, 314.0), (21.0, 190.0), (73.0, 190.0), (6.0, 95.0), (87.0, 96.0), (-2.0, 12.0), (99.0, 14.0), (0, 0), (98.0, 7.0), (-6.0, -22.0), (102.0, -21.0)]
[(50.0, 374.0), (41.0, 382.0), (58.0, 382.0), (-0.0, 316.0), (90.0, 316.0), (21.0, 188.0), (73.0, 190.0), (7.0, 93.0), (89.0, 96.0), (-2.0, 12.0), (99.0, 14.0), (0, 0), (98.0, 7.0), (-6.0, -22.0), (102.0, -21.0)]
[(50.0, 378.0), (41.0, 386.0), (58.0, 386.0), (1.0, 319.0), (90.0, 319.0), (21.0, 192.0), (73.0, 193.0), (6.0, 96.0), (89.0, 99.0), (-2.0, 13.0), (99.0, 18.0), (0, 0), (98.0, 10.0), (-7.0, -22.0), (102.0, -17.0)]
[(49.0, 379.0), (40.0, 386.0), (57.0, 387.0), (-0.0, 319.0), (89.0, 320.0), (20.0, 194.0), (72.0, 196.0), (5.0, 98.0), (88.0, 102.0), (-3.0, 13.0), (98.0, 20.0), (0, 0), (96.0, 11.0), (-8.0, -22.0), (101.0, -16.0)]
[(48.0, 379.0), (40.0, 387.0), (57.0, 388.0), (-0.0, 320.0), (89.0, 320.0), (20.0, 193.0), (72.0, 194.0), (4.0, 98.0), (88.0, 101.0), (-3.0, 13.0), (98.0, 20.0), (0, 0), (96.0, 11.0), (-8.0, -21.0), (101.0, -16.0)]
[(47.0, 377.0), (39.0, 385.0), (56.0, 386.0), (-1.0, 318.0), (88.0, 319.0), (19.0, 190.0), (71.0, 191.0), (3.0, 96.0), (87.0, 98.0), (-3.0, 12.0), (96.0, 18.0), (0, 0), (95.0, 10.0), (-9.0, -22.0), (100.0, -18.0)]
[(47.0, 379.0), (39.0, 386.0), (56.0, 387.0), (-1.0, 319.0), (88.0, 319.0), (19.0, 190.0), (71.0, 191.0), (4.0, 96.0), (87.0, 98.0), (-3.0, 12.0), (96.0, 17.0), (0, 0), (95.0, 10.0), (-9.0, -22.0), (100.0, -18.0)]
[(47.0, 379.0), (38.0, 387.0), (56.0, 387.0), (-2.0, 319.0), (88.0, 320.0), (19.0, 190.0), (71.0, 191.0), (4.0, 95.0), (87.0, 97.0), (-3.0, 12.0), (96.0, 17.0), (0, 0), (94.0, 10.0), (-8.0, -22.0), (100.0, -18.0)]
[(47.0, 378.0), (38.0, 386.0), (56.0, 386.0), (-2.0, 317.0), (89.0, 319.0), (19.0, 189.0), (71.0, 190.0), (4.0, 94.0), (87.0, 96.0), (-3.0, 11.0), (96.0, 16.0), (0, 0), (95.0, 9.0), (-8.0, -22.0), (100.0, -19.0)]
[(48.0, 379.0), (39.0, 387.0), (57.0, 387.0), (-1.0, 318.0), (90.0, 320.0), (20.0, 189.0), (72.0, 190.0), (5.0, 95.0), (88.0, 97.0), (-2.0, 11.0), (97.0, 17.0), (0, 0), (96.0, 9.0), (-7.0, -21.0), (101.0, -18.0)]
[(48.0, 380.0), (39.0, 388.0), (57.0, 388.0), (-1.0, 320.0), (90.0, 321.0), (19.0, 190.0), (72.0, 191.0), (5.0, 94.0), (88.0, 97.0), (-3.0, 9.0), (97.0, 15.0), (0, 0), (96.0, 7.0), (-7.0, -21.0), (101.0, -18.0)]
[(49.0, 381.0), (39.0, 388.0), (57.0, 389.0), (-0.0, 320.0), (90.0, 321.0), (19.0, 190.0), (72.0, 191.0), (5.0, 94.0), (88.0, 96.0), (-3.0, 9.0), (97.0, 13.0), (0, 0), (95.0, 6.0), (-7.0, -21.0), (101.0, -18.0)]
[(52.0, 379.0), (42.0, 387.0), (60.0, 387.0), (3.0, 319.0), (93.0, 320.0), (22.0, 189.0), (75.0, 190.0), (7.0, 93.0), (91.0, 95.0), (-3.0, 9.0), (100.0, 12.0), (0, 0), (98.0, 5.0), (-5.0, -21.0), (104.0, -19.0)]
[(52.0, 379.0), (42.0, 387.0), (60.0, 388.0), (3.0, 320.0), (93.0, 321.0), (22.0, 190.0), (75.0, 191.0), (7.0, 93.0), (91.0, 96.0), (-2.0, 9.0), (100.0, 13.0), (0, 0), (99.0, 5.0), (-3.0, -21.0), (104.0, -18.0)]
[(52.0, 379.0), (42.0, 387.0), (60.0, 388.0), (3.0, 320.0), (93.0, 321.0), (22.0, 190.0), (75.0, 191.0), (7.0, 93.0), (90.0, 96.0), (-2.0, 9.0), (100.0, 14.0), (0, 0), (98.0, 6.0), (-3.0, -21.0), (104.0, -18.0)]
[(53.0, 379.0), (43.0, 387.0), (61.0, 387.0), (4.0, 321.0), (94.0, 321.0), (23.0, 190.0), (76.0, 191.0), (8.0, 93.0), (91.0, 96.0), (-2.0, 10.0), (100.0, 14.0), (0, 0), (99.0, 6.0), (-3.0, -21.0), (105.0, -18.0)]
[(53.0, 377.0), (43.0, 385.0), (61.0, 385.0), (4.0, 319.0), (95.0, 319.0), (23.0, 187.0), (76.0, 187.0), (9.0, 91.0), (90.0, 94.0), (-2.0, 9.0), (100.0, 13.0), (0, 0), (99.0, 5.0), (-3.0, -20.0), (105.0, -20.0)]
[(53.0, 377.0), (43.0, 385.0), (61.0, 385.0), (4.0, 319.0), (95.0, 320.0), (23.0, 187.0), (76.0, 187.0), (9.0, 91.0), (90.0, 93.0), (-2.0, 9.0), (100.0, 13.0), (0, 0), (100.0, 5.0), (-3.0, -21.0), (105.0, -21.0)]
[(53.0, 374.0), (43.0, 383.0), (61.0, 383.0), (4.0, 317.0), (95.0, 318.0), (23.0, 185.0), (76.0, 185.0), (10.0, 89.0), (90.0, 91.0), (-1.0, 10.0), (100.0, 11.0), (0, 0), (99.0, 3.0), (-3.0, -22.0), (105.0, -23.0)]
[(52.0, 373.0), (42.0, 381.0), (60.0, 382.0), (4.0, 316.0), (94.0, 317.0), (23.0, 184.0), (75.0, 184.0), (9.0, 88.0), (90.0, 90.0), (-2.0, 10.0), (99.0, 10.0), (0, 0), (98.0, 2.0), (-4.0, -23.0), (104.0, -24.0)]
[(52.0, 372.0), (42.0, 381.0), (60.0, 381.0), (4.0, 316.0), (94.0, 317.0), (23.0, 184.0), (75.0, 184.0), (8.0, 88.0), (90.0, 89.0), (-2.0, 10.0), (99.0, 10.0), (0, 0), (98.0, 2.0), (-4.0, -23.0), (104.0, -24.0)]
[(51.0, 373.0), (41.0, 381.0), (59.0, 382.0), (3.0, 318.0), (93.0, 319.0), (22.0, 183.0), (73.0, 185.0), (6.0, 87.0), (90.0, 88.0), (-2.0, 11.0), (99.0, 12.0), (0, 0), (97.0, 4.0), (-5.0, -22.0), (103.0, -23.0)]
[(49.0, 370.0), (39.0, 379.0), (57.0, 379.0), (1.0, 318.0), (90.0, 319.0), (20.0, 182.0), (71.0, 184.0), (4.0, 87.0), (89.0, 88.0), (-3.0, 11.0), (97.0, 12.0), (0, 0), (95.0, 5.0), (-7.0, -22.0), (101.0, -23.0)]
[(49.0, 361.0), (40.0, 370.0), (57.0, 370.0), (3.0, 319.0), (90.0, 318.0), (22.0, 182.0), (73.0, 183.0), (8.0, 87.0), (91.0, 88.0), (-3.0, 11.0), (100.0, 10.0), (0, 0), (98.0, 3.0), (-5.0, -23.0), (105.0, -23.0)]
[(49.0, 358.0), (40.0, 366.0), (57.0, 367.0), (4.0, 319.0), (89.0, 318.0), (23.0, 182.0), (73.0, 183.0), (11.0, 87.0), (91.0, 88.0), (-2.0, 12.0), (101.0, 11.0), (0, 0), (100.0, 4.0), (-6.0, -22.0), (105.0, -22.0)]
[(50.0, 356.0), (41.0, 365.0), (58.0, 365.0), (5.0, 318.0), (89.0, 317.0), (26.0, 181.0), (75.0, 182.0), (14.0, 88.0), (92.0, 89.0), (-1.0, 13.0), (102.0, 13.0), (0, 0), (101.0, 5.0), (-7.0, -20.0), (105.0, -20.0)]
[(48.0, 352.0), (40.0, 361.0), (56.0, 361.0), (4.0, 316.0), (87.0, 316.0), (25.0, 180.0), (74.0, 181.0), (16.0, 88.0), (90.0, 88.0), (-1.0, 13.0), (101.0, 14.0), (0, 0), (100.0, 7.0), (-8.0, -18.0), (104.0, -19.0)]
[(48.0, 349.0), (40.0, 358.0), (56.0, 358.0), (5.0, 313.0), (87.0, 314.0), (27.0, 177.0), (76.0, 177.0), (20.0, 88.0), (91.0, 87.0), (-0.0, 13.0), (101.0, 15.0), (0, 0), (101.0, 8.0), (-7.0, -17.0), (104.0, -18.0)]
[(47.0, 342.0), (40.0, 351.0), (55.0, 352.0), (6.0, 310.0), (87.0, 310.0), (27.0, 173.0), (76.0, 173.0), (21.0, 85.0), (91.0, 85.0), (-0.0, 12.0), (100.0, 13.0), (0, 0), (99.0, 6.0), (-7.0, -17.0), (104.0, -18.0)]
[(47.0, 336.0), (40.0, 345.0), (55.0, 345.0), (7.0, 302.0), (87.0, 303.0), (28.0, 168.0), (76.0, 168.0), (22.0, 80.0), (91.0, 78.0), (-0.0, 11.0), (100.0, 10.0), (0, 0), (99.0, 4.0), (-5.0, -18.0), (104.0, -19.0)]
[(48.0, 330.0), (40.0, 339.0), (55.0, 339.0), (8.0, 296.0), (87.0, 298.0), (29.0, 163.0), (77.0, 162.0), (23.0, 78.0), (91.0, 77.0), (-0.0, 11.0), (99.0, 10.0), (0, 0), (98.0, 4.0), (-4.0, -18.0), (104.0, -19.0)]
[(48.0, 326.0), (40.0, 334.0), (55.0, 335.0), (9.0, 289.0), (87.0, 294.0), (28.0, 160.0), (77.0, 159.0), (23.0, 74.0), (91.0, 75.0), (-0.0, 11.0), (99.0, 10.0), (0, 0), (98.0, 4.0), (-4.0, -17.0), (105.0, -18.0)]
[(48.0, 320.0), (40.0, 328.0), (55.0, 328.0), (11.0, 283.0), (87.0, 287.0), (28.0, 156.0), (77.0, 155.0), (23.0, 73.0), (90.0, 73.0), (-0.0, 9.0), (99.0, 10.0), (0, 0), (97.0, 4.0), (-4.0, -18.0), (105.0, -18.0)]
[(49.0, 315.0), (40.0, 322.0), (55.0, 323.0), (13.0, 280.0), (87.0, 282.0), (28.0, 155.0), (77.0, 153.0), (23.0, 72.0), (90.0, 70.0), (-0.0, 8.0), (98.0, 11.0), (0, 0), (97.0, 5.0), (-4.0, -17.0), (104.0, -18.0)]
[(52.0, 309.0), (43.0, 316.0), (58.0, 317.0), (16.0, 276.0), (91.0, 277.0), (31.0, 153.0), (80.0, 151.0), (26.0, 73.0), (94.0, 70.0), (2.0, 9.0), (101.0, 12.0), (0, 0), (100.0, 6.0), (-1.0, -17.0), (107.0, -17.0)]
[(52.0, 300.0), (43.0, 307.0), (59.0, 308.0), (16.0, 270.0), (91.0, 268.0), (31.0, 150.0), (80.0, 148.0), (26.0, 71.0), (94.0, 67.0), (1.0, 8.0), (100.0, 12.0), (0, 0), (99.0, 7.0), (-1.0, -18.0), (106.0, -18.0)]
[(53.0, 292.0), (45.0, 300.0), (60.0, 300.0), (17.0, 264.0), (93.0, 259.0), (32.0, 146.0), (80.0, 146.0), (26.0, 63.0), (94.0, 64.0), (1.0, 7.0), (101.0, 11.0), (0, 0), (100.0, 6.0), (1.0, -20.0), (107.0, -19.0)]
[(53.0, 286.0), (45.0, 294.0), (61.0, 293.0), (17.0, 259.0), (93.0, 254.0), (32.0, 145.0), (80.0, 146.0), (26.0, 63.0), (94.0, 66.0), (1.0, 7.0), (101.0, 12.0), (0, 0), (100.0, 7.0), (0.0, -18.0), (108.0, -17.0)]
[(54.0, 276.0), (46.0, 284.0), (61.0, 284.0), (17.0, 251.0), (93.0, 244.0), (32.0, 141.0), (79.0, 142.0), (26.0, 61.0), (93.0, 64.0), (1.0, 6.0), (101.0, 12.0), (0, 0), (99.0, 7.0), (0.0, -20.0), (107.0, -19.0)]
[(54.0, 265.0), (46.0, 273.0), (61.0, 273.0), (17.0, 244.0), (94.0, 237.0), (32.0, 139.0), (79.0, 138.0), (26.0, 63.0), (93.0, 65.0), (1.0, 7.0), (100.0, 12.0), (0, 0), (97.0, 7.0), (2.0, -19.0), (107.0, -19.0)]
[(54.0, 258.0), (46.0, 268.0), (62.0, 267.0), (17.0, 237.0), (94.0, 231.0), (32.0, 136.0), (79.0, 137.0), (25.0, 61.0), (93.0, 65.0), (2.0, 7.0), (100.0, 11.0), (0, 0), (97.0, 4.0), (4.0, -20.0), (107.0, -19.0)]
[(54.0, 247.0), (46.0, 256.0), (62.0, 257.0), (17.0, 227.0), (94.0, 221.0), (31.0, 133.0), (78.0, 132.0), (25.0, 63.0), (91.0, 68.0), (2.0, 7.0), (100.0, 10.0), (0, 0), (97.0, 4.0), (4.0, -22.0), (106.0, -21.0)]
[(56.0, 241.0), (49.0, 250.0), (65.0, 250.0), (19.0, 222.0), (97.0, 215.0), (33.0, 131.0), (79.0, 130.0), (27.0, 63.0), (92.0, 70.0), (4.0, 7.0), (102.0, 13.0), (0, 0), (99.0, 8.0), (6.0, -22.0), (107.0, -19.0)]
[(56.0, 234.0), (49.0, 243.0), (65.0, 244.0), (19.0, 216.0), (97.0, 210.0), (32.0, 130.0), (79.0, 129.0), (27.0, 64.0), (91.0, 70.0), (4.0, 7.0), (101.0, 13.0), (0, 0), (99.0, 8.0), (6.0, -23.0), (107.0, -18.0)]
[(57.0, 227.0), (50.0, 236.0), (66.0, 238.0), (21.0, 213.0), (99.0, 205.0), (33.0, 131.0), (80.0, 130.0), (29.0, 65.0), (89.0, 78.0), (5.0, 9.0), (101.0, 17.0), (0, 0), (99.0, 12.0), (8.0, -23.0), (106.0, -17.0)]
[(57.0, 222.0), (49.0, 231.0), (65.0, 232.0), (20.0, 208.0), (98.0, 200.0), (32.0, 127.0), (79.0, 127.0), (29.0, 65.0), (88.0, 75.0), (4.0, 8.0), (100.0, 15.0), (0, 0), (98.0, 10.0), (7.0, -24.0), (105.0, -18.0)]
[(52.0, 212.0), (44.0, 221.0), (61.0, 223.0), (15.0, 198.0), (93.0, 190.0), (27.0, 118.0), (74.0, 116.0), (24.0, 62.0), (83.0, 66.0), (2.0, 5.0), (95.0, 8.0), (0, 0), (94.0, 3.0), (2.0, -30.0), (101.0, -26.0)]
[(54.0, 210.0), (45.0, 219.0), (62.0, 221.0), (16.0, 197.0), (95.0, 189.0), (28.0, 117.0), (75.0, 113.0), (25.0, 63.0), (84.0, 65.0), (2.0, 6.0), (96.0, 8.0), (0, 0), (95.0, 3.0), (3.0, -29.0), (102.0, -25.0)]
[(54.0, 216.0), (45.0, 225.0), (62.0, 227.0), (17.0, 202.0), (95.0, 194.0), (29.0, 120.0), (75.0, 117.0), (25.0, 67.0), (86.0, 69.0), (2.0, 8.0), (96.0, 12.0), (0, 0), (96.0, 7.0), (3.0, -26.0), (102.0, -21.0)]
[(55.0, 223.0), (46.0, 232.0), (63.0, 234.0), (18.0, 206.0), (96.0, 199.0), (30.0, 124.0), (76.0, 121.0), (26.0, 70.0), (87.0, 73.0), (3.0, 9.0), (97.0, 16.0), (0, 0), (97.0, 11.0), (4.0, -23.0), (104.0, -17.0)]
[(58.0, 232.0), (49.0, 240.0), (66.0, 242.0), (20.0, 208.0), (99.0, 201.0), (33.0, 127.0), (79.0, 125.0), (30.0, 67.0), (89.0, 72.0), (6.0, 9.0), (101.0, 15.0), (0, 0), (100.0, 9.0), (6.0, -24.0), (107.0, -18.0)]
[(60.0, 241.0), (51.0, 249.0), (68.0, 251.0), (20.0, 210.0), (102.0, 207.0), (35.0, 129.0), (81.0, 128.0), (32.0, 64.0), (91.0, 80.0), (8.0, 7.0), (103.0, 12.0), (0, 0), (103.0, 6.0), (8.0, -27.0), (109.0, -21.0)]
[(58.0, 249.0), (49.0, 257.0), (66.0, 259.0), (18.0, 219.0), (100.0, 214.0), (33.0, 133.0), (79.0, 130.0), (30.0, 63.0), (89.0, 71.0), (6.0, 7.0), (101.0, 12.0), (0, 0), (101.0, 6.0), (6.0, -27.0), (107.0, -21.0)]
[(59.0, 259.0), (50.0, 268.0), (67.0, 269.0), (18.0, 226.0), (102.0, 220.0), (33.0, 135.0), (80.0, 132.0), (30.0, 60.0), (90.0, 66.0), (7.0, 7.0), (103.0, 10.0), (0, 0), (102.0, 4.0), (6.0, -27.0), (108.0, -22.0)]
[(58.0, 266.0), (49.0, 275.0), (67.0, 275.0), (15.0, 233.0), (101.0, 228.0), (32.0, 139.0), (79.0, 136.0), (29.0, 60.0), (89.0, 64.0), (6.0, 7.0), (103.0, 7.0), (0, 0), (102.0, 0.0), (5.0, -27.0), (107.0, -24.0)]
[(58.0, 276.0), (49.0, 285.0), (67.0, 286.0), (14.0, 238.0), (101.0, 235.0), (31.0, 141.0), (79.0, 138.0), (29.0, 60.0), (90.0, 65.0), (6.0, 7.0), (104.0, 7.0), (0, 0), (102.0, 1.0), (5.0, -27.0), (107.0, -24.0)]
[(56.0, 285.0), (48.0, 293.0), (65.0, 294.0), (11.0, 245.0), (99.0, 241.0), (29.0, 145.0), (77.0, 142.0), (25.0, 63.0), (89.0, 64.0), (4.0, 7.0), (102.0, 7.0), (0, 0), (100.0, 2.0), (4.0, -27.0), (105.0, -24.0)]
[(56.0, 296.0), (48.0, 305.0), (65.0, 305.0), (10.0, 248.0), (99.0, 247.0), (29.0, 151.0), (77.0, 148.0), (26.0, 78.0), (89.0, 71.0), (4.0, 6.0), (102.0, 9.0), (0, 0), (101.0, 5.0), (4.0, -27.0), (105.0, -24.0)]
[(55.0, 304.0), (47.0, 313.0), (64.0, 313.0), (9.0, 255.0), (98.0, 253.0), (28.0, 150.0), (76.0, 148.0), (22.0, 75.0), (88.0, 68.0), (2.0, 6.0), (101.0, 9.0), (0, 0), (100.0, 5.0), (1.0, -27.0), (104.0, -24.0)]
[(55.0, 313.0), (47.0, 322.0), (64.0, 322.0), (8.0, 260.0), (98.0, 257.0), (26.0, 151.0), (76.0, 148.0), (21.0, 71.0), (89.0, 67.0), (2.0, 6.0), (101.0, 7.0), (0, 0), (100.0, 3.0), (1.0, -27.0), (104.0, -25.0)]
[(54.0, 323.0), (46.0, 331.0), (63.0, 331.0), (7.0, 267.0), (97.0, 267.0), (25.0, 154.0), (75.0, 152.0), (19.0, 73.0), (92.0, 67.0), (2.0, 7.0), (100.0, 8.0), (0, 0), (98.0, 2.0), (1.0, -25.0), (105.0, -24.0)]
[(55.0, 334.0), (46.0, 343.0), (63.0, 343.0), (6.0, 275.0), (97.0, 276.0), (25.0, 158.0), (76.0, 156.0), (18.0, 75.0), (93.0, 69.0), (1.0, 8.0), (100.0, 8.0), (0, 0), (98.0, 1.0), (1.0, -23.0), (106.0, -23.0)]
[(55.0, 342.0), (46.0, 351.0), (63.0, 351.0), (6.0, 283.0), (97.0, 286.0), (25.0, 161.0), (76.0, 160.0), (16.0, 74.0), (93.0, 70.0), (1.0, 7.0), (100.0, 8.0), (0, 0), (99.0, 2.0), (1.0, -23.0), (106.0, -23.0)]