[(49.0, 364.0), (39.0, 372.0), (57.0, 372.0), (-1.0, 307.0), (89.0, 305.0), (20.0, 182.0), (71.0, 181.0), (2.0, 89.0), (84.0, 89.0), (-3.0, 14.0), (80.0, 14.0), (0, 0), (75.0, 6.0), (-19.0, -11.0), (90.0, -14.0)]
[(49.0, 368.0), (39.0, 377.0), (57.0, 376.0), (-1.0, 311.0), (90.0, 308.0), (19.0, 184.0), (71.0, 183.0), (3.0, 89.0), (83.0, 89.0), (-3.0, 14.0), (80.0, 13.0), (0, 0), (75.0, 5.0), (-17.0, -13.0), (90.0, -15.0)]
[(49.0, 372.0), (40.0, 381.0), (57.0, 380.0), (-1.0, 316.0), (90.0, 311.0), (18.0, 187.0), (71.0, 185.0), (4.0, 92.0), (83.0, 89.0), (-3.0, 14.0), (80.0, 13.0), (0, 0), (75.0, 5.0), (-18.0, -12.0), (91.0, -15.0)]
[(49.0, 378.0), (40.0, 386.0), (57.0, 386.0), (-2.0, 320.0), (90.0, 315.0), (18.0, 190.0), (71.0, 189.0), (3.0, 95.0), (82.0, 92.0), (-3.0, 15.0), (80.0, 15.0), (0, 0), (75.0, 7.0), (-17.0, -12.0), (91.0, -15.0)]
[(49.0, 382.0), (40.0, 391.0), (57.0, 391.0), (-2.0, 322.0), (90.0, 320.0), (18.0, 193.0), (72.0, 192.0), (3.0, 97.0), (82.0, 95.0), (-3.0, 16.0), (81.0, 15.0), (0, 0), (76.0, 6.0), (-20.0, -9.0), (93.0, -14.0)]
[(48.0, 386.0), (39.0, 394.0), (56.0, 393.0), (-3.0, 325.0), (89.0, 322.0), (17.0, 195.0), (71.0, 195.0), (2.0, 100.0), (80.0, 100.0), (-4.0, 16.0), (81.0, 15.0), (0, 0), (75.0, 6.0), (-22.0, -6.0), (92.0, -15.0)]
[(48.0, 389.0), (39.0, 397.0), (56.0, 397.0), (-3.0, 327.0), (89.0, 324.0), (17.0, 197.0), (71.0, 197.0), (2.0, 100.0), (80.0, 100.0), (-4.0, 16.0), (81.0, 15.0), (0, 0), (75.0, 6.0), (-23.0, -7.0), (92.0, -15.0)]
[(48.0, 391.0), (39.0, 400.0), (56.0, 399.0), (-3.0, 329.0), (89.0, 326.0), (17.0, 200.0), (71.0, 199.0), (3.0, 102.0), (80.0, 102.0), (-4.0, 16.0), (81.0, 15.0), (0, 0), (75.0, 6.0), (-19.0, -7.0), (93.0, -14.0)]
[(48.0, 390.0), (39.0, 398.0), (56.0, 398.0), (-3.0, 327.0), (89.0, 326.0), (17.0, 198.0), (70.0, 198.0), (3.0, 101.0), (80.0, 102.0), (-4.0, 16.0), (81.0, 14.0), (0, 0), (75.0, 4.0), (-18.0, -9.0), (92.0, -16.0)]
[(48.0, 389.0), (38.0, 398.0), (56.0, 397.0), (-3.0, 327.0), (89.0, 326.0), (17.0, 196.0), (70.0, 197.0), (3.0, 100.0), (80.0, 101.0), (-4.0, 14.0), (81.0, 15.0), (0, 0), (74.0, 5.0), (-16.0, -12.0), (92.0, -17.0)]
[(45.0, 388.0), (36.0, 397.0), (54.0, 397.0), (-5.0, 327.0), (87.0, 326.0), (14.0, 195.0), (68.0, 196.0), (1.0, 99.0), (78.0, 101.0), (-5.0, 14.0), (79.0, 15.0), (0, 0), (72.0, 6.0), (-18.0, -22.0), (90.0, -17.0)]
[(45.0, 388.0), (36.0, 396.0), (54.0, 396.0), (-6.0, 328.0), (86.0, 326.0), (14.0, 196.0), (67.0, 196.0), (1.0, 99.0), (78.0, 101.0), (-5.0, 14.0), (78.0, 16.0), (0, 0), (71.0, 6.0), (-18.0, -21.0), (90.0, -17.0)]
[(45.0, 388.0), (36.0, 396.0), (54.0, 396.0), (-5.0, 327.0), (86.0, 326.0), (14.0, 194.0), (68.0, 195.0), (2.0, 97.0), (79.0, 99.0), (-5.0, 13.0), (79.0, 14.0), (0, 0), (71.0, 5.0), (-16.0, -22.0), (90.0, -18.0)]
[(45.0, 389.0), (36.0, 397.0), (54.0, 397.0), (-6.0, 329.0), (86.0, 328.0), (14.0, 196.0), (68.0, 197.0), (2.0, 98.0), (79.0, 101.0), (-5.0, 12.0), (79.0, 16.0), (0, 0), (71.0, 7.0), (-16.0, -30.0), (88.0, -16.0)]
[(43.0, 391.0), (34.0, 399.0), (52.0, 399.0), (-7.0, 330.0), (84.0, 331.0), (12.0, 197.0), (66.0, 198.0), (-0.0, 99.0), (77.0, 103.0), (-5.0, 11.0), (77.0, 18.0), (0, 0), (70.0, 7.0), (-20.0, -30.0), (87.0, -14.0)]
[(42.0, 391.0), (34.0, 399.0), (52.0, 399.0), (-8.0, 331.0), (83.0, 331.0), (11.0, 198.0), (65.0, 198.0), (-0.0, 99.0), (77.0, 102.0), (-6.0, 11.0), (77.0, 17.0), (0, 0), (70.0, 7.0), (-20.0, -30.0), (88.0, -14.0)]
[(43.0, 391.0), (35.0, 399.0), (52.0, 399.0), (-8.0, 331.0), (84.0, 331.0), (12.0, 197.0), (66.0, 198.0), (-1.0, 98.0), (78.0, 102.0), (-6.0, 12.0), (78.0, 17.0), (0, 0), (71.0, 7.0), (-24.0, -29.0), (90.0, -14.0)]
[(43.0, 392.0), (34.0, 400.0), (52.0, 400.0), (-8.0, 332.0), (83.0, 333.0), (12.0, 198.0), (65.0, 199.0), (-1.0, 99.0), (78.0, 103.0), (-6.0, 13.0), (79.0, 18.0), (0, 0), (71.0, 8.0), (-23.0, -20.0), (90.0, -13.0)]
[(42.0, 392.0), (34.0, 400.0), (52.0, 400.0), (-8.0, 331.0), (83.0, 333.0), (12.0, 198.0), (65.0, 199.0), (-1.0, 99.0), (78.0, 102.0), (-6.0, 13.0), (79.0, 18.0), (0, 0), (71.0, 8.0), (-23.0, -17.0), (90.0, -13.0)]
[(42.0, 390.0), (33.0, 398.0), (51.0, 399.0), (-8.0, 331.0), (82.0, 332.0), (12.0, 197.0), (64.0, 198.0), (-2.0, 98.0), (76.0, 102.0), (-6.0, 13.0), (78.0, 17.0), (0, 0), (71.0, 7.0), (-22.0, -14.0), (90.0, -13.0)]
[(42.0, 391.0), (33.0, 399.0), (51.0, 399.0), (-9.0, 332.0), (82.0, 333.0), (11.0, 197.0), (63.0, 198.0), (-2.0, 100.0), (75.0, 103.0), (-6.0, 13.0), (78.0, 19.0), (0, 0), (71.0, 8.0), (-23.0, -19.0), (89.0, -12.0)]
[(40.0, 390.0), (32.0, 398.0), (49.0, 398.0), (-10.0, 331.0), (82.0, 332.0), (11.0, 195.0), (63.0, 196.0), (-2.0, 98.0), (75.0, 102.0), (-6.0, 12.0), (78.0, 18.0), (0, 0), (71.0, 7.0), (-21.0, -16.0), (89.0, -13.0)]
[(41.0, 389.0), (32.0, 397.0), (50.0, 397.0), (-9.0, 329.0), (82.0, 331.0), (11.0, 193.0), (64.0, 194.0), (-1.0, 96.0), (76.0, 99.0), (-5.0, 12.0), (79.0, 16.0), (0, 0), (72.0, 5.0), (-20.0, -25.0), (90.0, -15.0)]
[(42.0, 388.0), (33.0, 396.0), (51.0, 396.0), (-8.0, 328.0), (83.0, 330.0), (12.0, 192.0), (65.0, 193.0), (1.0, 96.0), (77.0, 98.0), (-5.0, 12.0), (80.0, 15.0), (0, 0), (73.0, 4.0), (-19.0, -26.0), (91.0, -16.0)]
[(41.0, 388.0), (32.0, 396.0), (50.0, 396.0), (-9.0, 328.0), (83.0, 330.0), (12.0, 192.0), (65.0, 193.0), (-0.0, 95.0), (77.0, 98.0), (-5.0, 12.0), (80.0, 15.0), (0, 0), (73.0, 4.0), (-19.0, -27.0), (92.0, -16.0)]
[(41.0, 387.0), (32.0, 395.0), (50.0, 395.0), (-9.0, 327.0), (83.0, 329.0), (12.0, 191.0), (65.0, 192.0), (-0.0, 94.0), (77.0, 97.0), (-5.0, 12.0), (80.0, 14.0), (0, 0), (73.0, 3.0), (-19.0, -20.0), (92.0, -17.0)]
[(41.0, 387.0), (31.0, 395.0), (50.0, 395.0), (-9.0, 327.0), (83.0, 329.0), (12.0, 191.0), (65.0, 192.0), (-0.0, 94.0), (77.0, 97.0), (-5.0, 13.0), (80.0, 14.0), (0, 0), (73.0, 4.0), (-19.0, -23.0), (92.0, -17.0)]
[(41.0, 387.0), (31.0, 395.0), (50.0, 395.0), (-9.0, 327.0), (83.0, 329.0), (12.0, 191.0), (65.0, 192.0), (-0.0, 94.0), (78.0, 96.0), (-5.0, 13.0), (80.0, 14.0), (0, 0), (73.0, 4.0), (-19.0, -18.0), (92.0, -17.0)]
[(40.0, 387.0), (31.0, 395.0), (49.0, 395.0), (-9.0, 327.0), (83.0, 329.0), (12.0, 191.0), (65.0, 192.0), (-0.0, 94.0), (78.0, 96.0), (-5.0, 13.0), (80.0, 14.0), (0, 0), (73.0, 4.0), (-20.0, -23.0), (92.0, -17.0)]
[(39.0, 389.0), (30.0, 396.0), (48.0, 397.0), (-10.0, 328.0), (82.0, 330.0), (11.0, 192.0), (64.0, 193.0), (-1.0, 94.0), (77.0, 96.0), (-6.0, 13.0), (79.0, 14.0), (0, 0), (72.0, 4.0), (-22.0, -27.0), (91.0, -17.0)]
[(39.0, 390.0), (30.0, 397.0), (48.0, 398.0), (-10.0, 328.0), (82.0, 330.0), (11.0, 192.0), (64.0, 193.0), (-1.0, 94.0), (77.0, 95.0), (-6.0, 12.0), (79.0, 14.0), (0, 0), (72.0, 4.0), (-19.0, -23.0), (91.0, -17.0)]
[(39.0, 390.0), (30.0, 398.0), (48.0, 398.0), (-10.0, 328.0), (82.0, 330.0), (11.0, 192.0), (64.0, 193.0), (-2.0, 94.0), (77.0, 95.0), (-6.0, 12.0), (79.0, 14.0), (0, 0), (72.0, 4.0), (-23.0, -24.0), (91.0, -17.0)]
[(39.0, 392.0), (30.0, 399.0), (48.0, 400.0), (-10.0, 328.0), (82.0, 331.0), (11.0, 193.0), (65.0, 194.0), (-2.0, 94.0), (77.0, 96.0), (-6.0, 12.0), (78.0, 14.0), (0, 0), (71.0, 5.0), (-23.0, -27.0), (91.0, -16.0)]
[(38.0, 392.0), (29.0, 400.0), (47.0, 400.0), (-11.0, 328.0), (81.0, 331.0), (10.0, 193.0), (64.0, 194.0), (-3.0, 94.0), (76.0, 96.0), (-6.0, 12.0), (78.0, 14.0), (0, 0), (71.0, 5.0), (-23.0, -28.0), (90.0, -16.0)]
[(38.0, 392.0), (29.0, 400.0), (47.0, 400.0), (-11.0, 328.0), (81.0, 331.0), (10.0, 193.0), (63.0, 194.0), (-2.0, 94.0), (76.0, 97.0), (-6.0, 12.0), (78.0, 14.0), (0, 0), (71.0, 5.0), (-23.0, -28.0), (89.0, -16.0)]
[(39.0, 392.0), (30.0, 399.0), (48.0, 399.0), (-10.0, 327.0), (82.0, 330.0), (11.0, 191.0), (65.0, 193.0), (-1.0, 93.0), (77.0, 95.0), (-6.0, 12.0), (79.0, 13.0), (0, 0), (72.0, 4.0), (-23.0, -28.0), (91.0, -17.0)]
[(40.0, 392.0), (30.0, 399.0), (48.0, 400.0), (-10.0, 327.0), (82.0, 331.0), (11.0, 190.0), (65.0, 192.0), (-2.0, 93.0), (78.0, 95.0), (-6.0, 12.0), (79.0, 13.0), (0, 0), (72.0, 4.0), (-23.0, -28.0), (91.0, -17.0)]
[(40.0, 391.0), (31.0, 398.0), (49.0, 399.0), (-9.0, 326.0), (83.0, 330.0), (12.0, 189.0), (66.0, 191.0), (-1.0, 92.0), (79.0, 94.0), (-5.0, 13.0), (80.0, 13.0), (0, 0), (73.0, 3.0), (-22.0, -15.0), (92.0, -18.0)]
[(41.0, 391.0), (31.0, 398.0), (49.0, 399.0), (-9.0, 327.0), (83.0, 330.0), (12.0, 189.0), (65.0, 192.0), (-2.0, 92.0), (79.0, 94.0), (-5.0, 13.0), (80.0, 13.0), (0, 0), (73.0, 3.0), (-22.0, -11.0), (91.0, -18.0)]
[(40.0, 391.0), (30.0, 398.0), (48.0, 399.0), (-10.0, 327.0), (82.0, 330.0), (11.0, 189.0), (64.0, 192.0), (-3.0, 92.0), (80.0, 94.0), (-6.0, 13.0), (79.0, 13.0), (0, 0), (72.0, 3.0), (-22.0, -12.0), (90.0, -18.0)]
[(40.0, 391.0), (30.0, 398.0), (48.0, 398.0), (-10.0, 328.0), (81.0, 330.0), (11.0, 190.0), (64.0, 192.0), (-3.0, 92.0), (80.0, 94.0), (-6.0, 13.0), (79.0, 13.0), (0, 0), (73.0, 3.0), (-18.0, -23.0), (90.0, -18.0)]
[(41.0, 391.0), (31.0, 398.0), (49.0, 398.0), (-9.0, 329.0), (82.0, 330.0), (12.0, 192.0), (65.0, 193.0), (-2.0, 93.0), (82.0, 94.0), (-5.0, 14.0), (80.0, 13.0), (0, 0), (74.0, 3.0), (-18.0, -15.0), (91.0, -18.0)]
[(40.0, 390.0), (31.0, 398.0), (49.0, 398.0), (-9.0, 333.0), (81.0, 333.0), (12.0, 195.0), (65.0, 195.0), (-2.0, 94.0), (82.0, 95.0), (-5.0, 14.0), (80.0, 14.0), (0, 0), (74.0, 3.0), (-18.0, -19.0), (91.0, -17.0)]
[(40.0, 389.0), (31.0, 397.0), (49.0, 397.0), (-9.0, 334.0), (81.0, 335.0), (12.0, 197.0), (66.0, 197.0), (-2.0, 94.0), (83.0, 95.0), (-5.0, 13.0), (81.0, 13.0), (0, 0), (74.0, 3.0), (-17.0, -18.0), (91.0, -18.0)]
[(40.0, 388.0), (31.0, 397.0), (49.0, 397.0), (-8.0, 336.0), (80.0, 336.0), (12.0, 198.0), (66.0, 198.0), (-2.0, 96.0), (84.0, 97.0), (-5.0, 13.0), (81.0, 13.0), (0, 0), (74.0, 3.0), (-18.0, -21.0), (91.0, -18.0)]
[(40.0, 387.0), (30.0, 397.0), (49.0, 397.0), (-8.0, 336.0), (80.0, 337.0), (12.0, 198.0), (67.0, 198.0), (-2.0, 96.0), (84.0, 97.0), (-5.0, 13.0), (81.0, 13.0), (0, 0), (74.0, 3.0), (-17.0, -16.0), (91.0, -18.0)]
[(40.0, 388.0), (30.0, 397.0), (49.0, 398.0), (-8.0, 338.0), (79.0, 338.0), (12.0, 198.0), (67.0, 199.0), (-2.0, 97.0), (84.0, 98.0), (-5.0, 13.0), (81.0, 13.0), (0, 0), (75.0, 2.0), (-15.0, -15.0), (92.0, -17.0)]
[(40.0, 388.0), (30.0, 397.0), (49.0, 397.0), (-7.0, 338.0), (79.0, 339.0), (13.0, 198.0), (68.0, 199.0), (-1.0, 97.0), (84.0, 98.0), (-5.0, 13.0), (81.0, 13.0), (0, 0), (75.0, 2.0), (-13.0, -23.0), (92.0, -17.0)]
[(40.0, 386.0), (30.0, 395.0), (49.0, 395.0), (-6.0, 338.0), (78.0, 339.0), (14.0, 198.0), (68.0, 199.0), (-1.0, 97.0), (87.0, 98.0), (-5.0, 13.0), (81.0, 13.0), (0, 0), (74.0, 2.0), (-14.0, -26.0), (92.0, -17.0)]
[(42.0, 382.0), (32.0, 392.0), (51.0, 392.0), (-3.0, 336.0), (80.0, 337.0), (16.0, 196.0), (72.0, 197.0), (-0.0, 94.0), (90.0, 96.0), (-4.0, 13.0), (83.0, 11.0), (0, 0), (76.0, 0.0), (-12.0, -19.0), (94.0, -20.0)]
[(41.0, 380.0), (32.0, 389.0), (50.0, 390.0), (-2.0, 336.0), (80.0, 337.0), (17.0, 195.0), (72.0, 195.0), (-0.0, 94.0), (90.0, 96.0), (-5.0, 14.0), (83.0, 11.0), (0, 0), (76.0, 0.0), (-14.0, -17.0), (94.0, -20.0)]
[(41.0, 379.0), (31.0, 388.0), (50.0, 389.0), (-2.0, 336.0), (80.0, 337.0), (17.0, 195.0), (72.0, 195.0), (-0.0, 94.0), (91.0, 96.0), (-5.0, 14.0), (84.0, 10.0), (0, 0), (76.0, 0.0), (-14.0, -15.0), (94.0, -20.0)]
[(42.0, 378.0), (32.0, 387.0), (51.0, 387.0), (-1.0, 335.0), (80.0, 337.0), (18.0, 194.0), (73.0, 194.0), (2.0, 93.0), (92.0, 94.0), (-4.0, 13.0), (85.0, 10.0), (0, 0), (78.0, 0.0), (-14.0, -15.0), (95.0, -20.0)]
[(42.0, 375.0), (32.0, 384.0), (51.0, 385.0), (-1.0, 333.0), (79.0, 337.0), (18.0, 192.0), (74.0, 193.0), (2.0, 93.0), (92.0, 93.0), (-4.0, 13.0), (85.0, 10.0), (0, 0), (78.0, 0.0), (-14.0, -15.0), (96.0, -20.0)]
[(42.0, 374.0), (32.0, 383.0), (51.0, 383.0), (-1.0, 332.0), (79.0, 337.0), (18.0, 190.0), (73.0, 191.0), (1.0, 92.0), (92.0, 92.0), (-4.0, 14.0), (86.0, 11.0), (0, 0), (78.0, 1.0), (-15.0, -15.0), (96.0, -19.0)]
[(42.0, 370.0), (32.0, 379.0), (51.0, 379.0), (-1.0, 329.0), (79.0, 334.0), (18.0, 186.0), (73.0, 187.0), (1.0, 88.0), (92.0, 89.0), (-4.0, 13.0), (86.0, 10.0), (0, 0), (78.0, 1.0), (-15.0, -16.0), (96.0, -21.0)]
[(42.0, 368.0), (32.0, 377.0), (51.0, 378.0), (-2.0, 327.0), (79.0, 331.0), (17.0, 184.0), (73.0, 185.0), (-0.0, 87.0), (93.0, 88.0), (-4.0, 14.0), (86.0, 10.0), (0, 0), (78.0, 1.0), (-15.0, -14.0), (96.0, -20.0)]
[(42.0, 366.0), (32.0, 374.0), (50.0, 376.0), (-2.0, 324.0), (79.0, 328.0), (17.0, 182.0), (73.0, 182.0), (-1.0, 86.0), (93.0, 86.0), (-4.0, 14.0), (87.0, 10.0), (0, 0), (79.0, 1.0), (-15.0, -15.0), (97.0, -20.0)]
[(42.0, 363.0), (32.0, 372.0), (50.0, 372.0), (-4.0, 324.0), (79.0, 327.0), (17.0, 183.0), (73.0, 182.0), (-1.0, 88.0), (93.0, 87.0), (-4.0, 14.0), (87.0, 11.0), (0, 0), (79.0, 2.0), (-18.0, -14.0), (97.0, -19.0)]
[(42.0, 361.0), (32.0, 371.0), (50.0, 370.0), (-4.0, 324.0), (79.0, 327.0), (16.0, 184.0), (73.0, 184.0), (-1.0, 91.0), (93.0, 90.0), (-3.0, 15.0), (87.0, 14.0), (0, 0), (79.0, 5.0), (-18.0, -12.0), (97.0, -15.0)]
[(41.0, 356.0), (31.0, 366.0), (49.0, 366.0), (-4.0, 322.0), (80.0, 323.0), (16.0, 183.0), (73.0, 183.0), (-1.0, 92.0), (91.0, 90.0), (-3.0, 15.0), (86.0, 15.0), (0, 0), (78.0, 6.0), (-17.0, -13.0), (96.0, -14.0)]
[(39.0, 348.0), (30.0, 358.0), (48.0, 358.0), (-5.0, 316.0), (80.0, 316.0), (15.0, 178.0), (73.0, 178.0), (-2.0, 89.0), (90.0, 87.0), (-3.0, 13.0), (86.0, 13.0), (0, 0), (78.0, 5.0), (-15.0, -16.0), (95.0, -17.0)]
[(39.0, 345.0), (30.0, 355.0), (48.0, 356.0), (-6.0, 314.0), (80.0, 312.0), (15.0, 179.0), (73.0, 179.0), (-2.0, 91.0), (90.0, 89.0), (-3.0, 14.0), (86.0, 14.0), (0, 0), (78.0, 6.0), (-15.0, -14.0), (95.0, -15.0)]
[(39.0, 340.0), (29.0, 349.0), (48.0, 349.0), (-6.0, 309.0), (80.0, 307.0), (15.0, 176.0), (72.0, 176.0), (-2.0, 91.0), (90.0, 88.0), (-3.0, 14.0), (86.0, 13.0), (0, 0), (79.0, 6.0), (-15.0, -14.0), (95.0, -15.0)]
[(38.0, 337.0), (29.0, 347.0), (47.0, 347.0), (-7.0, 305.0), (78.0, 305.0), (14.0, 175.0), (71.0, 176.0), (-3.0, 92.0), (89.0, 90.0), (-4.0, 14.0), (85.0, 15.0), (0, 0), (78.0, 8.0), (-16.0, -12.0), (94.0, -12.0)]
[(38.0, 330.0), (29.0, 340.0), (47.0, 340.0), (-7.0, 298.0), (78.0, 300.0), (14.0, 173.0), (70.0, 173.0), (-4.0, 90.0), (89.0, 88.0), (-4.0, 14.0), (85.0, 15.0), (0, 0), (79.0, 8.0), (-16.0, -12.0), (93.0, -12.0)]
[(38.0, 325.0), (29.0, 334.0), (47.0, 334.0), (-5.0, 293.0), (78.0, 294.0), (14.0, 170.0), (69.0, 170.0), (-6.0, 88.0), (89.0, 83.0), (-4.0, 13.0), (84.0, 13.0), (0, 0), (77.0, 6.0), (-16.0, -13.0), (92.0, -13.0)]
[(37.0, 301.0), (28.0, 311.0), (46.0, 311.0), (-5.0, 275.0), (78.0, 269.0), (12.0, 159.0), (66.0, 159.0), (-12.0, 83.0), (88.0, 80.0), (-5.0, 12.0), (82.0, 11.0), (0, 0), (75.0, 4.0), (-18.0, -13.0), (89.0, -13.0)]
[(35.0, 294.0), (27.0, 303.0), (44.0, 304.0), (-6.0, 267.0), (77.0, 261.0), (10.0, 154.0), (63.0, 155.0), (-15.0, 80.0), (87.0, 81.0), (-6.0, 12.0), (80.0, 11.0), (0, 0), (73.0, 4.0), (-20.0, -13.0), (88.0, -13.0)]
[(35.0, 284.0), (27.0, 294.0), (44.0, 295.0), (-6.0, 261.0), (77.0, 256.0), (10.0, 154.0), (63.0, 155.0), (-14.0, 80.0), (86.0, 82.0), (-6.0, 12.0), (78.0, 11.0), (0, 0), (72.0, 4.0), (-22.0, -13.0), (86.0, -14.0)]
[(34.0, 279.0), (26.0, 289.0), (43.0, 289.0), (-6.0, 256.0), (76.0, 250.0), (10.0, 152.0), (61.0, 153.0), (-15.0, 79.0), (85.0, 81.0), (-7.0, 12.0), (77.0, 11.0), (0, 0), (70.0, 4.0), (-23.0, -13.0), (85.0, -15.0)]
[(34.0, 271.0), (26.0, 281.0), (43.0, 282.0), (-6.0, 251.0), (77.0, 244.0), (10.0, 153.0), (59.0, 154.0), (-15.0, 80.0), (84.0, 83.0), (-7.0, 12.0), (77.0, 14.0), (0, 0), (70.0, 5.0), (-23.0, -14.0), (85.0, -14.0)]
[(33.0, 265.0), (25.0, 275.0), (42.0, 276.0), (-7.0, 245.0), (77.0, 238.0), (9.0, 152.0), (58.0, 154.0), (-17.0, 80.0), (83.0, 85.0), (-7.0, 12.0), (76.0, 14.0), (0, 0), (69.0, 5.0), (-22.0, -14.0), (84.0, -14.0)]
[(33.0, 259.0), (25.0, 269.0), (42.0, 270.0), (-6.0, 241.0), (77.0, 231.0), (9.0, 151.0), (58.0, 151.0), (-17.0, 82.0), (80.0, 84.0), (-7.0, 12.0), (76.0, 14.0), (0, 0), (72.0, 5.0), (-22.0, -14.0), (83.0, -14.0)]
[(33.0, 251.0), (25.0, 261.0), (42.0, 262.0), (-6.0, 234.0), (79.0, 224.0), (9.0, 148.0), (58.0, 148.0), (-18.0, 81.0), (81.0, 82.0), (-7.0, 11.0), (76.0, 13.0), (0, 0), (72.0, 3.0), (-21.0, -15.0), (83.0, -15.0)]
[(40.0, 232.0), (30.0, 242.0), (49.0, 243.0), (-1.0, 222.0), (81.0, 218.0), (13.0, 147.0), (62.0, 145.0), (-12.0, 95.0), (79.0, 96.0), (-6.0, 15.0), (75.0, 16.0), (0, 0), (70.0, 5.0), (-22.0, -11.0), (83.0, -13.0)]
[(41.0, 234.0), (31.0, 244.0), (50.0, 245.0), (-0.0, 224.0), (82.0, 221.0), (14.0, 149.0), (63.0, 148.0), (-11.0, 95.0), (80.0, 97.0), (-5.0, 15.0), (76.0, 15.0), (0, 0), (71.0, 5.0), (-22.0, -11.0), (84.0, -13.0)]
[(42.0, 237.0), (32.0, 247.0), (51.0, 248.0), (1.0, 224.0), (83.0, 223.0), (15.0, 150.0), (64.0, 149.0), (-10.0, 96.0), (82.0, 92.0), (-5.0, 16.0), (77.0, 16.0), (0, 0), (72.0, 6.0), (-21.0, -10.0), (85.0, -12.0)]
[(42.0, 238.0), (32.0, 248.0), (50.0, 249.0), (-0.0, 225.0), (82.0, 223.0), (14.0, 151.0), (63.0, 149.0), (-11.0, 96.0), (81.0, 89.0), (-6.0, 16.0), (76.0, 16.0), (0, 0), (71.0, 6.0), (-22.0, -10.0), (84.0, -12.0)]
[(42.0, 235.0), (32.0, 245.0), (50.0, 246.0), (-0.0, 224.0), (81.0, 222.0), (14.0, 148.0), (63.0, 145.0), (-11.0, 96.0), (81.0, 87.0), (-6.0, 14.0), (76.0, 13.0), (0, 0), (71.0, 3.0), (-21.0, -13.0), (82.0, -15.0)]
[(42.0, 236.0), (32.0, 246.0), (50.0, 247.0), (-0.0, 225.0), (81.0, 223.0), (14.0, 147.0), (63.0, 145.0), (-11.0, 95.0), (81.0, 86.0), (-6.0, 14.0), (76.0, 13.0), (0, 0), (71.0, 4.0), (-21.0, -14.0), (83.0, -15.0)]
[(43.0, 237.0), (33.0, 247.0), (51.0, 248.0), (1.0, 226.0), (82.0, 223.0), (15.0, 148.0), (64.0, 146.0), (-8.0, 96.0), (83.0, 87.0), (-5.0, 14.0), (77.0, 13.0), (0, 0), (72.0, 3.0), (-20.0, -14.0), (84.0, -15.0)]
[(43.0, 238.0), (33.0, 248.0), (51.0, 249.0), (1.0, 226.0), (82.0, 224.0), (15.0, 148.0), (64.0, 145.0), (-8.0, 94.0), (83.0, 85.0), (-5.0, 14.0), (77.0, 13.0), (0, 0), (72.0, 3.0), (-19.0, -14.0), (83.0, -15.0)]
[(42.0, 237.0), (32.0, 247.0), (51.0, 248.0), (-0.0, 226.0), (80.0, 224.0), (14.0, 147.0), (63.0, 144.0), (-11.0, 90.0), (82.0, 85.0), (-6.0, 13.0), (76.0, 12.0), (0, 0), (71.0, 2.0), (-19.0, -15.0), (82.0, -16.0)]
[(42.0, 238.0), (32.0, 247.0), (51.0, 248.0), (-0.0, 226.0), (80.0, 225.0), (14.0, 147.0), (63.0, 145.0), (-11.0, 89.0), (81.0, 86.0), (-6.0, 13.0), (76.0, 12.0), (0, 0), (71.0, 2.0), (-19.0, -15.0), (82.0, -16.0)]
[(43.0, 238.0), (33.0, 248.0), (51.0, 249.0), (1.0, 226.0), (80.0, 225.0), (15.0, 146.0), (64.0, 144.0), (-10.0, 89.0), (83.0, 85.0), (-5.0, 13.0), (77.0, 12.0), (0, 0), (72.0, 2.0), (-18.0, -15.0), (85.0, -16.0)]
[(40.0, 229.0), (30.0, 238.0), (48.0, 240.0), (-2.0, 219.0), (79.0, 215.0), (11.0, 143.0), (61.0, 141.0), (-14.0, 89.0), (81.0, 89.0), (-6.0, 13.0), (75.0, 13.0), (0, 0), (70.0, 2.0), (-22.0, -14.0), (84.0, -16.0)]
[(41.0, 233.0), (30.0, 243.0), (49.0, 244.0), (-2.0, 221.0), (80.0, 220.0), (11.0, 146.0), (61.0, 144.0), (-15.0, 89.0), (82.0, 90.0), (-6.0, 14.0), (75.0, 14.0), (0, 0), (70.0, 3.0), (-22.0, -13.0), (85.0, -15.0)]
[(42.0, 235.0), (32.0, 245.0), (50.0, 246.0), (-1.0, 224.0), (81.0, 222.0), (12.0, 147.0), (62.0, 145.0), (-13.0, 92.0), (84.0, 90.0), (-5.0, 14.0), (77.0, 14.0), (0, 0), (71.0, 3.0), (-20.0, -13.0), (86.0, -15.0)]
[(43.0, 294.0), (35.0, 303.0), (52.0, 303.0), (-0.0, 261.0), (86.0, 255.0), (16.0, 161.0), (66.0, 159.0), (-5.0, 84.0), (85.0, 84.0), (-5.0, 11.0), (77.0, 11.0), (0, 0), (70.0, 0.0), (-18.0, -15.0), (86.0, -17.0)]
[(43.0, 296.0), (35.0, 305.0), (52.0, 305.0), (-0.0, 263.0), (87.0, 256.0), (16.0, 162.0), (66.0, 160.0), (-5.0, 84.0), (85.0, 86.0), (-5.0, 12.0), (77.0, 12.0), (0, 0), (71.0, 1.0), (-19.0, -15.0), (86.0, -17.0)]
[(44.0, 303.0), (35.0, 312.0), (53.0, 311.0), (-0.0, 267.0), (87.0, 262.0), (16.0, 166.0), (66.0, 163.0), (-4.0, 83.0), (85.0, 88.0), (-5.0, 11.0), (77.0, 11.0), (0, 0), (71.0, 1.0), (-19.0, -15.0), (87.0, -17.0)]
[(45.0, 313.0), (36.0, 321.0), (53.0, 321.0), (-0.0, 272.0), (87.0, 267.0), (16.0, 173.0), (66.0, 171.0), (-1.0, 88.0), (81.0, 98.0), (-5.0, 12.0), (77.0, 12.0), (0, 0), (71.0, 2.0), (-20.0, -15.0), (86.0, -16.0)]
[(46.0, 325.0), (37.0, 334.0), (54.0, 335.0), (-0.0, 280.0), (88.0, 275.0), (16.0, 177.0), (66.0, 175.0), (3.0, 95.0), (80.0, 97.0), (-4.0, 11.0), (77.0, 11.0), (0, 0), (71.0, 1.0), (-14.0, -16.0), (87.0, -17.0)]
[(50.0, 331.0), (40.0, 341.0), (58.0, 341.0), (2.0, 286.0), (91.0, 283.0), (18.0, 178.0), (68.0, 176.0), (5.0, 94.0), (83.0, 96.0), (-2.0, 12.0), (79.0, 11.0), (0, 0), (74.0, 1.0), (-12.0, -16.0), (91.0, -17.0)]