[(13.0, 377.0), (3.0, 385.0), (20.0, 387.0), (-31.0, 321.0), (57.0, 326.0), (-7.0, 192.0), (43.0, 193.0), (-11.0, 97.0), (57.0, 98.0), (-7.0, 14.0), (64.0, 19.0), (0, 0), (61.0, 10.0), (-26.0, -19.0), (71.0, -15.0)]
[(11.0, 375.0), (1.0, 384.0), (19.0, 385.0), (-32.0, 320.0), (56.0, 324.0), (-7.0, 189.0), (44.0, 190.0), (-11.0, 94.0), (58.0, 97.0), (-7.0, 13.0), (63.0, 18.0), (0, 0), (59.0, 10.0), (-26.0, -21.0), (71.0, -16.0)]
[(11.0, 375.0), (2.0, 384.0), (19.0, 386.0), (-31.0, 321.0), (57.0, 324.0), (-8.0, 191.0), (44.0, 191.0), (-11.0, 94.0), (58.0, 98.0), (-8.0, 13.0), (63.0, 18.0), (0, 0), (59.0, 10.0), (-26.0, -21.0), (71.0, -16.0)]
[(11.0, 376.0), (1.0, 385.0), (19.0, 387.0), (-30.0, 321.0), (59.0, 324.0), (-7.0, 190.0), (45.0, 191.0), (-10.0, 94.0), (58.0, 97.0), (-7.0, 13.0), (64.0, 17.0), (0, 0), (60.0, 9.0), (-26.0, -21.0), (72.0, -16.0)]
[(11.0, 375.0), (1.0, 384.0), (18.0, 386.0), (-30.0, 321.0), (58.0, 326.0), (-8.0, 191.0), (44.0, 192.0), (-11.0, 94.0), (57.0, 99.0), (-8.0, 13.0), (63.0, 17.0), (0, 0), (60.0, 9.0), (-26.0, -21.0), (71.0, -16.0)]
[(11.0, 374.0), (1.0, 383.0), (19.0, 385.0), (-30.0, 321.0), (58.0, 325.0), (-8.0, 191.0), (44.0, 192.0), (-11.0, 95.0), (56.0, 99.0), (-8.0, 13.0), (63.0, 17.0), (0, 0), (60.0, 9.0), (-26.0, -21.0), (69.0, -15.0)]
[(12.0, 376.0), (2.0, 385.0), (20.0, 387.0), (-30.0, 323.0), (59.0, 327.0), (-8.0, 192.0), (44.0, 194.0), (-11.0, 95.0), (55.0, 100.0), (-8.0, 13.0), (63.0, 16.0), (0, 0), (60.0, 8.0), (-28.0, -20.0), (68.0, -15.0)]
[(11.0, 376.0), (1.0, 385.0), (19.0, 387.0), (-31.0, 323.0), (58.0, 327.0), (-9.0, 191.0), (43.0, 193.0), (-12.0, 96.0), (55.0, 100.0), (-8.0, 13.0), (62.0, 16.0), (0, 0), (59.0, 7.0), (-29.0, -20.0), (67.0, -15.0)]
[(11.0, 376.0), (2.0, 385.0), (19.0, 388.0), (-31.0, 323.0), (58.0, 326.0), (-9.0, 192.0), (43.0, 193.0), (-11.0, 97.0), (55.0, 101.0), (-9.0, 13.0), (62.0, 16.0), (0, 0), (59.0, 7.0), (-28.0, -20.0), (67.0, -15.0)]
[(12.0, 375.0), (2.0, 383.0), (19.0, 386.0), (-30.0, 323.0), (59.0, 325.0), (-9.0, 191.0), (43.0, 192.0), (-11.0, 96.0), (55.0, 100.0), (-8.0, 12.0), (62.0, 15.0), (0, 0), (59.0, 6.0), (-28.0, -21.0), (67.0, -16.0)]
[(12.0, 375.0), (2.0, 384.0), (20.0, 386.0), (-30.0, 323.0), (60.0, 326.0), (-8.0, 191.0), (44.0, 192.0), (-11.0, 96.0), (55.0, 101.0), (-8.0, 12.0), (62.0, 16.0), (0, 0), (60.0, 7.0), (-28.0, -22.0), (67.0, -15.0)]
[(12.0, 375.0), (2.0, 384.0), (20.0, 386.0), (-30.0, 324.0), (61.0, 327.0), (-8.0, 191.0), (44.0, 193.0), (-11.0, 97.0), (56.0, 102.0), (-8.0, 13.0), (63.0, 18.0), (0, 0), (60.0, 8.0), (-28.0, -21.0), (68.0, -14.0)]
[(12.0, 376.0), (2.0, 385.0), (20.0, 387.0), (-30.0, 324.0), (60.0, 326.0), (-8.0, 191.0), (44.0, 193.0), (-11.0, 98.0), (55.0, 103.0), (-9.0, 13.0), (62.0, 18.0), (0, 0), (59.0, 8.0), (-28.0, -21.0), (67.0, -14.0)]
[(15.0, 376.0), (5.0, 385.0), (23.0, 387.0), (-28.0, 324.0), (63.0, 325.0), (-8.0, 191.0), (45.0, 192.0), (-11.0, 97.0), (56.0, 101.0), (-9.0, 12.0), (62.0, 16.0), (0, 0), (59.0, 6.0), (-28.0, -22.0), (67.0, -15.0)]
[(17.0, 376.0), (7.0, 385.0), (25.0, 387.0), (-27.0, 324.0), (64.0, 325.0), (-7.0, 191.0), (45.0, 192.0), (-10.0, 97.0), (56.0, 101.0), (-8.0, 12.0), (62.0, 16.0), (0, 0), (58.0, 5.0), (-28.0, -22.0), (67.0, -16.0)]
[(18.0, 377.0), (8.0, 387.0), (26.0, 388.0), (-26.0, 324.0), (65.0, 326.0), (-6.0, 192.0), (45.0, 193.0), (-10.0, 98.0), (56.0, 102.0), (-8.0, 12.0), (61.0, 17.0), (0, 0), (57.0, 6.0), (-28.0, -21.0), (67.0, -15.0)]
[(19.0, 378.0), (9.0, 387.0), (27.0, 389.0), (-25.0, 324.0), (65.0, 326.0), (-6.0, 192.0), (45.0, 193.0), (-10.0, 97.0), (56.0, 99.0), (-8.0, 12.0), (61.0, 16.0), (0, 0), (57.0, 6.0), (-28.0, -21.0), (67.0, -15.0)]
[(20.0, 378.0), (10.0, 387.0), (28.0, 388.0), (-24.0, 324.0), (66.0, 326.0), (-6.0, 192.0), (46.0, 193.0), (-10.0, 97.0), (57.0, 98.0), (-8.0, 12.0), (61.0, 16.0), (0, 0), (57.0, 6.0), (-28.0, -21.0), (67.0, -16.0)]
[(21.0, 378.0), (10.0, 387.0), (29.0, 389.0), (-24.0, 325.0), (66.0, 325.0), (-6.0, 192.0), (46.0, 193.0), (-10.0, 97.0), (57.0, 97.0), (-8.0, 13.0), (61.0, 16.0), (0, 0), (57.0, 6.0), (-28.0, -21.0), (67.0, -16.0)]
[(21.0, 378.0), (11.0, 387.0), (29.0, 388.0), (-24.0, 325.0), (67.0, 325.0), (-6.0, 192.0), (46.0, 193.0), (-10.0, 96.0), (58.0, 96.0), (-8.0, 12.0), (61.0, 16.0), (0, 0), (57.0, 6.0), (-27.0, -21.0), (67.0, -16.0)]
[(21.0, 378.0), (12.0, 387.0), (30.0, 388.0), (-23.0, 325.0), (67.0, 325.0), (-6.0, 192.0), (46.0, 193.0), (-9.0, 95.0), (58.0, 96.0), (-8.0, 12.0), (61.0, 16.0), (0, 0), (57.0, 6.0), (-27.0, -20.0), (68.0, -16.0)]
[(23.0, 378.0), (13.0, 387.0), (31.0, 389.0), (-22.0, 325.0), (68.0, 325.0), (-4.0, 192.0), (48.0, 192.0), (-8.0, 95.0), (59.0, 96.0), (-7.0, 12.0), (63.0, 16.0), (0, 0), (59.0, 6.0), (-26.0, -20.0), (70.0, -15.0)]
[(22.0, 378.0), (13.0, 387.0), (31.0, 388.0), (-22.0, 325.0), (69.0, 325.0), (-4.0, 191.0), (48.0, 192.0), (-8.0, 94.0), (59.0, 95.0), (-7.0, 12.0), (63.0, 15.0), (0, 0), (59.0, 5.0), (-26.0, -20.0), (71.0, -16.0)]
[(23.0, 378.0), (13.0, 387.0), (31.0, 388.0), (-22.0, 325.0), (69.0, 325.0), (-4.0, 191.0), (48.0, 192.0), (-8.0, 94.0), (59.0, 95.0), (-8.0, 12.0), (63.0, 15.0), (0, 0), (60.0, 4.0), (-26.0, -20.0), (71.0, -16.0)]
[(24.0, 378.0), (15.0, 387.0), (33.0, 388.0), (-21.0, 325.0), (70.0, 325.0), (-3.0, 191.0), (49.0, 191.0), (-7.0, 93.0), (60.0, 95.0), (-7.0, 12.0), (64.0, 15.0), (0, 0), (61.0, 4.0), (-25.0, -21.0), (72.0, -16.0)]
[(24.0, 377.0), (15.0, 386.0), (33.0, 387.0), (-20.0, 324.0), (70.0, 324.0), (-3.0, 190.0), (49.0, 190.0), (-7.0, 92.0), (60.0, 94.0), (-7.0, 11.0), (64.0, 14.0), (0, 0), (61.0, 3.0), (-25.0, -21.0), (72.0, -17.0)]
[(24.0, 377.0), (15.0, 386.0), (33.0, 387.0), (-21.0, 324.0), (70.0, 324.0), (-3.0, 190.0), (50.0, 190.0), (-7.0, 92.0), (60.0, 94.0), (-7.0, 11.0), (65.0, 14.0), (0, 0), (62.0, 3.0), (-25.0, -21.0), (72.0, -17.0)]
[(24.0, 378.0), (15.0, 388.0), (33.0, 389.0), (-21.0, 325.0), (69.0, 325.0), (-3.0, 191.0), (50.0, 192.0), (-7.0, 94.0), (61.0, 97.0), (-7.0, 12.0), (65.0, 15.0), (0, 0), (62.0, 5.0), (-25.0, -20.0), (72.0, -16.0)]
[(24.0, 378.0), (15.0, 388.0), (33.0, 389.0), (-21.0, 325.0), (69.0, 325.0), (-3.0, 191.0), (50.0, 192.0), (-7.0, 94.0), (61.0, 97.0), (-7.0, 12.0), (65.0, 15.0), (0, 0), (62.0, 5.0), (-25.0, -20.0), (72.0, -16.0)]
[(38.0, 379.0), (29.0, 388.0), (47.0, 389.0), (-7.0, 325.0), (83.0, 325.0), (11.0, 191.0), (64.0, 192.0), (5.0, 94.0), (76.0, 96.0), (-2.0, 12.0), (82.0, 15.0), (0, 0), (79.0, 5.0), (-10.0, -23.0), (90.0, -16.0)]
[(42.0, 379.0), (33.0, 388.0), (51.0, 389.0), (-3.0, 325.0), (88.0, 325.0), (15.0, 192.0), (68.0, 192.0), (8.0, 95.0), (81.0, 97.0), (-1.0, 12.0), (90.0, 16.0), (0, 0), (87.0, 7.0), (-6.0, -23.0), (96.0, -15.0)]
[(41.0, 380.0), (32.0, 389.0), (50.0, 390.0), (-4.0, 325.0), (87.0, 325.0), (15.0, 192.0), (68.0, 192.0), (7.0, 95.0), (81.0, 97.0), (-3.0, 11.0), (90.0, 17.0), (0, 0), (88.0, 8.0), (-6.0, -25.0), (96.0, -15.0)]
[(42.0, 380.0), (33.0, 389.0), (51.0, 390.0), (-3.0, 325.0), (88.0, 325.0), (16.0, 192.0), (69.0, 192.0), (8.0, 95.0), (82.0, 97.0), (-2.0, 12.0), (92.0, 18.0), (0, 0), (90.0, 9.0), (-5.0, -25.0), (96.0, -15.0)]
[(42.0, 379.0), (33.0, 388.0), (51.0, 389.0), (-2.0, 324.0), (88.0, 324.0), (17.0, 191.0), (69.0, 191.0), (8.0, 94.0), (82.0, 96.0), (-2.0, 11.0), (91.0, 17.0), (0, 0), (89.0, 8.0), (-4.0, -27.0), (96.0, -17.0)]
[(42.0, 378.0), (33.0, 387.0), (51.0, 388.0), (-2.0, 323.0), (88.0, 323.0), (17.0, 190.0), (69.0, 190.0), (8.0, 93.0), (82.0, 95.0), (-1.0, 10.0), (91.0, 16.0), (0, 0), (89.0, 7.0), (-4.0, -28.0), (96.0, -18.0)]
[(42.0, 377.0), (33.0, 386.0), (51.0, 387.0), (-2.0, 323.0), (88.0, 323.0), (17.0, 190.0), (69.0, 190.0), (9.0, 93.0), (82.0, 96.0), (-2.0, 10.0), (91.0, 16.0), (0, 0), (88.0, 7.0), (-4.0, -28.0), (96.0, -18.0)]
[(42.0, 377.0), (33.0, 386.0), (51.0, 387.0), (-2.0, 323.0), (88.0, 323.0), (17.0, 190.0), (69.0, 190.0), (9.0, 93.0), (82.0, 96.0), (-2.0, 10.0), (90.0, 16.0), (0, 0), (88.0, 7.0), (-4.0, -29.0), (96.0, -18.0)]
[(43.0, 377.0), (33.0, 386.0), (51.0, 387.0), (-2.0, 323.0), (88.0, 323.0), (17.0, 190.0), (69.0, 190.0), (9.0, 95.0), (82.0, 99.0), (-2.0, 11.0), (91.0, 17.0), (0, 0), (88.0, 8.0), (-4.0, -29.0), (95.0, -18.0)]
[(43.0, 376.0), (33.0, 386.0), (52.0, 387.0), (-2.0, 323.0), (88.0, 323.0), (17.0, 190.0), (69.0, 190.0), (10.0, 95.0), (81.0, 99.0), (-2.0, 11.0), (90.0, 17.0), (0, 0), (87.0, 8.0), (-3.0, -29.0), (96.0, -17.0)]
[(43.0, 376.0), (33.0, 386.0), (52.0, 387.0), (-2.0, 323.0), (88.0, 323.0), (17.0, 190.0), (69.0, 190.0), (10.0, 95.0), (81.0, 99.0), (-2.0, 10.0), (89.0, 17.0), (0, 0), (86.0, 8.0), (-3.0, -29.0), (95.0, -17.0)]
[(44.0, 376.0), (34.0, 386.0), (53.0, 387.0), (-1.0, 323.0), (89.0, 323.0), (18.0, 190.0), (70.0, 191.0), (13.0, 96.0), (82.0, 99.0), (-1.0, 10.0), (90.0, 17.0), (0, 0), (86.0, 8.0), (-2.0, -29.0), (96.0, -16.0)]
[(44.0, 377.0), (35.0, 386.0), (53.0, 387.0), (-1.0, 323.0), (89.0, 323.0), (18.0, 190.0), (71.0, 190.0), (13.0, 94.0), (83.0, 98.0), (-1.0, 10.0), (89.0, 15.0), (0, 0), (84.0, 5.0), (-2.0, -29.0), (96.0, -16.0)]
[(43.0, 378.0), (34.0, 387.0), (52.0, 388.0), (-3.0, 323.0), (88.0, 324.0), (18.0, 190.0), (71.0, 191.0), (12.0, 95.0), (82.0, 98.0), (-2.0, 11.0), (88.0, 16.0), (0, 0), (83.0, 6.0), (-3.0, -28.0), (95.0, -16.0)]
[(44.0, 379.0), (35.0, 388.0), (53.0, 389.0), (-2.0, 323.0), (89.0, 325.0), (19.0, 191.0), (71.0, 192.0), (13.0, 94.0), (83.0, 97.0), (-1.0, 10.0), (89.0, 14.0), (0, 0), (84.0, 4.0), (-3.0, -27.0), (96.0, -18.0)]
[(44.0, 380.0), (35.0, 389.0), (53.0, 389.0), (-3.0, 323.0), (88.0, 325.0), (19.0, 190.0), (71.0, 192.0), (11.0, 93.0), (84.0, 95.0), (-1.0, 10.0), (89.0, 16.0), (0, 0), (84.0, 8.0), (-3.0, -26.0), (94.0, -18.0)]
[(44.0, 380.0), (34.0, 389.0), (53.0, 389.0), (-3.0, 323.0), (88.0, 325.0), (18.0, 189.0), (71.0, 191.0), (9.0, 93.0), (84.0, 95.0), (-1.0, 10.0), (88.0, 16.0), (0, 0), (84.0, 8.0), (-4.0, -26.0), (93.0, -18.0)]
[(44.0, 381.0), (34.0, 390.0), (53.0, 390.0), (-3.0, 324.0), (87.0, 326.0), (19.0, 189.0), (71.0, 191.0), (9.0, 93.0), (84.0, 95.0), (-1.0, 11.0), (88.0, 17.0), (0, 0), (84.0, 9.0), (-4.0, -24.0), (93.0, -18.0)]
[(43.0, 379.0), (34.0, 388.0), (52.0, 388.0), (-4.0, 322.0), (86.0, 324.0), (19.0, 187.0), (70.0, 190.0), (9.0, 92.0), (82.0, 92.0), (-1.0, 11.0), (88.0, 16.0), (0, 0), (86.0, 9.0), (-4.0, -25.0), (92.0, -19.0)]
[(43.0, 378.0), (34.0, 387.0), (52.0, 386.0), (-4.0, 322.0), (85.0, 324.0), (19.0, 186.0), (70.0, 189.0), (9.0, 92.0), (82.0, 92.0), (-1.0, 12.0), (89.0, 16.0), (0, 0), (87.0, 8.0), (-4.0, -24.0), (92.0, -19.0)]
[(41.0, 376.0), (32.0, 384.0), (50.0, 384.0), (-5.0, 321.0), (83.0, 322.0), (18.0, 185.0), (69.0, 187.0), (8.0, 91.0), (81.0, 90.0), (-1.0, 12.0), (88.0, 14.0), (0, 0), (86.0, 6.0), (-5.0, -24.0), (92.0, -21.0)]
[(41.0, 375.0), (32.0, 383.0), (50.0, 383.0), (-5.0, 321.0), (83.0, 321.0), (17.0, 185.0), (69.0, 187.0), (8.0, 91.0), (80.0, 88.0), (-1.0, 12.0), (88.0, 13.0), (0, 0), (87.0, 5.0), (-5.0, -24.0), (92.0, -22.0)]
[(40.0, 371.0), (31.0, 379.0), (49.0, 380.0), (-5.0, 320.0), (83.0, 320.0), (17.0, 185.0), (68.0, 186.0), (8.0, 91.0), (79.0, 88.0), (-1.0, 12.0), (89.0, 12.0), (0, 0), (89.0, 5.0), (-6.0, -23.0), (92.0, -22.0)]
[(40.0, 369.0), (31.0, 377.0), (49.0, 378.0), (-6.0, 318.0), (82.0, 317.0), (17.0, 184.0), (68.0, 184.0), (8.0, 89.0), (78.0, 86.0), (-1.0, 12.0), (89.0, 11.0), (0, 0), (88.0, 3.0), (-6.0, -25.0), (92.0, -23.0)]
[(40.0, 364.0), (31.0, 373.0), (49.0, 373.0), (-6.0, 316.0), (81.0, 314.0), (17.0, 182.0), (68.0, 182.0), (7.0, 86.0), (77.0, 81.0), (-1.0, 11.0), (89.0, 7.0), (0, 0), (89.0, 1.0), (-6.0, -26.0), (91.0, -26.0)]
[(39.0, 361.0), (31.0, 369.0), (48.0, 370.0), (-6.0, 314.0), (81.0, 312.0), (17.0, 180.0), (68.0, 180.0), (7.0, 85.0), (76.0, 80.0), (-1.0, 11.0), (89.0, 7.0), (0, 0), (89.0, 1.0), (-6.0, -26.0), (90.0, -26.0)]
[(39.0, 360.0), (31.0, 369.0), (48.0, 369.0), (-6.0, 313.0), (81.0, 312.0), (17.0, 179.0), (68.0, 179.0), (7.0, 85.0), (76.0, 81.0), (-1.0, 11.0), (89.0, 7.0), (0, 0), (89.0, 1.0), (-6.0, -25.0), (89.0, -26.0)]
[(41.0, 358.0), (33.0, 367.0), (50.0, 367.0), (-4.0, 312.0), (82.0, 311.0), (19.0, 179.0), (70.0, 179.0), (10.0, 85.0), (77.0, 81.0), (-0.0, 11.0), (91.0, 8.0), (0, 0), (91.0, 2.0), (-5.0, -25.0), (91.0, -25.0)]
[(40.0, 356.0), (32.0, 364.0), (49.0, 365.0), (-3.0, 311.0), (82.0, 310.0), (19.0, 178.0), (70.0, 179.0), (10.0, 86.0), (76.0, 82.0), (-0.0, 11.0), (91.0, 7.0), (0, 0), (92.0, 1.0), (-5.0, -24.0), (92.0, -25.0)]
[(39.0, 351.0), (32.0, 359.0), (48.0, 359.0), (-3.0, 308.0), (81.0, 306.0), (20.0, 175.0), (70.0, 176.0), (12.0, 84.0), (74.0, 80.0), (-0.0, 11.0), (91.0, 7.0), (0, 0), (92.0, 1.0), (-6.0, -24.0), (92.0, -25.0)]
[(40.0, 345.0), (32.0, 354.0), (48.0, 354.0), (-1.0, 302.0), (81.0, 302.0), (21.0, 171.0), (70.0, 172.0), (13.0, 82.0), (74.0, 78.0), (-0.0, 11.0), (91.0, 7.0), (0, 0), (92.0, 1.0), (-6.0, -24.0), (92.0, -25.0)]
[(40.0, 325.0), (32.0, 333.0), (48.0, 333.0), (-0.0, 284.0), (81.0, 285.0), (22.0, 157.0), (70.0, 157.0), (16.0, 74.0), (73.0, 70.0), (1.0, 7.0), (89.0, 4.0), (0, 0), (90.0, 0.0), (-4.0, -28.0), (92.0, -29.0)]
[(40.0, 320.0), (32.0, 328.0), (48.0, 328.0), (2.0, 280.0), (81.0, 284.0), (23.0, 155.0), (70.0, 155.0), (18.0, 74.0), (73.0, 69.0), (1.0, 8.0), (88.0, 8.0), (0, 0), (88.0, 3.0), (-4.0, -25.0), (92.0, -24.0)]
[(40.0, 318.0), (32.0, 326.0), (48.0, 326.0), (3.0, 278.0), (81.0, 282.0), (23.0, 153.0), (70.0, 153.0), (18.0, 72.0), (73.0, 68.0), (1.0, 8.0), (86.0, 8.0), (0, 0), (86.0, 2.0), (-4.0, -24.0), (92.0, -23.0)]
[(41.0, 319.0), (33.0, 327.0), (49.0, 327.0), (5.0, 278.0), (80.0, 283.0), (25.0, 155.0), (71.0, 154.0), (19.0, 71.0), (74.0, 68.0), (1.0, 8.0), (87.0, 8.0), (0, 0), (86.0, 3.0), (-2.0, -23.0), (93.0, -22.0)]
[(42.0, 315.0), (34.0, 322.0), (49.0, 323.0), (5.0, 275.0), (79.0, 281.0), (25.0, 153.0), (71.0, 153.0), (19.0, 70.0), (74.0, 68.0), (1.0, 8.0), (87.0, 10.0), (0, 0), (86.0, 5.0), (-2.0, -22.0), (93.0, -21.0)]
[(42.0, 311.0), (34.0, 318.0), (49.0, 319.0), (6.0, 271.0), (79.0, 278.0), (25.0, 151.0), (72.0, 150.0), (19.0, 71.0), (74.0, 66.0), (1.0, 8.0), (86.0, 11.0), (0, 0), (85.0, 8.0), (-1.0, -23.0), (92.0, -19.0)]
[(42.0, 304.0), (34.0, 312.0), (49.0, 313.0), (6.0, 267.0), (79.0, 273.0), (26.0, 148.0), (73.0, 147.0), (19.0, 68.0), (74.0, 64.0), (1.0, 8.0), (85.0, 12.0), (0, 0), (85.0, 9.0), (0.0, -23.0), (91.0, -18.0)]
[(42.0, 293.0), (34.0, 300.0), (49.0, 301.0), (7.0, 256.0), (80.0, 259.0), (26.0, 141.0), (73.0, 141.0), (15.0, 65.0), (75.0, 60.0), (-0.0, 7.0), (86.0, 11.0), (0, 0), (85.0, 8.0), (0.0, -24.0), (91.0, -19.0)]
[(42.0, 285.0), (34.0, 292.0), (49.0, 293.0), (8.0, 249.0), (82.0, 251.0), (26.0, 136.0), (73.0, 136.0), (11.0, 60.0), (79.0, 59.0), (-0.0, 6.0), (86.0, 9.0), (0, 0), (84.0, 6.0), (1.0, -25.0), (91.0, -21.0)]
[(42.0, 279.0), (34.0, 286.0), (49.0, 288.0), (9.0, 244.0), (82.0, 245.0), (25.0, 134.0), (73.0, 134.0), (8.0, 61.0), (85.0, 60.0), (-1.0, 6.0), (87.0, 4.0), (0, 0), (84.0, 1.0), (0.0, -24.0), (91.0, -21.0)]
[(42.0, 274.0), (34.0, 281.0), (49.0, 283.0), (8.0, 239.0), (81.0, 241.0), (24.0, 131.0), (72.0, 132.0), (5.0, 62.0), (87.0, 60.0), (-2.0, 6.0), (86.0, 4.0), (0, 0), (83.0, 1.0), (-1.0, -24.0), (90.0, -20.0)]
[(43.0, 261.0), (35.0, 268.0), (51.0, 269.0), (8.0, 228.0), (82.0, 229.0), (24.0, 126.0), (72.0, 127.0), (5.0, 62.0), (86.0, 58.0), (-2.0, 6.0), (87.0, 5.0), (0, 0), (84.0, 1.0), (0.0, -24.0), (91.0, -20.0)]
[(44.0, 255.0), (35.0, 263.0), (52.0, 264.0), (8.0, 223.0), (83.0, 222.0), (23.0, 121.0), (72.0, 123.0), (5.0, 61.0), (87.0, 63.0), (-2.0, 5.0), (87.0, 9.0), (0, 0), (84.0, 5.0), (0.0, -26.0), (90.0, -19.0)]
[(45.0, 252.0), (36.0, 260.0), (53.0, 261.0), (8.0, 221.0), (83.0, 219.0), (23.0, 120.0), (72.0, 121.0), (7.0, 70.0), (97.0, 70.0), (-2.0, 6.0), (86.0, 12.0), (0, 0), (83.0, 7.0), (2.0, -27.0), (89.0, -19.0)]
[(46.0, 252.0), (37.0, 259.0), (54.0, 261.0), (10.0, 221.0), (85.0, 219.0), (24.0, 121.0), (72.0, 120.0), (10.0, 74.0), (97.0, 70.0), (-1.0, 7.0), (88.0, 13.0), (0, 0), (84.0, 7.0), (3.0, -26.0), (90.0, -18.0)]
[(45.0, 251.0), (36.0, 259.0), (53.0, 261.0), (10.0, 220.0), (84.0, 219.0), (23.0, 120.0), (71.0, 119.0), (9.0, 73.0), (93.0, 68.0), (-2.0, 6.0), (87.0, 6.0), (0, 0), (84.0, 0.0), (2.0, -28.0), (89.0, -22.0)]
[(45.0, 256.0), (37.0, 263.0), (53.0, 265.0), (10.0, 223.0), (84.0, 223.0), (22.0, 122.0), (71.0, 121.0), (10.0, 72.0), (93.0, 69.0), (-2.0, 6.0), (87.0, 5.0), (0, 0), (84.0, -1.0), (2.0, -28.0), (89.0, -22.0)]
[(45.0, 260.0), (37.0, 267.0), (53.0, 269.0), (10.0, 227.0), (85.0, 227.0), (22.0, 124.0), (71.0, 123.0), (10.0, 72.0), (93.0, 75.0), (-2.0, 6.0), (87.0, 6.0), (0, 0), (85.0, 0.0), (2.0, -27.0), (89.0, -22.0)]
[(46.0, 265.0), (38.0, 272.0), (54.0, 274.0), (10.0, 228.0), (85.0, 227.0), (22.0, 124.0), (71.0, 124.0), (10.0, 72.0), (93.0, 81.0), (-2.0, 6.0), (88.0, 6.0), (0, 0), (86.0, 0.0), (2.0, -27.0), (89.0, -22.0)]
[(47.0, 273.0), (38.0, 280.0), (55.0, 282.0), (10.0, 231.0), (86.0, 230.0), (22.0, 127.0), (71.0, 127.0), (11.0, 70.0), (85.0, 79.0), (-2.0, 6.0), (87.0, 7.0), (0, 0), (85.0, 0.0), (2.0, -28.0), (89.0, -22.0)]
[(47.0, 282.0), (38.0, 288.0), (55.0, 291.0), (11.0, 241.0), (86.0, 240.0), (22.0, 134.0), (71.0, 133.0), (15.0, 71.0), (82.0, 74.0), (-2.0, 7.0), (87.0, 7.0), (0, 0), (85.0, 0.0), (2.0, -27.0), (89.0, -24.0)]
[(48.0, 290.0), (40.0, 296.0), (56.0, 298.0), (12.0, 249.0), (88.0, 249.0), (24.0, 138.0), (72.0, 137.0), (17.0, 70.0), (81.0, 67.0), (-1.0, 7.0), (88.0, 6.0), (0, 0), (86.0, 0.0), (2.0, -27.0), (90.0, -24.0)]
[(49.0, 293.0), (41.0, 300.0), (57.0, 301.0), (13.0, 253.0), (89.0, 251.0), (25.0, 140.0), (73.0, 140.0), (18.0, 71.0), (81.0, 68.0), (-0.0, 8.0), (89.0, 8.0), (0, 0), (87.0, 1.0), (3.0, -25.0), (91.0, -23.0)]
[(50.0, 295.0), (41.0, 302.0), (57.0, 304.0), (13.0, 258.0), (88.0, 256.0), (25.0, 143.0), (72.0, 142.0), (19.0, 72.0), (81.0, 66.0), (-0.0, 8.0), (89.0, 5.0), (0, 0), (87.0, -2.0), (3.0, -27.0), (91.0, -25.0)]
[(52.0, 302.0), (43.0, 309.0), (58.0, 310.0), (14.0, 263.0), (89.0, 262.0), (25.0, 147.0), (72.0, 145.0), (21.0, 72.0), (81.0, 65.0), (1.0, 7.0), (90.0, 4.0), (0, 0), (88.0, -2.0), (4.0, -27.0), (92.0, -26.0)]
[(52.0, 314.0), (43.0, 321.0), (58.0, 322.0), (14.0, 271.0), (89.0, 272.0), (25.0, 153.0), (72.0, 151.0), (21.0, 74.0), (82.0, 67.0), (1.0, 8.0), (90.0, 6.0), (0, 0), (88.0, -1.0), (4.0, -25.0), (94.0, -24.0)]
[(52.0, 321.0), (43.0, 328.0), (58.0, 329.0), (12.0, 280.0), (89.0, 279.0), (25.0, 157.0), (72.0, 156.0), (22.0, 77.0), (81.0, 70.0), (1.0, 9.0), (90.0, 7.0), (0, 0), (89.0, 1.0), (3.0, -24.0), (94.0, -23.0)]
[(51.0, 330.0), (42.0, 337.0), (57.0, 338.0), (10.0, 286.0), (89.0, 285.0), (24.0, 162.0), (71.0, 161.0), (21.0, 79.0), (79.0, 73.0), (1.0, 9.0), (89.0, 8.0), (0, 0), (87.0, 1.0), (2.0, -23.0), (93.0, -22.0)]
[(51.0, 344.0), (42.0, 352.0), (57.0, 352.0), (7.0, 296.0), (89.0, 296.0), (23.0, 170.0), (71.0, 169.0), (22.0, 82.0), (79.0, 78.0), (2.0, 9.0), (89.0, 9.0), (0, 0), (88.0, 2.0), (2.0, -23.0), (93.0, -22.0)]
[(50.0, 349.0), (42.0, 357.0), (57.0, 357.0), (5.0, 301.0), (89.0, 298.0), (23.0, 171.0), (71.0, 172.0), (22.0, 82.0), (79.0, 81.0), (2.0, 9.0), (90.0, 10.0), (0, 0), (89.0, 3.0), (2.0, -24.0), (93.0, -23.0)]
[(49.0, 365.0), (41.0, 373.0), (56.0, 373.0), (2.0, 312.0), (88.0, 311.0), (22.0, 180.0), (71.0, 180.0), (14.0, 86.0), (81.0, 85.0), (1.0, 10.0), (90.0, 11.0), (0, 0), (88.0, 4.0), (-2.0, -22.0), (93.0, -22.0)]
[(48.0, 369.0), (40.0, 377.0), (56.0, 376.0), (-0.0, 314.0), (88.0, 312.0), (21.0, 182.0), (71.0, 182.0), (11.0, 89.0), (84.0, 85.0), (1.0, 10.0), (91.0, 10.0), (0, 0), (88.0, 4.0), (-2.0, -22.0), (93.0, -22.0)]
[(48.0, 371.0), (40.0, 380.0), (56.0, 379.0), (-0.0, 315.0), (88.0, 314.0), (21.0, 182.0), (71.0, 185.0), (10.0, 90.0), (85.0, 87.0), (1.0, 10.0), (91.0, 11.0), (0, 0), (87.0, 5.0), (-2.0, -23.0), (93.0, -23.0)]
[(46.0, 373.0), (37.0, 381.0), (54.0, 381.0), (-3.0, 315.0), (86.0, 315.0), (20.0, 180.0), (70.0, 183.0), (8.0, 90.0), (83.0, 89.0), (-1.0, 10.0), (89.0, 11.0), (0, 0), (85.0, 5.0), (-5.0, -25.0), (91.0, -23.0)]
[(46.0, 373.0), (37.0, 381.0), (54.0, 381.0), (-3.0, 314.0), (86.0, 314.0), (20.0, 181.0), (71.0, 183.0), (8.0, 90.0), (83.0, 91.0), (-1.0, 10.0), (89.0, 10.0), (0, 0), (85.0, 4.0), (-5.0, -26.0), (91.0, -24.0)]
[(46.0, 374.0), (37.0, 382.0), (54.0, 382.0), (-3.0, 315.0), (87.0, 315.0), (19.0, 185.0), (71.0, 186.0), (8.0, 93.0), (83.0, 93.0), (-1.0, 11.0), (89.0, 11.0), (0, 0), (86.0, 5.0), (-5.0, -26.0), (91.0, -23.0)]
[(46.0, 374.0), (37.0, 382.0), (54.0, 382.0), (-3.0, 317.0), (87.0, 317.0), (17.0, 187.0), (70.0, 187.0), (8.0, 95.0), (83.0, 97.0), (-1.0, 11.0), (89.0, 13.0), (0, 0), (86.0, 6.0), (-5.0, -26.0), (91.0, -22.0)]
[(45.0, 372.0), (36.0, 381.0), (53.0, 381.0), (-4.0, 316.0), (87.0, 315.0), (16.0, 187.0), (69.0, 187.0), (7.0, 93.0), (83.0, 94.0), (-1.0, 11.0), (88.0, 14.0), (0, 0), (85.0, 8.0), (-5.0, -27.0), (90.0, -23.0)]
[(44.0, 373.0), (35.0, 381.0), (52.0, 382.0), (-5.0, 316.0), (86.0, 315.0), (15.0, 187.0), (67.0, 188.0), (6.0, 93.0), (82.0, 96.0), (-1.0, 11.0), (88.0, 14.0), (0, 0), (84.0, 7.0), (-5.0, -28.0), (90.0, -23.0)]
[(44.0, 375.0), (35.0, 384.0), (52.0, 384.0), (-5.0, 318.0), (86.0, 317.0), (15.0, 190.0), (67.0, 190.0), (5.0, 95.0), (83.0, 97.0), (-1.0, 12.0), (88.0, 16.0), (0, 0), (84.0, 9.0), (-5.0, -28.0), (91.0, -20.0)]
[(44.0, 376.0), (35.0, 384.0), (52.0, 385.0), (-5.0, 318.0), (86.0, 317.0), (14.0, 190.0), (66.0, 191.0), (4.0, 96.0), (83.0, 99.0), (-1.0, 12.0), (88.0, 16.0), (0, 0), (84.0, 9.0), (-5.0, -28.0), (91.0, -21.0)]
[(44.0, 376.0), (35.0, 384.0), (53.0, 385.0), (-4.0, 317.0), (86.0, 317.0), (14.0, 191.0), (66.0, 191.0), (4.0, 96.0), (83.0, 100.0), (-1.0, 12.0), (88.0, 16.0), (0, 0), (84.0, 8.0), (-5.0, -28.0), (91.0, -21.0)]
[(44.0, 376.0), (34.0, 385.0), (53.0, 385.0), (-4.0, 317.0), (86.0, 317.0), (14.0, 191.0), (66.0, 191.0), (4.0, 96.0), (83.0, 99.0), (-1.0, 12.0), (88.0, 16.0), (0, 0), (84.0, 8.0), (-5.0, -28.0), (93.0, -21.0)]
[(44.0, 377.0), (34.0, 385.0), (53.0, 385.0), (-4.0, 317.0), (86.0, 317.0), (14.0, 190.0), (66.0, 191.0), (4.0, 96.0), (82.0, 99.0), (-2.0, 12.0), (87.0, 16.0), (0, 0), (83.0, 8.0), (-5.0, -28.0), (92.0, -21.0)]
[(43.0, 376.0), (34.0, 385.0), (52.0, 385.0), (-4.0, 317.0), (86.0, 317.0), (13.0, 190.0), (65.0, 190.0), (4.0, 96.0), (81.0, 99.0), (-2.0, 11.0), (87.0, 15.0), (0, 0), (83.0, 6.0), (-5.0, -29.0), (92.0, -21.0)]
[(44.0, 379.0), (35.0, 388.0), (53.0, 388.0), (-3.0, 320.0), (87.0, 319.0), (13.0, 193.0), (65.0, 192.0), (5.0, 97.0), (81.0, 101.0), (-1.0, 11.0), (88.0, 17.0), (0, 0), (83.0, 8.0), (-4.0, -27.0), (93.0, -19.0)]
[(45.0, 379.0), (36.0, 387.0), (54.0, 387.0), (-3.0, 320.0), (88.0, 319.0), (14.0, 193.0), (66.0, 192.0), (5.0, 97.0), (80.0, 100.0), (-0.0, 11.0), (88.0, 16.0), (0, 0), (84.0, 6.0), (-3.0, -27.0), (94.0, -18.0)]
[(45.0, 379.0), (36.0, 387.0), (54.0, 387.0), (-3.0, 320.0), (87.0, 320.0), (14.0, 192.0), (66.0, 192.0), (5.0, 97.0), (81.0, 100.0), (-1.0, 11.0), (88.0, 16.0), (0, 0), (84.0, 6.0), (-3.0, -28.0), (94.0, -18.0)]
[(46.0, 379.0), (37.0, 388.0), (55.0, 388.0), (-2.0, 321.0), (88.0, 321.0), (15.0, 193.0), (67.0, 193.0), (6.0, 97.0), (82.0, 100.0), (-0.0, 11.0), (89.0, 16.0), (0, 0), (86.0, 6.0), (-2.0, -27.0), (95.0, -18.0)]
[(45.0, 379.0), (37.0, 388.0), (55.0, 388.0), (-2.0, 321.0), (88.0, 321.0), (15.0, 193.0), (67.0, 193.0), (6.0, 97.0), (82.0, 100.0), (-0.0, 10.0), (89.0, 16.0), (0, 0), (86.0, 6.0), (-2.0, -28.0), (95.0, -18.0)]
[(45.0, 379.0), (37.0, 387.0), (54.0, 388.0), (-2.0, 321.0), (88.0, 322.0), (15.0, 193.0), (67.0, 193.0), (6.0, 97.0), (82.0, 100.0), (-0.0, 10.0), (89.0, 16.0), (0, 0), (86.0, 5.0), (-2.0, -28.0), (94.0, -18.0)]
[(45.0, 379.0), (36.0, 387.0), (54.0, 388.0), (-2.0, 321.0), (87.0, 323.0), (15.0, 192.0), (67.0, 193.0), (5.0, 97.0), (84.0, 99.0), (-0.0, 10.0), (90.0, 16.0), (0, 0), (86.0, 5.0), (-3.0, -28.0), (95.0, -18.0)]
[(44.0, 379.0), (36.0, 387.0), (52.0, 388.0), (-2.0, 321.0), (87.0, 323.0), (15.0, 192.0), (67.0, 193.0), (5.0, 97.0), (85.0, 100.0), (-0.0, 10.0), (91.0, 17.0), (0, 0), (87.0, 7.0), (-3.0, -27.0), (96.0, -18.0)]
[(43.0, 379.0), (34.0, 387.0), (51.0, 388.0), (-2.0, 321.0), (87.0, 324.0), (15.0, 191.0), (67.0, 192.0), (5.0, 97.0), (86.0, 99.0), (-0.0, 11.0), (91.0, 17.0), (0, 0), (87.0, 7.0), (-3.0, -26.0), (96.0, -18.0)]
[(41.0, 378.0), (32.0, 386.0), (50.0, 387.0), (-3.0, 321.0), (86.0, 324.0), (15.0, 190.0), (67.0, 191.0), (5.0, 95.0), (86.0, 98.0), (-0.0, 11.0), (91.0, 17.0), (0, 0), (87.0, 7.0), (-4.0, -26.0), (96.0, -19.0)]
[(41.0, 378.0), (31.0, 387.0), (49.0, 387.0), (-3.0, 321.0), (85.0, 324.0), (16.0, 189.0), (67.0, 191.0), (5.0, 93.0), (88.0, 98.0), (-0.0, 11.0), (91.0, 17.0), (0, 0), (87.0, 7.0), (-4.0, -25.0), (96.0, -19.0)]
[(38.0, 378.0), (29.0, 386.0), (47.0, 387.0), (-4.0, 321.0), (83.0, 324.0), (16.0, 189.0), (66.0, 191.0), (4.0, 93.0), (87.0, 98.0), (-1.0, 12.0), (90.0, 17.0), (0, 0), (87.0, 8.0), (-5.0, -25.0), (94.0, -19.0)]
[(36.0, 377.0), (27.0, 385.0), (45.0, 386.0), (-6.0, 321.0), (82.0, 323.0), (15.0, 188.0), (65.0, 190.0), (4.0, 92.0), (86.0, 96.0), (-1.0, 11.0), (90.0, 16.0), (0, 0), (87.0, 7.0), (-6.0, -26.0), (92.0, -20.0)]
[(35.0, 377.0), (26.0, 385.0), (44.0, 386.0), (-7.0, 321.0), (80.0, 323.0), (15.0, 187.0), (65.0, 190.0), (5.0, 92.0), (86.0, 96.0), (-1.0, 12.0), (90.0, 16.0), (0, 0), (87.0, 6.0), (-5.0, -26.0), (93.0, -21.0)]
[(35.0, 377.0), (25.0, 385.0), (43.0, 385.0), (-8.0, 321.0), (79.0, 323.0), (15.0, 187.0), (65.0, 190.0), (5.0, 90.0), (87.0, 95.0), (-1.0, 12.0), (90.0, 16.0), (0, 0), (87.0, 6.0), (-5.0, -27.0), (93.0, -21.0)]
[(35.0, 374.0), (25.0, 382.0), (43.0, 383.0), (-8.0, 322.0), (79.0, 323.0), (14.0, 187.0), (64.0, 190.0), (5.0, 91.0), (86.0, 95.0), (-1.0, 12.0), (91.0, 15.0), (0, 0), (90.0, 5.0), (-6.0, -26.0), (92.0, -21.0)]
[(34.0, 371.0), (25.0, 379.0), (42.0, 380.0), (-9.0, 320.0), (78.0, 321.0), (13.0, 185.0), (63.0, 188.0), (4.0, 89.0), (84.0, 92.0), (-2.0, 10.0), (90.0, 13.0), (0, 0), (90.0, 4.0), (-7.0, -28.0), (90.0, -24.0)]
[(34.0, 371.0), (25.0, 379.0), (42.0, 380.0), (-9.0, 321.0), (78.0, 322.0), (13.0, 186.0), (63.0, 189.0), (3.0, 90.0), (84.0, 93.0), (-2.0, 11.0), (90.0, 14.0), (0, 0), (91.0, 5.0), (-7.0, -28.0), (89.0, -23.0)]
[(34.0, 369.0), (25.0, 377.0), (43.0, 378.0), (-9.0, 321.0), (78.0, 320.0), (13.0, 186.0), (63.0, 188.0), (3.0, 90.0), (84.0, 93.0), (-2.0, 11.0), (90.0, 13.0), (0, 0), (91.0, 5.0), (-7.0, -27.0), (89.0, -24.0)]
[(35.0, 367.0), (26.0, 375.0), (43.0, 376.0), (-8.0, 319.0), (79.0, 318.0), (14.0, 182.0), (65.0, 184.0), (3.0, 88.0), (85.0, 90.0), (-2.0, 11.0), (90.0, 9.0), (0, 0), (91.0, 1.0), (-7.0, -28.0), (89.0, -25.0)]
[(35.0, 365.0), (25.0, 373.0), (43.0, 374.0), (-9.0, 317.0), (79.0, 316.0), (14.0, 180.0), (64.0, 181.0), (3.0, 86.0), (83.0, 87.0), (-2.0, 10.0), (89.0, 7.0), (0, 0), (90.0, 0.0), (-8.0, -28.0), (87.0, -27.0)]
[(35.0, 365.0), (26.0, 373.0), (43.0, 373.0), (-9.0, 317.0), (80.0, 315.0), (15.0, 179.0), (66.0, 181.0), (3.0, 85.0), (84.0, 86.0), (-2.0, 11.0), (90.0, 5.0), (0, 0), (90.0, -2.0), (-9.0, -27.0), (88.0, -27.0)]
[(35.0, 360.0), (26.0, 369.0), (43.0, 369.0), (-8.0, 313.0), (80.0, 313.0), (16.0, 177.0), (66.0, 179.0), (3.0, 84.0), (84.0, 85.0), (-2.0, 11.0), (90.0, 5.0), (0, 0), (91.0, -2.0), (-9.0, -26.0), (89.0, -27.0)]
[(35.0, 358.0), (27.0, 367.0), (44.0, 368.0), (-8.0, 313.0), (80.0, 311.0), (17.0, 177.0), (67.0, 179.0), (3.0, 83.0), (84.0, 85.0), (-2.0, 12.0), (90.0, 6.0), (0, 0), (91.0, -1.0), (-11.0, -24.0), (88.0, -25.0)]
[(35.0, 355.0), (27.0, 364.0), (44.0, 365.0), (-8.0, 309.0), (80.0, 307.0), (18.0, 174.0), (68.0, 176.0), (3.0, 82.0), (84.0, 83.0), (-2.0, 12.0), (90.0, 6.0), (0, 0), (92.0, -1.0), (-11.0, -24.0), (89.0, -24.0)]
[(35.0, 351.0), (28.0, 360.0), (44.0, 361.0), (-7.0, 305.0), (81.0, 305.0), (19.0, 172.0), (69.0, 173.0), (5.0, 82.0), (85.0, 83.0), (-2.0, 12.0), (92.0, 8.0), (0, 0), (94.0, 0.0), (-10.0, -22.0), (92.0, -23.0)]
[(35.0, 346.0), (28.0, 354.0), (44.0, 355.0), (-6.0, 300.0), (82.0, 299.0), (20.0, 168.0), (70.0, 171.0), (6.0, 81.0), (85.0, 82.0), (-2.0, 12.0), (92.0, 8.0), (0, 0), (93.0, 2.0), (-9.0, -22.0), (91.0, -23.0)]
[(35.0, 342.0), (28.0, 350.0), (44.0, 350.0), (-6.0, 295.0), (82.0, 295.0), (21.0, 162.0), (70.0, 166.0), (8.0, 76.0), (84.0, 80.0), (-2.0, 11.0), (91.0, 8.0), (0, 0), (91.0, 3.0), (-9.0, -23.0), (91.0, -23.0)]
[(36.0, 335.0), (28.0, 343.0), (44.0, 344.0), (-5.0, 288.0), (82.0, 289.0), (21.0, 159.0), (70.0, 162.0), (8.0, 73.0), (84.0, 76.0), (-2.0, 10.0), (91.0, 4.0), (0, 0), (91.0, -2.0), (-9.0, -23.0), (91.0, -25.0)]
[(37.0, 328.0), (29.0, 336.0), (45.0, 337.0), (-4.0, 281.0), (83.0, 284.0), (23.0, 154.0), (71.0, 157.0), (9.0, 71.0), (85.0, 73.0), (-2.0, 10.0), (92.0, 3.0), (0, 0), (92.0, -2.0), (-7.0, -23.0), (92.0, -25.0)]
[(38.0, 301.0), (30.0, 310.0), (46.0, 311.0), (-1.0, 261.0), (84.0, 259.0), (23.0, 139.0), (72.0, 142.0), (11.0, 62.0), (86.0, 63.0), (-1.0, 8.0), (92.0, 2.0), (0, 0), (92.0, -3.0), (-5.0, -25.0), (93.0, -25.0)]
[(39.0, 295.0), (31.0, 303.0), (47.0, 304.0), (-0.0, 254.0), (84.0, 251.0), (24.0, 138.0), (72.0, 141.0), (12.0, 62.0), (86.0, 64.0), (-1.0, 8.0), (92.0, 4.0), (0, 0), (90.0, 0.0), (-3.0, -24.0), (94.0, -23.0)]
[(39.0, 296.0), (31.0, 303.0), (47.0, 305.0), (1.0, 255.0), (85.0, 253.0), (25.0, 142.0), (73.0, 147.0), (12.0, 67.0), (86.0, 75.0), (-2.0, 7.0), (92.0, 13.0), (0, 0), (89.0, 9.0), (-2.0, -21.0), (95.0, -14.0)]
[(40.0, 285.0), (32.0, 293.0), (48.0, 295.0), (2.0, 247.0), (86.0, 246.0), (25.0, 140.0), (73.0, 144.0), (13.0, 67.0), (87.0, 75.0), (-2.0, 8.0), (93.0, 12.0), (0, 0), (90.0, 7.0), (-1.0, -21.0), (97.0, -15.0)]
[(40.0, 273.0), (32.0, 281.0), (48.0, 282.0), (2.0, 234.0), (86.0, 233.0), (24.0, 135.0), (72.0, 138.0), (11.0, 65.0), (88.0, 71.0), (-2.0, 8.0), (93.0, 9.0), (0, 0), (90.0, 4.0), (0.0, -24.0), (96.0, -19.0)]
[(38.0, 264.0), (30.0, 272.0), (46.0, 273.0), (-0.0, 225.0), (83.0, 226.0), (21.0, 132.0), (68.0, 135.0), (6.0, 77.0), (85.0, 87.0), (-3.0, 10.0), (89.0, 13.0), (0, 0), (86.0, 5.0), (-2.0, -24.0), (92.0, -17.0)]
[(37.0, 246.0), (29.0, 254.0), (45.0, 256.0), (-1.0, 210.0), (83.0, 208.0), (19.0, 121.0), (66.0, 122.0), (7.0, 88.0), (84.0, 79.0), (-3.0, 7.0), (86.0, 6.0), (0, 0), (83.0, -1.0), (-2.0, -31.0), (90.0, -25.0)]
[(36.0, 237.0), (29.0, 245.0), (44.0, 246.0), (-1.0, 203.0), (83.0, 200.0), (18.0, 115.0), (66.0, 117.0), (7.0, 84.0), (83.0, 77.0), (-3.0, 7.0), (86.0, 8.0), (0, 0), (83.0, 2.0), (0.0, -30.0), (89.0, -24.0)]
[(34.0, 223.0), (26.0, 231.0), (42.0, 233.0), (-3.0, 190.0), (83.0, 188.0), (16.0, 106.0), (64.0, 106.0), (-0.0, 76.0), (82.0, 60.0), (-3.0, 6.0), (83.0, 2.0), (0, 0), (80.0, -4.0), (-1.0, -34.0), (84.0, -40.0)]
[(33.0, 218.0), (25.0, 227.0), (41.0, 228.0), (-4.0, 189.0), (83.0, 184.0), (15.0, 106.0), (63.0, 105.0), (-5.0, 77.0), (84.0, 56.0), (-3.0, 7.0), (82.0, 4.0), (0, 0), (79.0, -2.0), (-2.0, -32.0), (83.0, -37.0)]
[(32.0, 210.0), (24.0, 219.0), (41.0, 221.0), (-4.0, 183.0), (83.0, 177.0), (14.0, 102.0), (63.0, 100.0), (-10.0, 72.0), (85.0, 51.0), (-4.0, 7.0), (81.0, -1.0), (0, 0), (78.0, -5.0), (-3.0, -32.0), (84.0, -37.0)]
[(29.0, 200.0), (21.0, 209.0), (38.0, 212.0), (-8.0, 176.0), (81.0, 171.0), (11.0, 99.0), (61.0, 96.0), (-14.0, 64.0), (85.0, 47.0), (-6.0, 6.0), (79.0, -4.0), (0, 0), (75.0, -9.0), (-7.0, -34.0), (83.0, -48.0)]
[(13.0, 179.0), (4.0, 189.0), (23.0, 191.0), (-26.0, 160.0), (64.0, 154.0), (-6.0, 94.0), (43.0, 91.0), (-34.0, 52.0), (76.0, 36.0), (-8.0, 2.0), (58.0, -20.0), (0, 0), (50.0, -23.0), (-10.0, -34.0), (67.0, -60.0)]
[(19.0, 185.0), (9.0, 195.0), (29.0, 197.0), (-22.0, 164.0), (69.0, 160.0), (-2.0, 102.0), (47.0, 100.0), (-21.0, 56.0), (80.0, 46.0), (-5.0, 3.0), (58.0, -13.0), (0, 0), (49.0, -15.0), (-9.0, -31.0), (62.0, -51.0)]
[(19.0, 186.0), (9.0, 196.0), (29.0, 197.0), (-24.0, 164.0), (70.0, 160.0), (-2.0, 105.0), (47.0, 101.0), (-22.0, 55.0), (79.0, 42.0), (-6.0, 3.0), (53.0, -11.0), (0, 0), (45.0, -13.0), (-10.0, -31.0), (54.0, -49.0)]
[(36.0, 205.0), (27.0, 214.0), (46.0, 216.0), (-8.0, 193.0), (86.0, 180.0), (14.0, 129.0), (63.0, 125.0), (3.0, 63.0), (88.0, 54.0), (-4.0, 15.0), (70.0, 4.0), (0, 0), (63.0, 0.0), (-4.0, -15.0), (81.0, -32.0)]
[(41.0, 220.0), (32.0, 229.0), (50.0, 231.0), (-6.0, 190.0), (90.0, 185.0), (17.0, 115.0), (66.0, 113.0), (8.0, 42.0), (87.0, 43.0), (-1.0, 2.0), (78.0, -15.0), (0, 0), (81.0, -18.0), (0.0, -37.0), (86.0, -54.0)]
[(41.0, 228.0), (32.0, 237.0), (50.0, 238.0), (-8.0, 193.0), (89.0, 190.0), (15.0, 116.0), (66.0, 113.0), (9.0, 49.0), (79.0, 52.0), (-1.0, 1.0), (84.0, -8.0), (0, 0), (85.0, -11.0), (-1.0, -40.0), (88.0, -44.0)]
[(39.0, 231.0), (31.0, 241.0), (48.0, 242.0), (-10.0, 200.0), (88.0, 193.0), (13.0, 117.0), (64.0, 112.0), (7.0, 52.0), (77.0, 48.0), (-2.0, 2.0), (87.0, -8.0), (0, 0), (87.0, -12.0), (-2.0, -44.0), (88.0, -46.0)]
[(39.0, 246.0), (31.0, 256.0), (48.0, 257.0), (-10.0, 210.0), (89.0, 205.0), (13.0, 123.0), (65.0, 118.0), (11.0, 65.0), (78.0, 51.0), (-2.0, 6.0), (89.0, -3.0), (0, 0), (89.0, -7.0), (-1.0, -39.0), (91.0, -41.0)]
[(35.0, 259.0), (27.0, 269.0), (44.0, 270.0), (-11.0, 222.0), (88.0, 217.0), (12.0, 134.0), (64.0, 129.0), (9.0, 73.0), (75.0, 56.0), (-3.0, 12.0), (90.0, 3.0), (0, 0), (91.0, -1.0), (-4.0, -33.0), (92.0, -35.0)]
[(42.0, 293.0), (33.0, 303.0), (50.0, 303.0), (-3.0, 251.0), (95.0, 247.0), (21.0, 161.0), (74.0, 160.0), (14.0, 89.0), (83.0, 80.0), (-0.0, 12.0), (106.0, 22.0), (0, 0), (107.0, 18.0), (-2.0, -22.0), (107.0, -14.0)]
[(28.0, 314.0), (19.0, 323.0), (36.0, 324.0), (-14.0, 268.0), (81.0, 267.0), (14.0, 163.0), (68.0, 163.0), (5.0, 81.0), (84.0, 77.0), (-1.0, 10.0), (104.0, 29.0), (0, 0), (105.0, 25.0), (-1.0, -20.0), (107.0, -8.0)]
[(25.0, 320.0), (17.0, 329.0), (33.0, 331.0), (-17.0, 271.0), (78.0, 270.0), (11.0, 163.0), (65.0, 164.0), (3.0, 79.0), (84.0, 76.0), (-1.0, 9.0), (103.0, 28.0), (0, 0), (105.0, 25.0), (0.0, -20.0), (107.0, -8.0)]
[(22.0, 327.0), (13.0, 336.0), (30.0, 337.0), (-20.0, 276.0), (76.0, 274.0), (8.0, 164.0), (63.0, 165.0), (3.0, 79.0), (83.0, 74.0), (-1.0, 10.0), (103.0, 26.0), (0, 0), (105.0, 23.0), (-1.0, -19.0), (106.0, -10.0)]
[(22.0, 334.0), (12.0, 343.0), (29.0, 344.0), (-23.0, 281.0), (74.0, 281.0), (7.0, 165.0), (61.0, 167.0), (1.0, 79.0), (83.0, 74.0), (-3.0, 8.0), (102.0, 26.0), (0, 0), (104.0, 22.0), (-1.0, -19.0), (106.0, -9.0)]
[(21.0, 344.0), (11.0, 353.0), (28.0, 354.0), (-24.0, 288.0), (71.0, 290.0), (5.0, 169.0), (60.0, 171.0), (-0.0, 80.0), (83.0, 76.0), (-3.0, 9.0), (101.0, 27.0), (0, 0), (100.0, 23.0), (-1.0, -19.0), (106.0, -8.0)]
[(18.0, 349.0), (8.0, 358.0), (25.0, 359.0), (-26.0, 292.0), (72.0, 293.0), (4.0, 172.0), (59.0, 173.0), (-0.0, 79.0), (83.0, 77.0), (-2.0, 7.0), (99.0, 26.0), (0, 0), (97.0, 22.0), (-1.0, -23.0), (106.0, -9.0)]