[(50.0, 374.0), (39.0, 383.0), (57.0, 382.0), (-1.0, 328.0), (85.0, 325.0), (20.0, 202.0), (69.0, 202.0), (1.0, 105.0), (87.0, 106.0), (-6.0, 14.0), (100.0, 16.0), (0, 0), (95.0, 5.0), (-25.0, -16.0), (119.0, -13.0)]
[(49.0, 385.0), (38.0, 394.0), (56.0, 393.0), (-1.0, 339.0), (84.0, 336.0), (19.0, 206.0), (69.0, 207.0), (2.0, 107.0), (87.0, 109.0), (-6.0, 13.0), (100.0, 15.0), (0, 0), (95.0, 4.0), (-25.0, -18.0), (119.0, -14.0)]
[(45.0, 400.0), (35.0, 408.0), (53.0, 408.0), (-3.0, 353.0), (83.0, 352.0), (17.0, 213.0), (68.0, 214.0), (2.0, 110.0), (86.0, 110.0), (-7.0, 13.0), (99.0, 14.0), (0, 0), (94.0, 3.0), (-27.0, -19.0), (117.0, -15.0)]
[(42.0, 402.0), (31.0, 411.0), (51.0, 411.0), (-4.0, 355.0), (82.0, 353.0), (17.0, 214.0), (68.0, 215.0), (3.0, 111.0), (86.0, 110.0), (-7.0, 13.0), (98.0, 14.0), (0, 0), (94.0, 3.0), (-28.0, -19.0), (117.0, -15.0)]
[(42.0, 404.0), (32.0, 412.0), (51.0, 411.0), (-5.0, 356.0), (81.0, 353.0), (16.0, 215.0), (67.0, 216.0), (3.0, 111.0), (85.0, 111.0), (-7.0, 13.0), (98.0, 14.0), (0, 0), (94.0, 4.0), (-28.0, -20.0), (117.0, -15.0)]
[(42.0, 405.0), (32.0, 413.0), (51.0, 413.0), (-5.0, 357.0), (81.0, 353.0), (15.0, 214.0), (67.0, 216.0), (4.0, 110.0), (84.0, 110.0), (-7.0, 13.0), (98.0, 14.0), (0, 0), (94.0, 4.0), (-28.0, -20.0), (117.0, -15.0)]
[(42.0, 406.0), (31.0, 414.0), (50.0, 413.0), (-6.0, 357.0), (81.0, 354.0), (15.0, 213.0), (67.0, 215.0), (4.0, 109.0), (84.0, 109.0), (-7.0, 13.0), (98.0, 14.0), (0, 0), (94.0, 4.0), (-28.0, -21.0), (116.0, -15.0)]
[(41.0, 405.0), (31.0, 413.0), (50.0, 413.0), (-6.0, 357.0), (81.0, 353.0), (15.0, 212.0), (66.0, 215.0), (4.0, 109.0), (83.0, 109.0), (-7.0, 13.0), (98.0, 14.0), (0, 0), (94.0, 4.0), (-28.0, -21.0), (116.0, -15.0)]
[(41.0, 404.0), (30.0, 412.0), (50.0, 412.0), (-7.0, 356.0), (81.0, 353.0), (14.0, 212.0), (66.0, 215.0), (4.0, 109.0), (82.0, 109.0), (-6.0, 13.0), (98.0, 14.0), (0, 0), (94.0, 4.0), (-28.0, -21.0), (116.0, -15.0)]
[(40.0, 404.0), (30.0, 412.0), (49.0, 411.0), (-7.0, 356.0), (81.0, 352.0), (14.0, 212.0), (66.0, 214.0), (4.0, 109.0), (82.0, 109.0), (-6.0, 13.0), (98.0, 14.0), (0, 0), (94.0, 4.0), (-28.0, -21.0), (116.0, -16.0)]
[(40.0, 403.0), (30.0, 411.0), (49.0, 411.0), (-7.0, 355.0), (81.0, 351.0), (14.0, 212.0), (66.0, 214.0), (4.0, 109.0), (82.0, 109.0), (-6.0, 13.0), (98.0, 14.0), (0, 0), (94.0, 4.0), (-28.0, -21.0), (116.0, -15.0)]
[(40.0, 405.0), (30.0, 413.0), (49.0, 412.0), (-7.0, 356.0), (80.0, 353.0), (14.0, 213.0), (66.0, 216.0), (4.0, 110.0), (82.0, 110.0), (-6.0, 14.0), (98.0, 15.0), (0, 0), (94.0, 5.0), (-28.0, -21.0), (116.0, -14.0)]
[(40.0, 406.0), (29.0, 413.0), (49.0, 413.0), (-7.0, 356.0), (80.0, 353.0), (14.0, 213.0), (66.0, 215.0), (4.0, 109.0), (82.0, 110.0), (-6.0, 14.0), (98.0, 15.0), (0, 0), (94.0, 5.0), (-28.0, -21.0), (116.0, -14.0)]
[(40.0, 405.0), (29.0, 413.0), (49.0, 412.0), (-7.0, 356.0), (80.0, 353.0), (14.0, 213.0), (66.0, 216.0), (4.0, 109.0), (82.0, 110.0), (-6.0, 14.0), (98.0, 15.0), (0, 0), (94.0, 5.0), (-28.0, -21.0), (116.0, -14.0)]
[(40.0, 405.0), (29.0, 413.0), (49.0, 413.0), (-7.0, 356.0), (80.0, 353.0), (14.0, 213.0), (66.0, 216.0), (5.0, 109.0), (82.0, 110.0), (-6.0, 14.0), (98.0, 15.0), (0, 0), (94.0, 5.0), (-28.0, -21.0), (116.0, -14.0)]
[(40.0, 404.0), (29.0, 412.0), (49.0, 411.0), (-7.0, 355.0), (80.0, 352.0), (15.0, 213.0), (66.0, 216.0), (5.0, 109.0), (82.0, 110.0), (-6.0, 14.0), (98.0, 15.0), (0, 0), (94.0, 5.0), (-27.0, -21.0), (116.0, -15.0)]
[(40.0, 402.0), (29.0, 411.0), (49.0, 410.0), (-7.0, 355.0), (80.0, 352.0), (15.0, 213.0), (66.0, 215.0), (5.0, 109.0), (82.0, 110.0), (-6.0, 14.0), (98.0, 15.0), (0, 0), (94.0, 5.0), (-27.0, -21.0), (116.0, -15.0)]
[(40.0, 401.0), (29.0, 410.0), (49.0, 409.0), (-7.0, 355.0), (80.0, 351.0), (15.0, 213.0), (66.0, 215.0), (5.0, 108.0), (82.0, 110.0), (-6.0, 14.0), (98.0, 15.0), (0, 0), (94.0, 5.0), (-27.0, -21.0), (116.0, -15.0)]
[(40.0, 395.0), (30.0, 405.0), (49.0, 403.0), (-7.0, 349.0), (81.0, 345.0), (15.0, 212.0), (67.0, 214.0), (5.0, 108.0), (82.0, 109.0), (-6.0, 14.0), (98.0, 15.0), (0, 0), (94.0, 5.0), (-27.0, -21.0), (116.0, -15.0)]
[(44.0, 375.0), (32.0, 384.0), (51.0, 383.0), (-6.0, 330.0), (82.0, 325.0), (16.0, 200.0), (68.0, 201.0), (5.0, 105.0), (82.0, 107.0), (-6.0, 14.0), (98.0, 15.0), (0, 0), (94.0, 4.0), (-27.0, -21.0), (115.0, -15.0)]
[(44.0, 357.0), (33.0, 367.0), (52.0, 365.0), (-6.0, 317.0), (83.0, 310.0), (17.0, 190.0), (68.0, 191.0), (6.0, 99.0), (82.0, 102.0), (-6.0, 14.0), (98.0, 15.0), (0, 0), (94.0, 4.0), (-27.0, -20.0), (115.0, -15.0)]
[(45.0, 357.0), (33.0, 367.0), (52.0, 365.0), (-5.0, 314.0), (84.0, 310.0), (18.0, 191.0), (68.0, 191.0), (6.0, 99.0), (81.0, 102.0), (-6.0, 14.0), (98.0, 14.0), (0, 0), (94.0, 3.0), (-26.0, -20.0), (115.0, -15.0)]
[(45.0, 346.0), (33.0, 355.0), (52.0, 354.0), (-4.0, 304.0), (84.0, 298.0), (18.0, 182.0), (69.0, 182.0), (7.0, 94.0), (82.0, 98.0), (-6.0, 14.0), (98.0, 14.0), (0, 0), (94.0, 2.0), (-26.0, -20.0), (116.0, -15.0)]
[(45.0, 317.0), (34.0, 327.0), (53.0, 325.0), (-2.0, 279.0), (85.0, 276.0), (20.0, 170.0), (69.0, 171.0), (12.0, 87.0), (81.0, 91.0), (-6.0, 14.0), (98.0, 14.0), (0, 0), (95.0, 3.0), (-25.0, -19.0), (116.0, -14.0)]
[(46.0, 301.0), (36.0, 311.0), (54.0, 310.0), (-0.0, 266.0), (87.0, 264.0), (21.0, 162.0), (70.0, 163.0), (17.0, 82.0), (80.0, 86.0), (-4.0, 13.0), (99.0, 14.0), (0, 0), (96.0, 3.0), (-24.0, -19.0), (116.0, -14.0)]
[(47.0, 301.0), (37.0, 310.0), (55.0, 309.0), (-0.0, 263.0), (88.0, 261.0), (21.0, 162.0), (69.0, 162.0), (16.0, 83.0), (79.0, 85.0), (-4.0, 13.0), (99.0, 14.0), (0, 0), (96.0, 3.0), (-24.0, -19.0), (116.0, -14.0)]
[(47.0, 287.0), (37.0, 296.0), (55.0, 295.0), (-0.0, 253.0), (88.0, 248.0), (21.0, 156.0), (69.0, 156.0), (16.0, 81.0), (79.0, 83.0), (-4.0, 13.0), (99.0, 15.0), (0, 0), (96.0, 4.0), (-24.0, -18.0), (116.0, -13.0)]
[(48.0, 286.0), (38.0, 295.0), (57.0, 295.0), (-0.0, 250.0), (88.0, 247.0), (21.0, 154.0), (69.0, 154.0), (16.0, 81.0), (79.0, 82.0), (-4.0, 12.0), (99.0, 14.0), (0, 0), (95.0, 4.0), (-24.0, -18.0), (116.0, -13.0)]
[(47.0, 272.0), (38.0, 280.0), (56.0, 280.0), (-1.0, 239.0), (87.0, 234.0), (20.0, 146.0), (68.0, 146.0), (15.0, 77.0), (79.0, 76.0), (-5.0, 10.0), (98.0, 11.0), (0, 0), (94.0, 2.0), (-24.0, -19.0), (116.0, -15.0)]
[(47.0, 243.0), (38.0, 254.0), (56.0, 252.0), (-1.0, 217.0), (90.0, 212.0), (20.0, 136.0), (68.0, 134.0), (15.0, 72.0), (82.0, 68.0), (-5.0, 10.0), (98.0, 11.0), (0, 0), (94.0, 2.0), (-24.0, -19.0), (116.0, -15.0)]
[(48.0, 231.0), (38.0, 242.0), (57.0, 241.0), (-1.0, 205.0), (92.0, 202.0), (20.0, 129.0), (68.0, 128.0), (14.0, 68.0), (84.0, 63.0), (-5.0, 9.0), (97.0, 10.0), (0, 0), (93.0, 2.0), (-24.0, -19.0), (116.0, -15.0)]
[(48.0, 231.0), (38.0, 241.0), (56.0, 241.0), (-1.0, 204.0), (91.0, 202.0), (20.0, 127.0), (67.0, 125.0), (12.0, 68.0), (83.0, 64.0), (-5.0, 9.0), (96.0, 10.0), (0, 0), (91.0, 1.0), (-25.0, -18.0), (115.0, -15.0)]
[(49.0, 222.0), (38.0, 233.0), (57.0, 233.0), (-1.0, 198.0), (92.0, 195.0), (20.0, 122.0), (67.0, 120.0), (12.0, 70.0), (84.0, 64.0), (-5.0, 9.0), (95.0, 10.0), (0, 0), (90.0, 1.0), (-25.0, -17.0), (114.0, -15.0)]
[(48.0, 215.0), (38.0, 226.0), (57.0, 226.0), (-2.0, 194.0), (91.0, 189.0), (20.0, 118.0), (66.0, 116.0), (11.0, 72.0), (84.0, 60.0), (-6.0, 9.0), (94.0, 10.0), (0, 0), (88.0, 1.0), (-26.0, -17.0), (113.0, -15.0)]
[(48.0, 219.0), (38.0, 229.0), (57.0, 228.0), (-2.0, 196.0), (91.0, 191.0), (20.0, 119.0), (67.0, 117.0), (10.0, 68.0), (84.0, 60.0), (-6.0, 9.0), (94.0, 10.0), (0, 0), (88.0, 1.0), (-25.0, -17.0), (113.0, -15.0)]
[(49.0, 219.0), (39.0, 230.0), (58.0, 229.0), (-2.0, 196.0), (90.0, 192.0), (20.0, 119.0), (67.0, 116.0), (9.0, 69.0), (84.0, 61.0), (-5.0, 9.0), (94.0, 10.0), (0, 0), (88.0, 1.0), (-25.0, -17.0), (113.0, -15.0)]
[(49.0, 228.0), (39.0, 238.0), (58.0, 238.0), (-2.0, 205.0), (90.0, 201.0), (20.0, 122.0), (67.0, 119.0), (8.0, 70.0), (84.0, 61.0), (-5.0, 9.0), (94.0, 10.0), (0, 0), (88.0, 0.0), (-24.0, -17.0), (113.0, -15.0)]
[(48.0, 236.0), (39.0, 244.0), (57.0, 243.0), (-2.0, 208.0), (90.0, 202.0), (20.0, 133.0), (67.0, 131.0), (8.0, 74.0), (84.0, 70.0), (-5.0, 10.0), (94.0, 10.0), (0, 0), (88.0, 0.0), (-24.0, -16.0), (113.0, -15.0)]
[(48.0, 240.0), (39.0, 248.0), (56.0, 247.0), (-1.0, 210.0), (90.0, 204.0), (20.0, 137.0), (67.0, 134.0), (8.0, 76.0), (84.0, 73.0), (-6.0, 10.0), (94.0, 10.0), (0, 0), (89.0, 0.0), (-24.0, -16.0), (113.0, -15.0)]
[(48.0, 257.0), (40.0, 266.0), (56.0, 264.0), (-0.0, 223.0), (89.0, 217.0), (21.0, 143.0), (67.0, 141.0), (9.0, 78.0), (85.0, 77.0), (-5.0, 10.0), (96.0, 10.0), (0, 0), (90.0, 0.0), (-23.0, -16.0), (116.0, -14.0)]
[(48.0, 259.0), (40.0, 268.0), (56.0, 267.0), (-0.0, 227.0), (88.0, 221.0), (21.0, 145.0), (67.0, 144.0), (9.0, 79.0), (84.0, 79.0), (-5.0, 10.0), (96.0, 10.0), (0, 0), (90.0, 0.0), (-23.0, -16.0), (116.0, -14.0)]
[(48.0, 273.0), (40.0, 283.0), (56.0, 282.0), (-0.0, 237.0), (88.0, 234.0), (21.0, 151.0), (67.0, 150.0), (8.0, 81.0), (84.0, 80.0), (-5.0, 10.0), (96.0, 10.0), (0, 0), (91.0, 0.0), (-23.0, -17.0), (116.0, -15.0)]
[(48.0, 311.0), (39.0, 319.0), (56.0, 318.0), (-0.0, 268.0), (87.0, 266.0), (21.0, 164.0), (67.0, 165.0), (6.0, 84.0), (84.0, 88.0), (-6.0, 11.0), (97.0, 10.0), (0, 0), (92.0, 0.0), (-23.0, -17.0), (117.0, -15.0)]
[(47.0, 328.0), (39.0, 336.0), (55.0, 337.0), (1.0, 284.0), (86.0, 281.0), (21.0, 175.0), (68.0, 175.0), (5.0, 91.0), (86.0, 93.0), (-5.0, 11.0), (98.0, 11.0), (0, 0), (93.0, 0.0), (-22.0, -17.0), (118.0, -15.0)]
[(47.0, 329.0), (39.0, 337.0), (54.0, 337.0), (1.0, 286.0), (86.0, 284.0), (21.0, 177.0), (68.0, 176.0), (4.0, 95.0), (86.0, 97.0), (-5.0, 12.0), (98.0, 13.0), (0, 0), (93.0, 1.0), (-23.0, -16.0), (118.0, -14.0)]
[(46.0, 346.0), (37.0, 354.0), (54.0, 353.0), (1.0, 303.0), (86.0, 298.0), (21.0, 188.0), (68.0, 187.0), (3.0, 99.0), (86.0, 100.0), (-6.0, 14.0), (99.0, 15.0), (0, 0), (94.0, 3.0), (-24.0, -15.0), (118.0, -13.0)]
[(46.0, 344.0), (37.0, 354.0), (54.0, 353.0), (1.0, 304.0), (87.0, 299.0), (21.0, 190.0), (69.0, 189.0), (3.0, 101.0), (87.0, 102.0), (-5.0, 14.0), (100.0, 15.0), (0, 0), (95.0, 3.0), (-24.0, -16.0), (119.0, -13.0)]
[(46.0, 363.0), (36.0, 371.0), (53.0, 370.0), (-0.0, 318.0), (86.0, 313.0), (21.0, 196.0), (69.0, 196.0), (2.0, 102.0), (88.0, 102.0), (-5.0, 14.0), (100.0, 15.0), (0, 0), (96.0, 3.0), (-25.0, -17.0), (119.0, -13.0)]
[(43.0, 388.0), (34.0, 397.0), (52.0, 396.0), (-1.0, 342.0), (86.0, 339.0), (20.0, 209.0), (69.0, 209.0), (3.0, 107.0), (88.0, 109.0), (-5.0, 14.0), (100.0, 16.0), (0, 0), (96.0, 4.0), (-26.0, -17.0), (119.0, -13.0)]