[(43.0, 372.0), (32.0, 381.0), (51.0, 381.0), (-1.0, 327.0), (80.0, 329.0), (15.0, 201.0), (65.0, 200.0), (-3.0, 108.0), (87.0, 107.0), (-7.0, 13.0), (97.0, 14.0), (0, 0), (93.0, 3.0), (-27.0, -19.0), (118.0, -14.0)]
[(42.0, 392.0), (32.0, 401.0), (50.0, 400.0), (-2.0, 349.0), (79.0, 352.0), (14.0, 213.0), (64.0, 212.0), (-1.0, 110.0), (86.0, 111.0), (-7.0, 13.0), (97.0, 15.0), (0, 0), (93.0, 4.0), (-27.0, -19.0), (118.0, -14.0)]
[(40.0, 395.0), (30.0, 404.0), (48.0, 404.0), (-3.0, 351.0), (78.0, 355.0), (12.0, 215.0), (63.0, 215.0), (-0.0, 111.0), (83.0, 111.0), (-7.0, 13.0), (96.0, 14.0), (0, 0), (92.0, 3.0), (-29.0, -20.0), (115.0, -15.0)]
[(40.0, 398.0), (29.0, 407.0), (48.0, 406.0), (-3.0, 351.0), (78.0, 353.0), (12.0, 215.0), (63.0, 213.0), (2.0, 111.0), (81.0, 110.0), (-7.0, 13.0), (96.0, 14.0), (0, 0), (92.0, 3.0), (-29.0, -20.0), (115.0, -15.0)]
[(39.0, 399.0), (29.0, 408.0), (48.0, 407.0), (-3.0, 353.0), (78.0, 354.0), (12.0, 213.0), (63.0, 213.0), (3.0, 110.0), (80.0, 110.0), (-7.0, 13.0), (96.0, 14.0), (0, 0), (92.0, 3.0), (-29.0, -20.0), (115.0, -15.0)]
[(39.0, 400.0), (28.0, 409.0), (48.0, 408.0), (-4.0, 354.0), (77.0, 354.0), (12.0, 214.0), (63.0, 214.0), (3.0, 110.0), (80.0, 110.0), (-7.0, 13.0), (96.0, 14.0), (0, 0), (92.0, 3.0), (-29.0, -20.0), (115.0, -15.0)]
[(38.0, 400.0), (28.0, 409.0), (48.0, 408.0), (-4.0, 354.0), (77.0, 354.0), (12.0, 214.0), (63.0, 214.0), (4.0, 109.0), (79.0, 109.0), (-7.0, 13.0), (96.0, 14.0), (0, 0), (92.0, 3.0), (-29.0, -21.0), (115.0, -15.0)]
[(38.0, 400.0), (28.0, 409.0), (48.0, 408.0), (-4.0, 355.0), (77.0, 354.0), (12.0, 214.0), (63.0, 214.0), (4.0, 109.0), (78.0, 109.0), (-7.0, 13.0), (96.0, 14.0), (0, 0), (92.0, 3.0), (-29.0, -21.0), (114.0, -15.0)]
[(38.0, 399.0), (28.0, 408.0), (47.0, 408.0), (-4.0, 354.0), (77.0, 353.0), (12.0, 214.0), (63.0, 214.0), (5.0, 109.0), (78.0, 109.0), (-7.0, 13.0), (96.0, 14.0), (0, 0), (92.0, 3.0), (-29.0, -21.0), (114.0, -15.0)]
[(38.0, 399.0), (28.0, 408.0), (47.0, 408.0), (-4.0, 354.0), (77.0, 352.0), (12.0, 214.0), (63.0, 214.0), (5.0, 109.0), (78.0, 109.0), (-6.0, 13.0), (96.0, 14.0), (0, 0), (92.0, 4.0), (-28.0, -22.0), (114.0, -15.0)]
[(38.0, 399.0), (28.0, 408.0), (47.0, 407.0), (-4.0, 354.0), (77.0, 352.0), (12.0, 213.0), (63.0, 214.0), (5.0, 109.0), (78.0, 109.0), (-6.0, 13.0), (96.0, 14.0), (0, 0), (92.0, 4.0), (-28.0, -22.0), (114.0, -15.0)]
[(38.0, 399.0), (28.0, 408.0), (47.0, 407.0), (-5.0, 354.0), (77.0, 353.0), (12.0, 213.0), (63.0, 214.0), (5.0, 109.0), (79.0, 109.0), (-6.0, 13.0), (96.0, 14.0), (0, 0), (92.0, 4.0), (-28.0, -22.0), (114.0, -15.0)]
[(38.0, 399.0), (28.0, 408.0), (47.0, 407.0), (-5.0, 354.0), (77.0, 353.0), (12.0, 213.0), (63.0, 214.0), (5.0, 109.0), (79.0, 109.0), (-6.0, 13.0), (96.0, 14.0), (0, 0), (92.0, 4.0), (-28.0, -22.0), (114.0, -15.0)]
[(38.0, 399.0), (28.0, 408.0), (47.0, 407.0), (-5.0, 354.0), (77.0, 353.0), (12.0, 213.0), (63.0, 213.0), (5.0, 108.0), (79.0, 109.0), (-6.0, 13.0), (96.0, 14.0), (0, 0), (92.0, 4.0), (-28.0, -22.0), (114.0, -15.0)]
[(38.0, 399.0), (28.0, 408.0), (47.0, 407.0), (-4.0, 354.0), (77.0, 353.0), (12.0, 214.0), (64.0, 214.0), (5.0, 109.0), (79.0, 109.0), (-6.0, 13.0), (96.0, 14.0), (0, 0), (92.0, 4.0), (-28.0, -22.0), (114.0, -15.0)]
[(38.0, 399.0), (28.0, 408.0), (47.0, 407.0), (-4.0, 353.0), (77.0, 354.0), (13.0, 214.0), (64.0, 214.0), (5.0, 109.0), (79.0, 109.0), (-6.0, 13.0), (96.0, 14.0), (0, 0), (92.0, 4.0), (-28.0, -22.0), (114.0, -15.0)]
[(38.0, 399.0), (28.0, 408.0), (47.0, 407.0), (-4.0, 353.0), (77.0, 354.0), (13.0, 214.0), (64.0, 214.0), (5.0, 109.0), (78.0, 109.0), (-6.0, 13.0), (96.0, 14.0), (0, 0), (92.0, 5.0), (-28.0, -22.0), (113.0, -15.0)]
[(38.0, 400.0), (28.0, 408.0), (47.0, 408.0), (-4.0, 353.0), (77.0, 354.0), (13.0, 214.0), (64.0, 214.0), (5.0, 109.0), (79.0, 109.0), (-6.0, 13.0), (96.0, 14.0), (0, 0), (92.0, 5.0), (-28.0, -22.0), (114.0, -15.0)]
[(38.0, 400.0), (28.0, 409.0), (48.0, 408.0), (-4.0, 353.0), (77.0, 354.0), (14.0, 214.0), (65.0, 214.0), (5.0, 109.0), (79.0, 110.0), (-6.0, 13.0), (96.0, 14.0), (0, 0), (92.0, 4.0), (-28.0, -22.0), (114.0, -16.0)]
[(39.0, 400.0), (29.0, 409.0), (48.0, 408.0), (-4.0, 353.0), (77.0, 354.0), (14.0, 214.0), (65.0, 214.0), (5.0, 109.0), (79.0, 109.0), (-6.0, 13.0), (96.0, 14.0), (0, 0), (92.0, 4.0), (-28.0, -22.0), (114.0, -16.0)]
[(39.0, 400.0), (29.0, 409.0), (48.0, 408.0), (-4.0, 353.0), (77.0, 354.0), (14.0, 214.0), (65.0, 214.0), (6.0, 109.0), (79.0, 109.0), (-6.0, 13.0), (96.0, 14.0), (0, 0), (92.0, 4.0), (-28.0, -22.0), (114.0, -16.0)]
[(40.0, 400.0), (29.0, 409.0), (48.0, 408.0), (-4.0, 353.0), (77.0, 354.0), (14.0, 214.0), (65.0, 214.0), (6.0, 109.0), (79.0, 109.0), (-6.0, 13.0), (96.0, 14.0), (0, 0), (92.0, 4.0), (-28.0, -22.0), (114.0, -16.0)]
[(41.0, 394.0), (30.0, 403.0), (49.0, 402.0), (-4.0, 347.0), (78.0, 352.0), (15.0, 214.0), (65.0, 214.0), (5.0, 109.0), (79.0, 109.0), (-6.0, 13.0), (95.0, 14.0), (0, 0), (92.0, 4.0), (-28.0, -22.0), (114.0, -16.0)]
[(42.0, 387.0), (30.0, 396.0), (50.0, 396.0), (-4.0, 343.0), (79.0, 348.0), (15.0, 213.0), (66.0, 213.0), (5.0, 110.0), (79.0, 110.0), (-6.0, 14.0), (95.0, 15.0), (0, 0), (92.0, 5.0), (-28.0, -21.0), (113.0, -15.0)]
[(42.0, 383.0), (31.0, 393.0), (50.0, 392.0), (-4.0, 341.0), (79.0, 345.0), (15.0, 211.0), (66.0, 211.0), (5.0, 108.0), (79.0, 108.0), (-6.0, 13.0), (95.0, 15.0), (0, 0), (92.0, 4.0), (-27.0, -22.0), (113.0, -15.0)]
[(43.0, 377.0), (32.0, 385.0), (51.0, 385.0), (-4.0, 335.0), (79.0, 339.0), (15.0, 209.0), (66.0, 208.0), (5.0, 107.0), (79.0, 107.0), (-5.0, 13.0), (95.0, 15.0), (0, 0), (92.0, 4.0), (-27.0, -22.0), (113.0, -15.0)]
[(43.0, 377.0), (32.0, 386.0), (51.0, 385.0), (-4.0, 335.0), (79.0, 339.0), (15.0, 209.0), (66.0, 209.0), (5.0, 107.0), (79.0, 107.0), (-5.0, 14.0), (95.0, 15.0), (0, 0), (92.0, 4.0), (-27.0, -21.0), (113.0, -14.0)]
[(43.0, 369.0), (32.0, 378.0), (51.0, 378.0), (-3.0, 328.0), (80.0, 330.0), (16.0, 205.0), (66.0, 204.0), (5.0, 106.0), (79.0, 106.0), (-5.0, 14.0), (95.0, 16.0), (0, 0), (92.0, 4.0), (-27.0, -21.0), (113.0, -14.0)]
[(44.0, 349.0), (32.0, 358.0), (52.0, 358.0), (-3.0, 311.0), (81.0, 312.0), (16.0, 193.0), (66.0, 192.0), (5.0, 101.0), (79.0, 102.0), (-5.0, 14.0), (95.0, 15.0), (0, 0), (93.0, 4.0), (-26.0, -20.0), (113.0, -14.0)]
[(44.0, 337.0), (32.0, 347.0), (52.0, 346.0), (-2.0, 300.0), (82.0, 301.0), (16.0, 185.0), (66.0, 184.0), (5.0, 98.0), (79.0, 99.0), (-5.0, 14.0), (95.0, 15.0), (0, 0), (93.0, 2.0), (-26.0, -20.0), (113.0, -14.0)]
[(44.0, 338.0), (33.0, 346.0), (52.0, 346.0), (-1.0, 299.0), (83.0, 299.0), (17.0, 184.0), (67.0, 183.0), (5.0, 97.0), (79.0, 97.0), (-5.0, 15.0), (95.0, 15.0), (0, 0), (93.0, 2.0), (-26.0, -19.0), (113.0, -14.0)]
[(44.0, 317.0), (33.0, 327.0), (53.0, 326.0), (-1.0, 281.0), (83.0, 281.0), (17.0, 171.0), (67.0, 169.0), (5.0, 90.0), (82.0, 91.0), (-5.0, 14.0), (95.0, 15.0), (0, 0), (93.0, 2.0), (-26.0, -19.0), (113.0, -14.0)]
[(44.0, 305.0), (33.0, 315.0), (53.0, 314.0), (-1.0, 271.0), (83.0, 273.0), (17.0, 167.0), (67.0, 166.0), (6.0, 88.0), (84.0, 86.0), (-5.0, 14.0), (95.0, 15.0), (0, 0), (93.0, 2.0), (-26.0, -19.0), (113.0, -14.0)]
[(45.0, 294.0), (35.0, 304.0), (54.0, 304.0), (-0.0, 261.0), (84.0, 263.0), (19.0, 163.0), (68.0, 163.0), (8.0, 87.0), (85.0, 85.0), (-4.0, 13.0), (96.0, 14.0), (0, 0), (94.0, 2.0), (-25.0, -19.0), (115.0, -15.0)]
[(46.0, 294.0), (35.0, 304.0), (54.0, 304.0), (-0.0, 261.0), (84.0, 264.0), (19.0, 164.0), (68.0, 163.0), (8.0, 87.0), (85.0, 86.0), (-4.0, 13.0), (97.0, 15.0), (0, 0), (94.0, 3.0), (-25.0, -18.0), (115.0, -14.0)]
[(46.0, 277.0), (36.0, 287.0), (54.0, 287.0), (-0.0, 245.0), (84.0, 246.0), (19.0, 157.0), (68.0, 157.0), (9.0, 84.0), (86.0, 84.0), (-4.0, 13.0), (97.0, 15.0), (0, 0), (93.0, 4.0), (-25.0, -18.0), (115.0, -13.0)]
[(46.0, 268.0), (36.0, 278.0), (54.0, 277.0), (-0.0, 235.0), (84.0, 234.0), (19.0, 152.0), (68.0, 151.0), (10.0, 81.0), (86.0, 81.0), (-4.0, 12.0), (97.0, 15.0), (0, 0), (93.0, 4.0), (-25.0, -18.0), (116.0, -13.0)]
[(46.0, 266.0), (36.0, 276.0), (54.0, 275.0), (-0.0, 235.0), (84.0, 236.0), (20.0, 151.0), (68.0, 150.0), (10.0, 82.0), (86.0, 82.0), (-4.0, 12.0), (97.0, 16.0), (0, 0), (93.0, 5.0), (-25.0, -17.0), (116.0, -13.0)]
[(45.0, 258.0), (35.0, 269.0), (53.0, 268.0), (-1.0, 228.0), (83.0, 225.0), (19.0, 147.0), (66.0, 146.0), (9.0, 81.0), (86.0, 80.0), (-5.0, 13.0), (96.0, 16.0), (0, 0), (91.0, 6.0), (-26.0, -16.0), (115.0, -12.0)]
[(45.0, 256.0), (36.0, 267.0), (54.0, 266.0), (-1.0, 227.0), (82.0, 227.0), (19.0, 145.0), (67.0, 144.0), (10.0, 81.0), (86.0, 81.0), (-5.0, 13.0), (95.0, 16.0), (0, 0), (91.0, 5.0), (-26.0, -16.0), (115.0, -12.0)]
[(45.0, 250.0), (36.0, 260.0), (54.0, 259.0), (-1.0, 221.0), (82.0, 218.0), (19.0, 140.0), (67.0, 139.0), (10.0, 81.0), (87.0, 79.0), (-5.0, 13.0), (95.0, 16.0), (0, 0), (91.0, 5.0), (-26.0, -16.0), (115.0, -12.0)]
[(46.0, 234.0), (37.0, 244.0), (54.0, 244.0), (-1.0, 207.0), (81.0, 208.0), (19.0, 132.0), (66.0, 133.0), (10.0, 81.0), (87.0, 75.0), (-5.0, 13.0), (95.0, 16.0), (0, 0), (90.0, 5.0), (-26.0, -16.0), (115.0, -12.0)]
[(46.0, 229.0), (37.0, 239.0), (54.0, 238.0), (-2.0, 201.0), (80.0, 202.0), (19.0, 129.0), (65.0, 129.0), (9.0, 78.0), (86.0, 72.0), (-5.0, 13.0), (94.0, 16.0), (0, 0), (89.0, 5.0), (-27.0, -15.0), (113.0, -12.0)]
[(46.0, 227.0), (37.0, 238.0), (54.0, 236.0), (-1.0, 202.0), (80.0, 201.0), (19.0, 125.0), (65.0, 124.0), (9.0, 75.0), (86.0, 69.0), (-5.0, 12.0), (94.0, 14.0), (0, 0), (89.0, 4.0), (-27.0, -16.0), (112.0, -13.0)]
[(46.0, 222.0), (37.0, 233.0), (54.0, 231.0), (-1.0, 199.0), (80.0, 198.0), (20.0, 122.0), (65.0, 121.0), (9.0, 73.0), (87.0, 65.0), (-5.0, 11.0), (93.0, 13.0), (0, 0), (88.0, 4.0), (-27.0, -16.0), (112.0, -13.0)]
[(46.0, 214.0), (36.0, 224.0), (54.0, 224.0), (-2.0, 193.0), (79.0, 193.0), (19.0, 118.0), (64.0, 117.0), (4.0, 71.0), (86.0, 66.0), (-6.0, 10.0), (92.0, 12.0), (0, 0), (87.0, 3.0), (-27.0, -17.0), (111.0, -14.0)]
[(46.0, 211.0), (36.0, 221.0), (54.0, 221.0), (-2.0, 191.0), (79.0, 192.0), (19.0, 116.0), (64.0, 114.0), (6.0, 72.0), (86.0, 68.0), (-6.0, 10.0), (92.0, 12.0), (0, 0), (86.0, 2.0), (-26.0, -17.0), (111.0, -14.0)]
[(46.0, 210.0), (37.0, 221.0), (54.0, 220.0), (-2.0, 190.0), (79.0, 191.0), (19.0, 115.0), (64.0, 112.0), (6.0, 70.0), (87.0, 65.0), (-5.0, 9.0), (92.0, 11.0), (0, 0), (86.0, 1.0), (-25.0, -17.0), (111.0, -15.0)]
[(46.0, 209.0), (37.0, 220.0), (54.0, 218.0), (-2.0, 188.0), (79.0, 190.0), (19.0, 114.0), (64.0, 112.0), (7.0, 70.0), (88.0, 64.0), (-5.0, 9.0), (92.0, 10.0), (0, 0), (86.0, 0.0), (-25.0, -17.0), (111.0, -16.0)]
[(46.0, 211.0), (37.0, 222.0), (54.0, 220.0), (-3.0, 190.0), (79.0, 191.0), (19.0, 114.0), (63.0, 113.0), (7.0, 73.0), (85.0, 65.0), (-5.0, 9.0), (92.0, 10.0), (0, 0), (86.0, 0.0), (-25.0, -17.0), (111.0, -16.0)]
[(46.0, 214.0), (37.0, 225.0), (54.0, 224.0), (-3.0, 192.0), (79.0, 192.0), (18.0, 117.0), (63.0, 115.0), (7.0, 79.0), (84.0, 72.0), (-5.0, 9.0), (92.0, 10.0), (0, 0), (86.0, 0.0), (-25.0, -17.0), (111.0, -16.0)]
[(46.0, 216.0), (37.0, 227.0), (54.0, 226.0), (-3.0, 193.0), (79.0, 193.0), (18.0, 117.0), (62.0, 116.0), (7.0, 80.0), (84.0, 74.0), (-5.0, 9.0), (92.0, 10.0), (0, 0), (86.0, 0.0), (-25.0, -17.0), (111.0, -16.0)]
[(47.0, 233.0), (38.0, 243.0), (55.0, 242.0), (-3.0, 202.0), (80.0, 204.0), (18.0, 127.0), (63.0, 125.0), (6.0, 78.0), (86.0, 73.0), (-5.0, 9.0), (93.0, 10.0), (0, 0), (87.0, 0.0), (-24.0, -17.0), (113.0, -15.0)]
[(47.0, 248.0), (38.0, 258.0), (54.0, 258.0), (-3.0, 215.0), (80.0, 215.0), (18.0, 135.0), (63.0, 133.0), (4.0, 78.0), (87.0, 73.0), (-5.0, 10.0), (93.0, 11.0), (0, 0), (87.0, 1.0), (-24.0, -16.0), (113.0, -14.0)]
[(45.0, 264.0), (36.0, 274.0), (53.0, 274.0), (-3.0, 227.0), (80.0, 229.0), (18.0, 144.0), (63.0, 142.0), (3.0, 80.0), (87.0, 76.0), (-5.0, 10.0), (94.0, 11.0), (0, 0), (88.0, 1.0), (-24.0, -16.0), (115.0, -14.0)]
[(45.0, 263.0), (36.0, 275.0), (53.0, 274.0), (-3.0, 230.0), (80.0, 231.0), (18.0, 146.0), (63.0, 144.0), (3.0, 81.0), (87.0, 79.0), (-6.0, 10.0), (94.0, 11.0), (0, 0), (88.0, 1.0), (-24.0, -16.0), (115.0, -14.0)]
[(40.0, 298.0), (32.0, 309.0), (48.0, 308.0), (-3.0, 256.0), (79.0, 258.0), (18.0, 156.0), (63.0, 155.0), (-1.0, 84.0), (88.0, 86.0), (-6.0, 10.0), (95.0, 10.0), (0, 0), (89.0, 0.0), (-25.0, -17.0), (115.0, -15.0)]
[(41.0, 315.0), (33.0, 326.0), (49.0, 324.0), (-3.0, 273.0), (79.0, 276.0), (17.0, 166.0), (63.0, 165.0), (-3.0, 90.0), (89.0, 92.0), (-7.0, 10.0), (95.0, 10.0), (0, 0), (89.0, 0.0), (-25.0, -18.0), (116.0, -15.0)]
[(42.0, 315.0), (34.0, 325.0), (50.0, 325.0), (-2.0, 275.0), (79.0, 277.0), (18.0, 165.0), (64.0, 165.0), (-2.0, 88.0), (92.0, 91.0), (-6.0, 10.0), (96.0, 10.0), (0, 0), (90.0, 0.0), (-24.0, -18.0), (117.0, -15.0)]
[(42.0, 348.0), (33.0, 357.0), (51.0, 357.0), (-2.0, 304.0), (80.0, 306.0), (17.0, 182.0), (65.0, 182.0), (-3.0, 101.0), (92.0, 101.0), (-6.0, 10.0), (97.0, 11.0), (0, 0), (91.0, 0.0), (-26.0, -18.0), (118.0, -15.0)]
[(43.0, 364.0), (33.0, 373.0), (51.0, 372.0), (-2.0, 319.0), (80.0, 321.0), (16.0, 194.0), (65.0, 192.0), (-3.0, 107.0), (91.0, 104.0), (-6.0, 11.0), (97.0, 12.0), (0, 0), (92.0, 0.0), (-26.0, -18.0), (118.0, -15.0)]