[(54.0, 359.0), (46.0, 367.0), (62.0, 367.0), (8.0, 307.0), (93.0, 305.0), (23.0, 182.0), (70.0, 181.0), (9.0, 90.0), (78.0, 89.0), (-2.0, 12.0), (80.0, 11.0), (0, 0), (74.0, 2.0), (-2.0, -20.0), (86.0, -23.0)]
[(54.0, 361.0), (46.0, 368.0), (62.0, 368.0), (7.0, 307.0), (93.0, 305.0), (23.0, 184.0), (70.0, 183.0), (9.0, 91.0), (78.0, 91.0), (-2.0, 13.0), (80.0, 11.0), (0, 0), (74.0, 2.0), (-2.0, -20.0), (86.0, -23.0)]
[(54.0, 363.0), (45.0, 370.0), (62.0, 370.0), (7.0, 309.0), (93.0, 306.0), (22.0, 184.0), (70.0, 184.0), (9.0, 93.0), (78.0, 92.0), (-2.0, 13.0), (80.0, 12.0), (0, 0), (74.0, 3.0), (-1.0, -19.0), (86.0, -22.0)]
[(50.0, 365.0), (41.0, 372.0), (57.0, 372.0), (3.0, 310.0), (89.0, 310.0), (21.0, 184.0), (70.0, 184.0), (8.0, 93.0), (79.0, 93.0), (-2.0, 13.0), (80.0, 13.0), (0, 0), (74.0, 4.0), (-1.0, -20.0), (87.0, -22.0)]
[(48.0, 363.0), (40.0, 371.0), (56.0, 371.0), (1.0, 309.0), (86.0, 310.0), (20.0, 184.0), (69.0, 183.0), (8.0, 91.0), (79.0, 92.0), (-1.0, 12.0), (80.0, 13.0), (0, 0), (74.0, 3.0), (-1.0, -22.0), (86.0, -23.0)]
[(46.0, 365.0), (38.0, 372.0), (53.0, 372.0), (-1.0, 309.0), (85.0, 310.0), (18.0, 184.0), (68.0, 183.0), (7.0, 91.0), (79.0, 92.0), (-2.0, 12.0), (80.0, 12.0), (0, 0), (74.0, 3.0), (-1.0, -22.0), (86.0, -23.0)]
[(45.0, 364.0), (37.0, 372.0), (52.0, 372.0), (-2.0, 310.0), (83.0, 310.0), (17.0, 185.0), (67.0, 184.0), (5.0, 91.0), (79.0, 94.0), (-2.0, 12.0), (80.0, 13.0), (0, 0), (74.0, 3.0), (-1.0, -22.0), (86.0, -23.0)]
[(44.0, 364.0), (36.0, 371.0), (51.0, 371.0), (-2.0, 309.0), (82.0, 310.0), (15.0, 184.0), (66.0, 184.0), (4.0, 90.0), (79.0, 93.0), (-2.0, 11.0), (80.0, 12.0), (0, 0), (74.0, 2.0), (-1.0, -23.0), (86.0, -24.0)]
[(44.0, 363.0), (36.0, 371.0), (52.0, 371.0), (-2.0, 310.0), (82.0, 310.0), (15.0, 184.0), (66.0, 184.0), (4.0, 90.0), (78.0, 94.0), (-2.0, 11.0), (80.0, 12.0), (0, 0), (75.0, 2.0), (0.0, -24.0), (86.0, -24.0)]
[(43.0, 363.0), (35.0, 371.0), (50.0, 371.0), (-3.0, 310.0), (81.0, 310.0), (15.0, 184.0), (65.0, 184.0), (4.0, 90.0), (77.0, 93.0), (-2.0, 11.0), (80.0, 12.0), (0, 0), (75.0, 2.0), (-1.0, -24.0), (86.0, -25.0)]
[(42.0, 363.0), (33.0, 371.0), (49.0, 371.0), (-4.0, 310.0), (79.0, 311.0), (14.0, 184.0), (64.0, 185.0), (4.0, 90.0), (75.0, 93.0), (-2.0, 11.0), (80.0, 12.0), (0, 0), (74.0, 2.0), (-1.0, -24.0), (85.0, -25.0)]
[(43.0, 363.0), (34.0, 371.0), (50.0, 370.0), (-2.0, 310.0), (80.0, 311.0), (15.0, 185.0), (64.0, 185.0), (4.0, 90.0), (73.0, 93.0), (-2.0, 11.0), (81.0, 11.0), (0, 0), (76.0, 2.0), (1.0, -24.0), (86.0, -25.0)]
[(42.0, 363.0), (33.0, 371.0), (49.0, 370.0), (-3.0, 310.0), (79.0, 311.0), (15.0, 185.0), (64.0, 185.0), (4.0, 90.0), (72.0, 93.0), (-2.0, 11.0), (80.0, 11.0), (0, 0), (75.0, 2.0), (1.0, -24.0), (84.0, -25.0)]
[(40.0, 363.0), (32.0, 370.0), (48.0, 370.0), (-4.0, 309.0), (79.0, 310.0), (15.0, 185.0), (63.0, 184.0), (4.0, 91.0), (72.0, 94.0), (-1.0, 11.0), (80.0, 12.0), (0, 0), (77.0, 3.0), (1.0, -24.0), (82.0, -25.0)]
[(40.0, 361.0), (31.0, 368.0), (47.0, 368.0), (-4.0, 307.0), (79.0, 308.0), (15.0, 183.0), (63.0, 182.0), (3.0, 89.0), (72.0, 92.0), (-1.0, 10.0), (80.0, 10.0), (0, 0), (77.0, 2.0), (1.0, -26.0), (83.0, -27.0)]
[(40.0, 360.0), (31.0, 367.0), (47.0, 367.0), (-4.0, 306.0), (79.0, 307.0), (15.0, 182.0), (63.0, 181.0), (4.0, 88.0), (72.0, 91.0), (-1.0, 10.0), (80.0, 10.0), (0, 0), (77.0, 2.0), (1.0, -27.0), (83.0, -27.0)]
[(39.0, 360.0), (30.0, 367.0), (46.0, 367.0), (-4.0, 306.0), (78.0, 307.0), (15.0, 181.0), (63.0, 181.0), (3.0, 88.0), (72.0, 91.0), (-1.0, 10.0), (80.0, 10.0), (0, 0), (77.0, 2.0), (1.0, -27.0), (83.0, -28.0)]
[(39.0, 360.0), (30.0, 367.0), (47.0, 367.0), (-4.0, 306.0), (78.0, 307.0), (15.0, 181.0), (63.0, 181.0), (3.0, 88.0), (72.0, 91.0), (-1.0, 10.0), (80.0, 10.0), (0, 0), (77.0, 2.0), (2.0, -27.0), (83.0, -28.0)]
[(39.0, 359.0), (30.0, 367.0), (47.0, 367.0), (-5.0, 307.0), (78.0, 307.0), (15.0, 181.0), (63.0, 181.0), (3.0, 88.0), (72.0, 91.0), (-1.0, 10.0), (80.0, 9.0), (0, 0), (77.0, 2.0), (2.0, -27.0), (83.0, -28.0)]
[(39.0, 359.0), (30.0, 366.0), (47.0, 367.0), (-5.0, 307.0), (77.0, 307.0), (14.0, 181.0), (62.0, 181.0), (4.0, 88.0), (72.0, 91.0), (-1.0, 10.0), (80.0, 8.0), (0, 0), (77.0, 1.0), (2.0, -28.0), (83.0, -28.0)]
[(39.0, 356.0), (30.0, 364.0), (47.0, 365.0), (-5.0, 305.0), (78.0, 306.0), (14.0, 179.0), (62.0, 180.0), (4.0, 86.0), (72.0, 90.0), (-1.0, 9.0), (80.0, 7.0), (0, 0), (77.0, 0.0), (2.0, -29.0), (83.0, -29.0)]
[(39.0, 355.0), (30.0, 363.0), (47.0, 364.0), (-5.0, 306.0), (78.0, 306.0), (14.0, 179.0), (62.0, 180.0), (4.0, 86.0), (72.0, 90.0), (-1.0, 9.0), (80.0, 7.0), (0, 0), (77.0, 0.0), (2.0, -29.0), (83.0, -29.0)]
[(39.0, 354.0), (30.0, 362.0), (47.0, 362.0), (-5.0, 305.0), (77.0, 305.0), (14.0, 178.0), (62.0, 179.0), (4.0, 86.0), (72.0, 90.0), (-0.0, 8.0), (80.0, 7.0), (0, 0), (77.0, -1.0), (2.0, -30.0), (83.0, -30.0)]
[(39.0, 353.0), (30.0, 361.0), (47.0, 361.0), (-5.0, 305.0), (77.0, 305.0), (14.0, 178.0), (62.0, 179.0), (4.0, 85.0), (72.0, 90.0), (-0.0, 8.0), (80.0, 7.0), (0, 0), (77.0, -1.0), (2.0, -31.0), (83.0, -30.0)]
[(40.0, 353.0), (31.0, 361.0), (49.0, 361.0), (-4.0, 304.0), (79.0, 305.0), (14.0, 178.0), (63.0, 177.0), (6.0, 85.0), (73.0, 88.0), (1.0, 8.0), (82.0, 6.0), (0, 0), (79.0, -1.0), (4.0, -31.0), (84.0, -31.0)]
[(41.0, 353.0), (31.0, 361.0), (49.0, 362.0), (-4.0, 305.0), (79.0, 306.0), (15.0, 179.0), (64.0, 178.0), (6.0, 83.0), (73.0, 87.0), (1.0, 9.0), (82.0, 7.0), (0, 0), (79.0, 0.0), (4.0, -30.0), (84.0, -30.0)]
[(41.0, 354.0), (31.0, 363.0), (49.0, 363.0), (-4.0, 306.0), (80.0, 307.0), (15.0, 180.0), (64.0, 179.0), (7.0, 83.0), (75.0, 86.0), (-0.0, 8.0), (82.0, 7.0), (0, 0), (79.0, 0.0), (4.0, -29.0), (85.0, -29.0)]
[(41.0, 355.0), (32.0, 363.0), (50.0, 363.0), (-4.0, 306.0), (81.0, 307.0), (15.0, 179.0), (64.0, 178.0), (7.0, 82.0), (75.0, 84.0), (-0.0, 8.0), (82.0, 7.0), (0, 0), (79.0, -1.0), (4.0, -30.0), (85.0, -29.0)]
[(42.0, 355.0), (32.0, 363.0), (51.0, 363.0), (-3.0, 306.0), (82.0, 307.0), (16.0, 178.0), (65.0, 177.0), (7.0, 82.0), (76.0, 83.0), (-0.0, 8.0), (82.0, 6.0), (0, 0), (80.0, -1.0), (5.0, -30.0), (85.0, -29.0)]
[(46.0, 355.0), (35.0, 363.0), (54.0, 363.0), (-1.0, 306.0), (84.0, 307.0), (17.0, 179.0), (66.0, 178.0), (8.0, 83.0), (78.0, 84.0), (1.0, 8.0), (84.0, 7.0), (0, 0), (82.0, 0.0), (6.0, -29.0), (87.0, -29.0)]
[(48.0, 355.0), (37.0, 364.0), (55.0, 363.0), (-0.0, 307.0), (86.0, 307.0), (18.0, 180.0), (68.0, 181.0), (9.0, 84.0), (80.0, 85.0), (2.0, 8.0), (85.0, 8.0), (0, 0), (83.0, 0.0), (7.0, -28.0), (88.0, -28.0)]
[(49.0, 355.0), (38.0, 363.0), (56.0, 363.0), (1.0, 306.0), (86.0, 306.0), (19.0, 180.0), (68.0, 181.0), (9.0, 84.0), (80.0, 85.0), (2.0, 8.0), (85.0, 8.0), (0, 0), (83.0, 0.0), (7.0, -28.0), (89.0, -28.0)]
[(49.0, 354.0), (39.0, 363.0), (57.0, 362.0), (2.0, 306.0), (86.0, 306.0), (21.0, 180.0), (68.0, 181.0), (10.0, 84.0), (82.0, 86.0), (2.0, 8.0), (86.0, 8.0), (0, 0), (83.0, 0.0), (7.0, -28.0), (90.0, -28.0)]
[(50.0, 354.0), (40.0, 362.0), (57.0, 362.0), (2.0, 306.0), (86.0, 305.0), (21.0, 180.0), (68.0, 180.0), (11.0, 84.0), (82.0, 86.0), (2.0, 8.0), (87.0, 8.0), (0, 0), (84.0, 0.0), (7.0, -29.0), (90.0, -29.0)]
[(49.0, 351.0), (39.0, 360.0), (56.0, 359.0), (2.0, 306.0), (86.0, 305.0), (21.0, 178.0), (68.0, 179.0), (11.0, 84.0), (82.0, 86.0), (1.0, 8.0), (86.0, 8.0), (0, 0), (83.0, 1.0), (6.0, -28.0), (89.0, -29.0)]
[(49.0, 349.0), (39.0, 357.0), (56.0, 357.0), (3.0, 305.0), (86.0, 304.0), (23.0, 176.0), (69.0, 177.0), (12.0, 84.0), (83.0, 85.0), (1.0, 8.0), (86.0, 8.0), (0, 0), (83.0, 1.0), (6.0, -28.0), (89.0, -29.0)]
[(47.0, 347.0), (38.0, 355.0), (55.0, 355.0), (2.0, 304.0), (85.0, 302.0), (22.0, 175.0), (70.0, 176.0), (12.0, 83.0), (82.0, 84.0), (-0.0, 8.0), (85.0, 8.0), (0, 0), (82.0, 0.0), (5.0, -28.0), (88.0, -29.0)]
[(46.0, 345.0), (37.0, 353.0), (54.0, 353.0), (1.0, 303.0), (84.0, 300.0), (21.0, 173.0), (69.0, 174.0), (12.0, 81.0), (82.0, 81.0), (-0.0, 8.0), (84.0, 8.0), (0, 0), (80.0, 0.0), (4.0, -28.0), (87.0, -29.0)]
[(46.0, 343.0), (37.0, 352.0), (54.0, 352.0), (1.0, 303.0), (85.0, 299.0), (21.0, 173.0), (70.0, 174.0), (12.0, 79.0), (83.0, 80.0), (-0.0, 9.0), (83.0, 8.0), (0, 0), (80.0, 1.0), (4.0, -27.0), (86.0, -29.0)]
[(46.0, 339.0), (37.0, 348.0), (54.0, 348.0), (1.0, 301.0), (85.0, 298.0), (22.0, 171.0), (70.0, 172.0), (12.0, 79.0), (83.0, 78.0), (-0.0, 9.0), (83.0, 8.0), (0, 0), (79.0, 1.0), (4.0, -27.0), (86.0, -29.0)]
[(46.0, 335.0), (38.0, 345.0), (54.0, 344.0), (1.0, 298.0), (85.0, 295.0), (22.0, 169.0), (71.0, 170.0), (12.0, 79.0), (83.0, 78.0), (-0.0, 9.0), (83.0, 8.0), (0, 0), (80.0, 1.0), (4.0, -27.0), (87.0, -29.0)]
[(43.0, 332.0), (35.0, 342.0), (51.0, 341.0), (-1.0, 295.0), (82.0, 292.0), (19.0, 165.0), (68.0, 165.0), (10.0, 78.0), (80.0, 76.0), (-1.0, 9.0), (80.0, 8.0), (0, 0), (76.0, 1.0), (2.0, -27.0), (85.0, -29.0)]
[(43.0, 328.0), (35.0, 338.0), (51.0, 337.0), (-1.0, 293.0), (81.0, 289.0), (19.0, 162.0), (68.0, 162.0), (10.0, 77.0), (79.0, 75.0), (-0.0, 10.0), (80.0, 8.0), (0, 0), (76.0, 1.0), (2.0, -25.0), (85.0, -28.0)]
[(43.0, 322.0), (35.0, 332.0), (51.0, 331.0), (-0.0, 289.0), (81.0, 285.0), (19.0, 160.0), (68.0, 159.0), (10.0, 77.0), (79.0, 74.0), (-0.0, 10.0), (80.0, 8.0), (0, 0), (76.0, 1.0), (2.0, -24.0), (85.0, -28.0)]
[(43.0, 316.0), (35.0, 325.0), (51.0, 324.0), (2.0, 284.0), (81.0, 280.0), (19.0, 158.0), (68.0, 158.0), (11.0, 76.0), (76.0, 73.0), (-0.0, 9.0), (80.0, 7.0), (0, 0), (76.0, 0.0), (2.0, -24.0), (85.0, -28.0)]
[(44.0, 312.0), (36.0, 321.0), (51.0, 320.0), (3.0, 280.0), (81.0, 276.0), (20.0, 155.0), (68.0, 154.0), (11.0, 76.0), (75.0, 73.0), (-0.0, 9.0), (80.0, 7.0), (0, 0), (76.0, 1.0), (2.0, -23.0), (85.0, -27.0)]
[(46.0, 306.0), (37.0, 314.0), (53.0, 314.0), (5.0, 275.0), (82.0, 271.0), (21.0, 154.0), (69.0, 153.0), (12.0, 74.0), (75.0, 72.0), (-0.0, 9.0), (81.0, 7.0), (0, 0), (77.0, 1.0), (3.0, -23.0), (86.0, -27.0)]
[(47.0, 302.0), (39.0, 310.0), (53.0, 309.0), (7.0, 273.0), (82.0, 269.0), (21.0, 155.0), (68.0, 155.0), (12.0, 77.0), (72.0, 75.0), (-0.0, 10.0), (81.0, 9.0), (0, 0), (77.0, 3.0), (3.0, -21.0), (86.0, -25.0)]
[(45.0, 296.0), (38.0, 304.0), (52.0, 303.0), (7.0, 267.0), (82.0, 264.0), (21.0, 154.0), (67.0, 154.0), (12.0, 75.0), (71.0, 74.0), (1.0, 10.0), (80.0, 8.0), (0, 0), (77.0, 2.0), (3.0, -21.0), (86.0, -25.0)]
[(45.0, 288.0), (38.0, 297.0), (52.0, 296.0), (7.0, 261.0), (82.0, 258.0), (21.0, 152.0), (67.0, 152.0), (12.0, 74.0), (72.0, 73.0), (1.0, 10.0), (80.0, 8.0), (0, 0), (77.0, 2.0), (3.0, -22.0), (86.0, -25.0)]
[(46.0, 280.0), (39.0, 289.0), (53.0, 288.0), (8.0, 258.0), (83.0, 252.0), (22.0, 148.0), (67.0, 149.0), (14.0, 69.0), (72.0, 69.0), (2.0, 9.0), (81.0, 8.0), (0, 0), (79.0, 2.0), (4.0, -23.0), (87.0, -26.0)]
[(46.0, 273.0), (39.0, 282.0), (54.0, 281.0), (8.0, 251.0), (83.0, 245.0), (22.0, 147.0), (67.0, 147.0), (15.0, 69.0), (72.0, 68.0), (2.0, 8.0), (81.0, 7.0), (0, 0), (79.0, 2.0), (4.0, -25.0), (87.0, -26.0)]
[(47.0, 268.0), (40.0, 277.0), (55.0, 276.0), (8.0, 246.0), (84.0, 238.0), (23.0, 145.0), (67.0, 145.0), (17.0, 69.0), (72.0, 69.0), (3.0, 8.0), (82.0, 8.0), (0, 0), (80.0, 3.0), (6.0, -25.0), (87.0, -25.0)]
[(47.0, 258.0), (40.0, 268.0), (55.0, 266.0), (8.0, 239.0), (85.0, 232.0), (23.0, 142.0), (67.0, 143.0), (17.0, 67.0), (71.0, 70.0), (3.0, 8.0), (82.0, 8.0), (0, 0), (81.0, 3.0), (5.0, -25.0), (86.0, -25.0)]
[(47.0, 251.0), (40.0, 261.0), (55.0, 259.0), (9.0, 234.0), (85.0, 225.0), (23.0, 142.0), (67.0, 142.0), (18.0, 68.0), (71.0, 71.0), (2.0, 8.0), (82.0, 8.0), (0, 0), (81.0, 3.0), (5.0, -25.0), (85.0, -25.0)]
[(47.0, 214.0), (39.0, 224.0), (55.0, 224.0), (9.0, 205.0), (85.0, 198.0), (23.0, 132.0), (65.0, 130.0), (19.0, 67.0), (70.0, 66.0), (2.0, 8.0), (82.0, 6.0), (0, 0), (81.0, 0.0), (6.0, -25.0), (85.0, -25.0)]
[(47.0, 206.0), (39.0, 215.0), (55.0, 215.0), (9.0, 197.0), (85.0, 189.0), (23.0, 128.0), (65.0, 126.0), (19.0, 68.0), (70.0, 66.0), (2.0, 8.0), (82.0, 6.0), (0, 0), (81.0, 1.0), (6.0, -24.0), (85.0, -24.0)]
[(48.0, 200.0), (40.0, 209.0), (56.0, 210.0), (9.0, 191.0), (86.0, 185.0), (23.0, 127.0), (66.0, 124.0), (21.0, 67.0), (71.0, 66.0), (3.0, 8.0), (83.0, 6.0), (0, 0), (83.0, 1.0), (7.0, -24.0), (88.0, -24.0)]
[(47.0, 192.0), (39.0, 201.0), (55.0, 202.0), (8.0, 185.0), (85.0, 181.0), (22.0, 123.0), (65.0, 120.0), (20.0, 68.0), (70.0, 69.0), (2.0, 7.0), (83.0, 5.0), (0, 0), (82.0, 0.0), (6.0, -25.0), (87.0, -25.0)]
[(48.0, 185.0), (39.0, 194.0), (56.0, 195.0), (7.0, 176.0), (85.0, 170.0), (20.0, 118.0), (64.0, 115.0), (19.0, 72.0), (70.0, 72.0), (2.0, 6.0), (82.0, 6.0), (0, 0), (81.0, 1.0), (5.0, -27.0), (86.0, -26.0)]
[(49.0, 179.0), (39.0, 187.0), (56.0, 188.0), (7.0, 172.0), (86.0, 164.0), (19.0, 118.0), (64.0, 115.0), (19.0, 78.0), (71.0, 73.0), (2.0, 6.0), (82.0, 6.0), (0, 0), (81.0, 0.0), (5.0, -27.0), (85.0, -26.0)]
[(48.0, 173.0), (38.0, 181.0), (56.0, 183.0), (7.0, 167.0), (87.0, 159.0), (19.0, 117.0), (63.0, 113.0), (17.0, 78.0), (71.0, 73.0), (2.0, 6.0), (82.0, 6.0), (0, 0), (81.0, 0.0), (5.0, -28.0), (85.0, -26.0)]
[(47.0, 169.0), (37.0, 179.0), (55.0, 180.0), (6.0, 164.0), (86.0, 155.0), (15.0, 116.0), (60.0, 112.0), (13.0, 77.0), (70.0, 72.0), (1.0, 7.0), (80.0, 7.0), (0, 0), (78.0, 1.0), (4.0, -27.0), (84.0, -25.0)]
[(47.0, 165.0), (37.0, 174.0), (55.0, 176.0), (6.0, 161.0), (86.0, 151.0), (15.0, 108.0), (60.0, 102.0), (12.0, 71.0), (70.0, 66.0), (1.0, 6.0), (80.0, 7.0), (0, 0), (78.0, 1.0), (4.0, -27.0), (84.0, -26.0)]
[(47.0, 158.0), (37.0, 168.0), (55.0, 169.0), (7.0, 158.0), (86.0, 146.0), (15.0, 105.0), (60.0, 98.0), (8.0, 70.0), (71.0, 63.0), (1.0, 6.0), (80.0, 5.0), (0, 0), (78.0, -1.0), (4.0, -29.0), (84.0, -28.0)]
[(46.0, 157.0), (36.0, 166.0), (55.0, 167.0), (6.0, 155.0), (85.0, 143.0), (14.0, 100.0), (59.0, 93.0), (6.0, 67.0), (70.0, 62.0), (-0.0, 6.0), (78.0, 5.0), (0, 0), (75.0, -1.0), (3.0, -29.0), (83.0, -28.0)]
[(46.0, 155.0), (36.0, 164.0), (54.0, 165.0), (5.0, 151.0), (84.0, 141.0), (13.0, 97.0), (58.0, 89.0), (4.0, 65.0), (72.0, 60.0), (-1.0, 5.0), (77.0, 5.0), (0, 0), (74.0, -1.0), (0.0, -30.0), (82.0, -29.0)]
[(47.0, 153.0), (37.0, 163.0), (55.0, 164.0), (5.0, 148.0), (84.0, 138.0), (13.0, 92.0), (58.0, 84.0), (3.0, 64.0), (74.0, 57.0), (-1.0, 5.0), (76.0, 3.0), (0, 0), (73.0, -3.0), (0.0, -31.0), (83.0, -30.0)]
[(47.0, 154.0), (37.0, 164.0), (55.0, 164.0), (6.0, 150.0), (84.0, 140.0), (14.0, 96.0), (58.0, 89.0), (3.0, 65.0), (73.0, 59.0), (-1.0, 6.0), (76.0, 2.0), (0, 0), (72.0, -3.0), (1.0, -30.0), (83.0, -29.0)]
[(47.0, 158.0), (37.0, 166.0), (55.0, 168.0), (7.0, 155.0), (84.0, 144.0), (14.0, 97.0), (59.0, 90.0), (3.0, 70.0), (73.0, 64.0), (-1.0, 6.0), (76.0, 4.0), (0, 0), (72.0, -2.0), (1.0, -28.0), (83.0, -26.0)]
[(47.0, 159.0), (37.0, 168.0), (55.0, 169.0), (7.0, 154.0), (84.0, 144.0), (14.0, 99.0), (59.0, 93.0), (3.0, 70.0), (73.0, 63.0), (-1.0, 5.0), (76.0, 3.0), (0, 0), (72.0, -3.0), (1.0, -29.0), (83.0, -27.0)]
[(47.0, 162.0), (37.0, 171.0), (55.0, 172.0), (7.0, 157.0), (84.0, 147.0), (14.0, 102.0), (59.0, 95.0), (5.0, 72.0), (71.0, 64.0), (-1.0, 6.0), (76.0, 5.0), (0, 0), (72.0, -1.0), (2.0, -27.0), (83.0, -25.0)]
[(47.0, 164.0), (37.0, 173.0), (55.0, 174.0), (8.0, 160.0), (83.0, 147.0), (15.0, 102.0), (59.0, 97.0), (8.0, 68.0), (71.0, 64.0), (-1.0, 6.0), (76.0, 5.0), (0, 0), (72.0, -1.0), (2.0, -26.0), (83.0, -25.0)]
[(46.0, 171.0), (37.0, 180.0), (54.0, 182.0), (6.0, 164.0), (81.0, 155.0), (14.0, 109.0), (58.0, 104.0), (9.0, 67.0), (67.0, 68.0), (-2.0, 5.0), (75.0, 5.0), (0, 0), (71.0, -2.0), (1.0, -27.0), (81.0, -25.0)]
[(46.0, 179.0), (37.0, 188.0), (54.0, 189.0), (7.0, 173.0), (80.0, 164.0), (16.0, 117.0), (58.0, 112.0), (12.0, 67.0), (63.0, 67.0), (-2.0, 5.0), (74.0, 5.0), (0, 0), (71.0, -2.0), (1.0, -27.0), (81.0, -25.0)]
[(46.0, 195.0), (38.0, 203.0), (54.0, 204.0), (8.0, 187.0), (79.0, 177.0), (16.0, 125.0), (58.0, 122.0), (14.0, 74.0), (59.0, 72.0), (-1.0, 8.0), (75.0, 9.0), (0, 0), (71.0, 2.0), (1.0, -22.0), (81.0, -20.0)]
[(47.0, 204.0), (39.0, 212.0), (55.0, 213.0), (8.0, 196.0), (79.0, 187.0), (17.0, 129.0), (58.0, 126.0), (13.0, 74.0), (58.0, 72.0), (-0.0, 8.0), (75.0, 9.0), (0, 0), (73.0, 2.0), (1.0, -22.0), (80.0, -20.0)]
[(47.0, 248.0), (40.0, 256.0), (56.0, 257.0), (6.0, 227.0), (79.0, 215.0), (17.0, 146.0), (59.0, 143.0), (16.0, 85.0), (59.0, 80.0), (1.0, 8.0), (75.0, 10.0), (0, 0), (74.0, 1.0), (1.0, -22.0), (80.0, -20.0)]
[(47.0, 263.0), (39.0, 272.0), (56.0, 271.0), (4.0, 237.0), (81.0, 224.0), (17.0, 155.0), (60.0, 151.0), (17.0, 89.0), (60.0, 82.0), (1.0, 9.0), (75.0, 11.0), (0, 0), (74.0, 2.0), (2.0, -21.0), (79.0, -20.0)]
[(47.0, 274.0), (39.0, 283.0), (56.0, 283.0), (4.0, 244.0), (81.0, 235.0), (17.0, 157.0), (60.0, 153.0), (16.0, 86.0), (61.0, 82.0), (1.0, 10.0), (77.0, 11.0), (0, 0), (76.0, 2.0), (2.0, -21.0), (79.0, -19.0)]
[(47.0, 287.0), (39.0, 295.0), (55.0, 294.0), (4.0, 252.0), (81.0, 242.0), (17.0, 155.0), (60.0, 153.0), (16.0, 83.0), (64.0, 80.0), (1.0, 9.0), (77.0, 9.0), (0, 0), (76.0, 0.0), (2.0, -23.0), (80.0, -21.0)]
[(48.0, 301.0), (40.0, 308.0), (55.0, 308.0), (4.0, 263.0), (81.0, 255.0), (17.0, 156.0), (60.0, 154.0), (15.0, 83.0), (67.0, 78.0), (1.0, 9.0), (77.0, 10.0), (0, 0), (76.0, 1.0), (1.0, -23.0), (80.0, -21.0)]
[(48.0, 311.0), (40.0, 320.0), (55.0, 319.0), (3.0, 269.0), (80.0, 267.0), (18.0, 158.0), (61.0, 158.0), (13.0, 82.0), (71.0, 78.0), (1.0, 10.0), (79.0, 9.0), (0, 0), (76.0, 1.0), (0.0, -23.0), (83.0, -21.0)]
[(47.0, 321.0), (40.0, 329.0), (54.0, 329.0), (1.0, 277.0), (80.0, 275.0), (18.0, 163.0), (63.0, 163.0), (9.0, 83.0), (71.0, 82.0), (-0.0, 11.0), (76.0, 10.0), (0, 0), (72.0, 1.0), (-3.0, -21.0), (82.0, -21.0)]
[(47.0, 329.0), (40.0, 338.0), (54.0, 338.0), (1.0, 284.0), (80.0, 283.0), (18.0, 167.0), (63.0, 167.0), (7.0, 84.0), (71.0, 84.0), (-1.0, 11.0), (75.0, 10.0), (0, 0), (71.0, 1.0), (-5.0, -21.0), (82.0, -21.0)]
[(47.0, 338.0), (39.0, 347.0), (53.0, 348.0), (-0.0, 293.0), (80.0, 293.0), (17.0, 174.0), (63.0, 174.0), (4.0, 86.0), (71.0, 86.0), (-2.0, 12.0), (74.0, 11.0), (0, 0), (70.0, 2.0), (-7.0, -19.0), (81.0, -20.0)]
[(46.0, 341.0), (38.0, 350.0), (53.0, 350.0), (-0.0, 298.0), (81.0, 296.0), (18.0, 178.0), (64.0, 177.0), (4.0, 88.0), (71.0, 88.0), (-2.0, 13.0), (73.0, 11.0), (0, 0), (66.0, 1.0), (-8.0, -19.0), (81.0, -20.0)]
[(46.0, 347.0), (38.0, 356.0), (53.0, 356.0), (-0.0, 302.0), (82.0, 299.0), (18.0, 183.0), (65.0, 182.0), (5.0, 92.0), (72.0, 93.0), (-2.0, 13.0), (72.0, 13.0), (0, 0), (66.0, 3.0), (-8.0, -18.0), (81.0, -19.0)]
[(45.0, 352.0), (37.0, 361.0), (53.0, 361.0), (-1.0, 306.0), (82.0, 302.0), (17.0, 185.0), (64.0, 184.0), (3.0, 94.0), (71.0, 95.0), (-4.0, 14.0), (72.0, 14.0), (0, 0), (66.0, 3.0), (-9.0, -18.0), (80.0, -19.0)]
[(45.0, 356.0), (37.0, 364.0), (53.0, 364.0), (-1.0, 308.0), (83.0, 305.0), (16.0, 185.0), (64.0, 184.0), (2.0, 95.0), (73.0, 98.0), (-4.0, 14.0), (72.0, 16.0), (0, 0), (66.0, 6.0), (-10.0, -17.0), (80.0, -19.0)]
[(45.0, 357.0), (37.0, 365.0), (53.0, 365.0), (-0.0, 307.0), (83.0, 304.0), (16.0, 185.0), (64.0, 184.0), (2.0, 95.0), (73.0, 98.0), (-4.0, 13.0), (72.0, 15.0), (0, 0), (66.0, 5.0), (-9.0, -20.0), (80.0, -20.0)]