[(42.0, 389.0), (31.0, 398.0), (49.0, 397.0), (-6.0, 344.0), (80.0, 345.0), (16.0, 207.0), (65.0, 208.0), (-2.0, 105.0), (88.0, 108.0), (-6.0, 12.0), (97.0, 13.0), (0, 0), (92.0, 2.0), (-26.0, -20.0), (119.0, -15.0)]
[(40.0, 390.0), (30.0, 398.0), (49.0, 397.0), (-7.0, 345.0), (80.0, 344.0), (16.0, 208.0), (65.0, 208.0), (-1.0, 107.0), (88.0, 110.0), (-6.0, 12.0), (97.0, 13.0), (0, 0), (92.0, 3.0), (-27.0, -20.0), (119.0, -15.0)]
[(40.0, 403.0), (30.0, 410.0), (49.0, 410.0), (-6.0, 357.0), (80.0, 358.0), (16.0, 215.0), (65.0, 216.0), (4.0, 111.0), (86.0, 111.0), (-6.0, 13.0), (97.0, 13.0), (0, 0), (92.0, 3.0), (-27.0, -20.0), (119.0, -15.0)]
[(40.0, 403.0), (30.0, 411.0), (49.0, 411.0), (-6.0, 358.0), (80.0, 356.0), (16.0, 212.0), (65.0, 214.0), (5.0, 111.0), (84.0, 110.0), (-6.0, 13.0), (97.0, 13.0), (0, 0), (92.0, 3.0), (-27.0, -20.0), (120.0, -15.0)]
[(40.0, 404.0), (29.0, 412.0), (48.0, 412.0), (-7.0, 358.0), (79.0, 356.0), (15.0, 212.0), (64.0, 214.0), (5.0, 109.0), (82.0, 110.0), (-7.0, 13.0), (96.0, 13.0), (0, 0), (91.0, 3.0), (-28.0, -20.0), (119.0, -15.0)]
[(40.0, 404.0), (29.0, 412.0), (48.0, 412.0), (-7.0, 358.0), (79.0, 356.0), (15.0, 211.0), (64.0, 214.0), (5.0, 108.0), (82.0, 110.0), (-7.0, 13.0), (96.0, 13.0), (0, 0), (91.0, 3.0), (-28.0, -20.0), (118.0, -15.0)]
[(39.0, 404.0), (28.0, 412.0), (47.0, 412.0), (-7.0, 358.0), (78.0, 356.0), (14.0, 210.0), (63.0, 213.0), (5.0, 107.0), (80.0, 109.0), (-7.0, 13.0), (95.0, 14.0), (0, 0), (90.0, 4.0), (-29.0, -20.0), (117.0, -15.0)]
[(39.0, 404.0), (29.0, 412.0), (48.0, 412.0), (-7.0, 358.0), (78.0, 356.0), (14.0, 210.0), (63.0, 213.0), (5.0, 108.0), (80.0, 110.0), (-7.0, 13.0), (95.0, 14.0), (0, 0), (90.0, 4.0), (-28.0, -20.0), (117.0, -15.0)]
[(40.0, 404.0), (29.0, 412.0), (49.0, 412.0), (-6.0, 358.0), (78.0, 355.0), (14.0, 211.0), (63.0, 213.0), (5.0, 108.0), (80.0, 110.0), (-7.0, 13.0), (95.0, 14.0), (0, 0), (90.0, 4.0), (-28.0, -20.0), (117.0, -15.0)]
[(40.0, 405.0), (29.0, 413.0), (49.0, 412.0), (-6.0, 358.0), (78.0, 355.0), (14.0, 211.0), (63.0, 213.0), (5.0, 108.0), (80.0, 110.0), (-7.0, 13.0), (95.0, 14.0), (0, 0), (90.0, 4.0), (-28.0, -20.0), (117.0, -15.0)]
[(40.0, 404.0), (30.0, 413.0), (50.0, 412.0), (-6.0, 358.0), (78.0, 356.0), (14.0, 211.0), (63.0, 213.0), (5.0, 108.0), (80.0, 110.0), (-7.0, 13.0), (95.0, 14.0), (0, 0), (90.0, 4.0), (-28.0, -20.0), (117.0, -15.0)]
[(41.0, 404.0), (30.0, 412.0), (50.0, 411.0), (-5.0, 358.0), (79.0, 355.0), (13.0, 211.0), (63.0, 213.0), (5.0, 109.0), (80.0, 110.0), (-7.0, 13.0), (95.0, 14.0), (0, 0), (90.0, 4.0), (-28.0, -20.0), (117.0, -15.0)]
[(41.0, 404.0), (31.0, 413.0), (51.0, 411.0), (-5.0, 358.0), (79.0, 355.0), (13.0, 211.0), (64.0, 214.0), (5.0, 109.0), (80.0, 110.0), (-7.0, 13.0), (95.0, 14.0), (0, 0), (90.0, 4.0), (-28.0, -20.0), (117.0, -15.0)]
[(41.0, 401.0), (31.0, 410.0), (51.0, 409.0), (-5.0, 355.0), (79.0, 353.0), (13.0, 210.0), (64.0, 213.0), (4.0, 109.0), (80.0, 109.0), (-7.0, 13.0), (95.0, 13.0), (0, 0), (90.0, 4.0), (-28.0, -20.0), (117.0, -15.0)]
[(42.0, 393.0), (31.0, 402.0), (51.0, 401.0), (-6.0, 350.0), (80.0, 349.0), (13.0, 210.0), (64.0, 213.0), (4.0, 107.0), (80.0, 108.0), (-7.0, 13.0), (94.0, 13.0), (0, 0), (90.0, 3.0), (-28.0, -20.0), (117.0, -16.0)]
[(43.0, 390.0), (32.0, 400.0), (52.0, 399.0), (-6.0, 349.0), (80.0, 347.0), (13.0, 211.0), (64.0, 213.0), (4.0, 107.0), (80.0, 108.0), (-7.0, 13.0), (94.0, 14.0), (0, 0), (90.0, 4.0), (-28.0, -19.0), (116.0, -15.0)]
[(43.0, 381.0), (32.0, 390.0), (52.0, 389.0), (-6.0, 341.0), (80.0, 340.0), (14.0, 208.0), (64.0, 209.0), (4.0, 106.0), (80.0, 107.0), (-7.0, 13.0), (94.0, 14.0), (0, 0), (90.0, 4.0), (-28.0, -20.0), (116.0, -14.0)]
[(44.0, 371.0), (32.0, 380.0), (52.0, 379.0), (-6.0, 331.0), (81.0, 329.0), (14.0, 201.0), (65.0, 201.0), (4.0, 103.0), (80.0, 104.0), (-7.0, 13.0), (94.0, 14.0), (0, 0), (90.0, 4.0), (-28.0, -20.0), (115.0, -14.0)]
[(44.0, 366.0), (32.0, 376.0), (52.0, 375.0), (-6.0, 328.0), (82.0, 326.0), (15.0, 199.0), (65.0, 199.0), (4.0, 102.0), (80.0, 103.0), (-7.0, 13.0), (94.0, 14.0), (0, 0), (90.0, 4.0), (-28.0, -20.0), (115.0, -15.0)]
[(44.0, 344.0), (32.0, 353.0), (52.0, 353.0), (-6.0, 307.0), (82.0, 303.0), (16.0, 183.0), (66.0, 182.0), (5.0, 95.0), (80.0, 98.0), (-7.0, 13.0), (94.0, 14.0), (0, 0), (91.0, 4.0), (-27.0, -20.0), (115.0, -14.0)]
[(45.0, 327.0), (34.0, 337.0), (53.0, 337.0), (-4.0, 295.0), (83.0, 290.0), (17.0, 175.0), (67.0, 175.0), (7.0, 89.0), (81.0, 94.0), (-5.0, 14.0), (95.0, 15.0), (0, 0), (92.0, 4.0), (-26.0, -19.0), (116.0, -14.0)]
[(45.0, 311.0), (35.0, 321.0), (54.0, 320.0), (-3.0, 280.0), (84.0, 277.0), (18.0, 166.0), (67.0, 166.0), (7.0, 85.0), (83.0, 86.0), (-5.0, 14.0), (95.0, 14.0), (0, 0), (92.0, 4.0), (-26.0, -19.0), (116.0, -14.0)]
[(46.0, 311.0), (35.0, 320.0), (54.0, 320.0), (-2.0, 278.0), (85.0, 276.0), (19.0, 166.0), (67.0, 165.0), (7.0, 85.0), (85.0, 85.0), (-5.0, 13.0), (95.0, 13.0), (0, 0), (91.0, 4.0), (-25.0, -19.0), (116.0, -14.0)]
[(46.0, 280.0), (35.0, 290.0), (54.0, 290.0), (-2.0, 255.0), (85.0, 251.0), (19.0, 154.0), (68.0, 154.0), (7.0, 81.0), (87.0, 78.0), (-5.0, 12.0), (95.0, 13.0), (0, 0), (91.0, 3.0), (-25.0, -19.0), (116.0, -14.0)]
[(46.0, 264.0), (35.0, 275.0), (54.0, 274.0), (-2.0, 239.0), (86.0, 235.0), (19.0, 146.0), (68.0, 146.0), (7.0, 77.0), (87.0, 74.0), (-5.0, 11.0), (95.0, 11.0), (0, 0), (91.0, 2.0), (-25.0, -20.0), (116.0, -15.0)]
[(46.0, 265.0), (35.0, 275.0), (54.0, 275.0), (-2.0, 237.0), (86.0, 234.0), (20.0, 144.0), (68.0, 143.0), (7.0, 76.0), (88.0, 73.0), (-5.0, 10.0), (95.0, 11.0), (0, 0), (90.0, 2.0), (-25.0, -20.0), (116.0, -15.0)]
[(45.0, 255.0), (35.0, 265.0), (54.0, 264.0), (-2.0, 227.0), (86.0, 222.0), (21.0, 137.0), (68.0, 137.0), (7.0, 76.0), (89.0, 71.0), (-5.0, 10.0), (95.0, 12.0), (0, 0), (90.0, 3.0), (-24.0, -19.0), (116.0, -14.0)]
[(46.0, 228.0), (36.0, 239.0), (55.0, 239.0), (-2.0, 206.0), (90.0, 203.0), (21.0, 128.0), (68.0, 128.0), (7.0, 71.0), (91.0, 67.0), (-5.0, 10.0), (95.0, 11.0), (0, 0), (90.0, 2.0), (-24.0, -18.0), (116.0, -14.0)]
[(45.0, 216.0), (35.0, 227.0), (54.0, 226.0), (-2.0, 196.0), (89.0, 193.0), (21.0, 119.0), (67.0, 118.0), (5.0, 70.0), (91.0, 67.0), (-6.0, 9.0), (94.0, 10.0), (0, 0), (88.0, 1.0), (-25.0, -18.0), (115.0, -15.0)]
[(44.0, 217.0), (35.0, 228.0), (53.0, 227.0), (-3.0, 195.0), (88.0, 193.0), (21.0, 116.0), (67.0, 115.0), (4.0, 70.0), (91.0, 67.0), (-6.0, 9.0), (93.0, 10.0), (0, 0), (87.0, 1.0), (-25.0, -17.0), (114.0, -15.0)]
[(44.0, 208.0), (35.0, 219.0), (53.0, 218.0), (-3.0, 188.0), (88.0, 186.0), (22.0, 111.0), (68.0, 110.0), (4.0, 71.0), (91.0, 67.0), (-6.0, 9.0), (93.0, 10.0), (0, 0), (87.0, 1.0), (-23.0, -16.0), (114.0, -15.0)]
[(46.0, 200.0), (36.0, 211.0), (55.0, 210.0), (-3.0, 182.0), (88.0, 179.0), (22.0, 108.0), (68.0, 107.0), (-0.0, 73.0), (92.0, 68.0), (-6.0, 9.0), (93.0, 10.0), (0, 0), (87.0, 1.0), (-24.0, -16.0), (113.0, -15.0)]
[(45.0, 199.0), (35.0, 210.0), (54.0, 210.0), (-4.0, 183.0), (87.0, 177.0), (21.0, 110.0), (67.0, 108.0), (-3.0, 73.0), (92.0, 70.0), (-7.0, 9.0), (92.0, 10.0), (0, 0), (86.0, 1.0), (-25.0, -17.0), (112.0, -15.0)]
[(45.0, 200.0), (35.0, 211.0), (54.0, 210.0), (-4.0, 183.0), (87.0, 177.0), (20.0, 111.0), (67.0, 108.0), (-3.0, 73.0), (92.0, 70.0), (-6.0, 9.0), (92.0, 10.0), (0, 0), (85.0, 1.0), (-25.0, -17.0), (112.0, -15.0)]
[(44.0, 204.0), (35.0, 215.0), (54.0, 213.0), (-4.0, 185.0), (86.0, 181.0), (20.0, 112.0), (66.0, 110.0), (-4.0, 74.0), (92.0, 71.0), (-6.0, 9.0), (92.0, 10.0), (0, 0), (85.0, 1.0), (-25.0, -17.0), (112.0, -15.0)]
[(44.0, 205.0), (35.0, 215.0), (53.0, 214.0), (-4.0, 186.0), (86.0, 182.0), (20.0, 112.0), (66.0, 111.0), (-4.0, 75.0), (92.0, 72.0), (-6.0, 9.0), (92.0, 10.0), (0, 0), (85.0, 1.0), (-25.0, -17.0), (113.0, -14.0)]
[(43.0, 211.0), (35.0, 221.0), (52.0, 222.0), (-4.0, 188.0), (85.0, 185.0), (20.0, 121.0), (66.0, 119.0), (-6.0, 79.0), (93.0, 73.0), (-7.0, 9.0), (92.0, 10.0), (0, 0), (86.0, 1.0), (-25.0, -17.0), (113.0, -14.0)]
[(43.0, 229.0), (35.0, 239.0), (51.0, 240.0), (-3.0, 202.0), (85.0, 203.0), (19.0, 127.0), (66.0, 126.0), (-8.0, 78.0), (94.0, 73.0), (-7.0, 9.0), (93.0, 10.0), (0, 0), (87.0, 0.0), (-26.0, -17.0), (115.0, -15.0)]
[(43.0, 249.0), (35.0, 259.0), (51.0, 259.0), (-2.0, 217.0), (83.0, 217.0), (18.0, 136.0), (65.0, 136.0), (-8.0, 79.0), (95.0, 77.0), (-6.0, 10.0), (95.0, 10.0), (0, 0), (88.0, 0.0), (-26.0, -17.0), (117.0, -15.0)]
[(43.0, 251.0), (34.0, 261.0), (50.0, 261.0), (-2.0, 220.0), (83.0, 219.0), (19.0, 137.0), (66.0, 137.0), (-7.0, 79.0), (96.0, 78.0), (-6.0, 10.0), (96.0, 10.0), (0, 0), (89.0, 0.0), (-26.0, -17.0), (118.0, -15.0)]
[(43.0, 267.0), (34.0, 277.0), (51.0, 277.0), (-3.0, 234.0), (79.0, 231.0), (18.0, 144.0), (65.0, 144.0), (-7.0, 81.0), (95.0, 80.0), (-6.0, 10.0), (96.0, 10.0), (0, 0), (89.0, 0.0), (-26.0, -17.0), (118.0, -15.0)]
[(43.0, 269.0), (34.0, 279.0), (51.0, 278.0), (-3.0, 237.0), (79.0, 235.0), (17.0, 146.0), (65.0, 146.0), (-8.0, 81.0), (95.0, 84.0), (-6.0, 10.0), (96.0, 10.0), (0, 0), (89.0, 0.0), (-26.0, -17.0), (118.0, -15.0)]
[(42.0, 302.0), (33.0, 311.0), (50.0, 311.0), (-4.0, 266.0), (79.0, 264.0), (16.0, 160.0), (64.0, 162.0), (-8.0, 90.0), (94.0, 92.0), (-7.0, 11.0), (96.0, 11.0), (0, 0), (89.0, 0.0), (-26.0, -17.0), (118.0, -15.0)]
[(42.0, 321.0), (32.0, 330.0), (49.0, 330.0), (-5.0, 282.0), (77.0, 281.0), (16.0, 171.0), (64.0, 171.0), (-8.0, 93.0), (94.0, 93.0), (-7.0, 12.0), (96.0, 12.0), (0, 0), (90.0, 1.0), (-26.0, -18.0), (118.0, -15.0)]
[(41.0, 338.0), (31.0, 347.0), (48.0, 348.0), (-6.0, 298.0), (77.0, 297.0), (17.0, 182.0), (65.0, 182.0), (-7.0, 99.0), (94.0, 98.0), (-6.0, 12.0), (97.0, 12.0), (0, 0), (91.0, 1.0), (-25.0, -18.0), (119.0, -15.0)]
[(40.0, 338.0), (30.0, 347.0), (47.0, 346.0), (-6.0, 297.0), (77.0, 297.0), (17.0, 183.0), (65.0, 183.0), (-7.0, 101.0), (94.0, 100.0), (-7.0, 13.0), (97.0, 13.0), (0, 0), (91.0, 2.0), (-25.0, -19.0), (120.0, -15.0)]
[(39.0, 370.0), (29.0, 378.0), (47.0, 377.0), (-6.0, 326.0), (77.0, 325.0), (17.0, 195.0), (65.0, 196.0), (-5.0, 105.0), (91.0, 104.0), (-7.0, 13.0), (97.0, 13.0), (0, 0), (92.0, 2.0), (-25.0, -19.0), (120.0, -15.0)]