[(49.0, 363.0), (38.0, 372.0), (55.0, 370.0), (-0.0, 321.0), (84.0, 320.0), (21.0, 197.0), (69.0, 197.0), (-0.0, 104.0), (92.0, 104.0), (-6.0, 14.0), (97.0, 15.0), (0, 0), (92.0, 3.0), (-25.0, -18.0), (119.0, -13.0)]
[(48.0, 381.0), (37.0, 389.0), (55.0, 388.0), (-0.0, 337.0), (84.0, 335.0), (21.0, 205.0), (69.0, 205.0), (-0.0, 106.0), (91.0, 108.0), (-6.0, 14.0), (97.0, 15.0), (0, 0), (92.0, 4.0), (-25.0, -18.0), (119.0, -13.0)]
[(46.0, 399.0), (36.0, 407.0), (54.0, 406.0), (-2.0, 356.0), (84.0, 353.0), (19.0, 212.0), (69.0, 213.0), (2.0, 108.0), (89.0, 110.0), (-6.0, 13.0), (97.0, 14.0), (0, 0), (92.0, 3.0), (-26.0, -19.0), (119.0, -14.0)]
[(44.0, 407.0), (34.0, 414.0), (53.0, 414.0), (-2.0, 359.0), (83.0, 359.0), (19.0, 215.0), (69.0, 217.0), (5.0, 111.0), (86.0, 113.0), (-6.0, 13.0), (97.0, 15.0), (0, 0), (92.0, 4.0), (-26.0, -19.0), (120.0, -14.0)]
[(43.0, 405.0), (33.0, 412.0), (52.0, 412.0), (-2.0, 360.0), (83.0, 356.0), (17.0, 216.0), (68.0, 218.0), (6.0, 112.0), (84.0, 113.0), (-6.0, 14.0), (97.0, 16.0), (0, 0), (92.0, 5.0), (-26.0, -19.0), (120.0, -14.0)]
[(42.0, 405.0), (32.0, 413.0), (51.0, 413.0), (-4.0, 360.0), (82.0, 356.0), (16.0, 215.0), (67.0, 217.0), (5.0, 111.0), (81.0, 112.0), (-7.0, 14.0), (96.0, 16.0), (0, 0), (91.0, 5.0), (-27.0, -19.0), (119.0, -14.0)]
[(41.0, 405.0), (31.0, 413.0), (50.0, 413.0), (-5.0, 360.0), (80.0, 356.0), (15.0, 214.0), (66.0, 217.0), (5.0, 110.0), (79.0, 112.0), (-7.0, 14.0), (95.0, 16.0), (0, 0), (90.0, 5.0), (-28.0, -20.0), (117.0, -14.0)]
[(41.0, 406.0), (31.0, 414.0), (50.0, 413.0), (-5.0, 360.0), (80.0, 355.0), (14.0, 215.0), (65.0, 218.0), (5.0, 110.0), (79.0, 112.0), (-7.0, 14.0), (95.0, 16.0), (0, 0), (90.0, 5.0), (-28.0, -20.0), (117.0, -14.0)]
[(40.0, 405.0), (31.0, 413.0), (50.0, 412.0), (-5.0, 359.0), (80.0, 355.0), (14.0, 213.0), (65.0, 216.0), (5.0, 110.0), (78.0, 111.0), (-7.0, 13.0), (95.0, 15.0), (0, 0), (90.0, 4.0), (-27.0, -21.0), (117.0, -15.0)]
[(39.0, 405.0), (30.0, 413.0), (49.0, 412.0), (-5.0, 359.0), (80.0, 354.0), (14.0, 212.0), (65.0, 216.0), (5.0, 109.0), (79.0, 111.0), (-7.0, 13.0), (95.0, 15.0), (0, 0), (90.0, 4.0), (-27.0, -22.0), (117.0, -15.0)]
[(39.0, 405.0), (30.0, 413.0), (49.0, 412.0), (-5.0, 358.0), (80.0, 354.0), (14.0, 212.0), (64.0, 215.0), (5.0, 109.0), (79.0, 110.0), (-7.0, 13.0), (95.0, 14.0), (0, 0), (90.0, 4.0), (-27.0, -22.0), (117.0, -15.0)]
[(39.0, 404.0), (30.0, 412.0), (49.0, 412.0), (-5.0, 358.0), (80.0, 354.0), (14.0, 212.0), (64.0, 215.0), (5.0, 109.0), (79.0, 110.0), (-6.0, 13.0), (94.0, 14.0), (0, 0), (89.0, 4.0), (-27.0, -22.0), (117.0, -15.0)]
[(39.0, 404.0), (30.0, 412.0), (49.0, 412.0), (-5.0, 359.0), (80.0, 354.0), (14.0, 212.0), (64.0, 215.0), (5.0, 109.0), (79.0, 110.0), (-6.0, 13.0), (94.0, 14.0), (0, 0), (89.0, 4.0), (-26.0, -22.0), (117.0, -15.0)]
[(39.0, 404.0), (30.0, 412.0), (49.0, 411.0), (-5.0, 359.0), (80.0, 354.0), (14.0, 212.0), (64.0, 214.0), (5.0, 109.0), (79.0, 110.0), (-6.0, 13.0), (94.0, 14.0), (0, 0), (89.0, 4.0), (-26.0, -22.0), (117.0, -15.0)]
[(39.0, 404.0), (30.0, 412.0), (49.0, 411.0), (-5.0, 359.0), (80.0, 354.0), (14.0, 212.0), (64.0, 215.0), (5.0, 109.0), (79.0, 110.0), (-6.0, 13.0), (94.0, 15.0), (0, 0), (89.0, 4.0), (-26.0, -22.0), (116.0, -15.0)]
[(40.0, 402.0), (30.0, 410.0), (49.0, 410.0), (-5.0, 358.0), (80.0, 353.0), (14.0, 213.0), (64.0, 215.0), (5.0, 109.0), (79.0, 110.0), (-6.0, 13.0), (94.0, 15.0), (0, 0), (89.0, 5.0), (-26.0, -22.0), (116.0, -15.0)]
[(41.0, 401.0), (30.0, 410.0), (49.0, 409.0), (-5.0, 357.0), (80.0, 353.0), (14.0, 213.0), (64.0, 214.0), (5.0, 108.0), (79.0, 110.0), (-6.0, 13.0), (94.0, 14.0), (0, 0), (89.0, 4.0), (-26.0, -21.0), (116.0, -15.0)]
[(41.0, 401.0), (31.0, 409.0), (49.0, 409.0), (-6.0, 357.0), (81.0, 352.0), (14.0, 212.0), (64.0, 214.0), (5.0, 108.0), (79.0, 110.0), (-6.0, 13.0), (94.0, 14.0), (0, 0), (89.0, 4.0), (-27.0, -21.0), (116.0, -15.0)]
[(43.0, 392.0), (31.0, 401.0), (51.0, 400.0), (-6.0, 350.0), (81.0, 347.0), (14.0, 212.0), (65.0, 213.0), (5.0, 108.0), (79.0, 109.0), (-6.0, 13.0), (94.0, 14.0), (0, 0), (89.0, 4.0), (-26.0, -22.0), (116.0, -15.0)]
[(44.0, 389.0), (32.0, 398.0), (51.0, 397.0), (-6.0, 347.0), (82.0, 344.0), (14.0, 210.0), (65.0, 211.0), (5.0, 107.0), (79.0, 108.0), (-6.0, 13.0), (94.0, 14.0), (0, 0), (89.0, 4.0), (-26.0, -22.0), (116.0, -15.0)]
[(44.0, 380.0), (32.0, 388.0), (52.0, 388.0), (-7.0, 340.0), (81.0, 338.0), (13.0, 208.0), (64.0, 208.0), (4.0, 106.0), (78.0, 107.0), (-7.0, 13.0), (93.0, 14.0), (0, 0), (88.0, 4.0), (-27.0, -22.0), (115.0, -15.0)]
[(45.0, 356.0), (34.0, 366.0), (53.0, 365.0), (-5.0, 322.0), (82.0, 317.0), (15.0, 197.0), (65.0, 197.0), (6.0, 103.0), (79.0, 104.0), (-6.0, 14.0), (94.0, 15.0), (0, 0), (90.0, 5.0), (-26.0, -21.0), (115.0, -14.0)]
[(46.0, 341.0), (34.0, 351.0), (53.0, 350.0), (-4.0, 308.0), (83.0, 302.0), (16.0, 185.0), (66.0, 184.0), (6.0, 96.0), (79.0, 98.0), (-6.0, 14.0), (94.0, 15.0), (0, 0), (91.0, 4.0), (-25.0, -21.0), (115.0, -14.0)]
[(47.0, 339.0), (35.0, 349.0), (54.0, 349.0), (-2.0, 305.0), (84.0, 300.0), (17.0, 183.0), (67.0, 182.0), (7.0, 94.0), (80.0, 96.0), (-5.0, 14.0), (95.0, 14.0), (0, 0), (92.0, 3.0), (-24.0, -20.0), (116.0, -14.0)]
[(46.0, 326.0), (35.0, 336.0), (54.0, 335.0), (-2.0, 294.0), (84.0, 286.0), (17.0, 176.0), (67.0, 174.0), (7.0, 89.0), (80.0, 93.0), (-5.0, 14.0), (95.0, 14.0), (0, 0), (92.0, 3.0), (-23.0, -20.0), (116.0, -14.0)]
[(46.0, 296.0), (35.0, 306.0), (54.0, 306.0), (-2.0, 267.0), (85.0, 262.0), (17.0, 162.0), (67.0, 161.0), (9.0, 83.0), (80.0, 84.0), (-5.0, 13.0), (95.0, 13.0), (0, 0), (91.0, 3.0), (-24.0, -20.0), (115.0, -14.0)]
[(46.0, 280.0), (35.0, 291.0), (54.0, 290.0), (-2.0, 255.0), (85.0, 248.0), (17.0, 155.0), (67.0, 155.0), (10.0, 81.0), (80.0, 82.0), (-5.0, 13.0), (95.0, 14.0), (0, 0), (91.0, 4.0), (-24.0, -19.0), (115.0, -13.0)]
[(47.0, 280.0), (36.0, 291.0), (55.0, 290.0), (-1.0, 252.0), (86.0, 248.0), (18.0, 153.0), (67.0, 153.0), (12.0, 81.0), (82.0, 78.0), (-4.0, 12.0), (96.0, 14.0), (0, 0), (92.0, 4.0), (-23.0, -19.0), (116.0, -13.0)]
[(47.0, 251.0), (37.0, 262.0), (55.0, 261.0), (-1.0, 228.0), (86.0, 222.0), (18.0, 141.0), (66.0, 140.0), (12.0, 75.0), (84.0, 71.0), (-4.0, 11.0), (96.0, 13.0), (0, 0), (91.0, 4.0), (-23.0, -18.0), (117.0, -13.0)]
[(47.0, 238.0), (37.0, 249.0), (55.0, 248.0), (-1.0, 216.0), (87.0, 209.0), (19.0, 135.0), (66.0, 133.0), (12.0, 71.0), (87.0, 68.0), (-4.0, 10.0), (96.0, 12.0), (0, 0), (91.0, 3.0), (-23.0, -18.0), (117.0, -13.0)]
[(47.0, 226.0), (37.0, 238.0), (55.0, 236.0), (-1.0, 207.0), (88.0, 199.0), (20.0, 131.0), (66.0, 129.0), (12.0, 73.0), (89.0, 66.0), (-4.0, 10.0), (96.0, 11.0), (0, 0), (91.0, 2.0), (-24.0, -17.0), (116.0, -13.0)]
[(46.0, 224.0), (36.0, 235.0), (54.0, 234.0), (-2.0, 204.0), (87.0, 198.0), (20.0, 127.0), (66.0, 125.0), (11.0, 71.0), (90.0, 64.0), (-5.0, 9.0), (95.0, 10.0), (0, 0), (90.0, 1.0), (-24.0, -17.0), (115.0, -14.0)]
[(46.0, 216.0), (37.0, 227.0), (55.0, 226.0), (-2.0, 198.0), (87.0, 190.0), (21.0, 121.0), (67.0, 119.0), (11.0, 71.0), (91.0, 64.0), (-5.0, 9.0), (95.0, 10.0), (0, 0), (90.0, 1.0), (-23.0, -16.0), (115.0, -14.0)]
[(45.0, 216.0), (36.0, 227.0), (54.0, 226.0), (-3.0, 198.0), (86.0, 189.0), (21.0, 121.0), (66.0, 118.0), (9.0, 65.0), (90.0, 65.0), (-5.0, 10.0), (94.0, 10.0), (0, 0), (88.0, 0.0), (-24.0, -15.0), (115.0, -14.0)]
[(46.0, 204.0), (37.0, 217.0), (55.0, 215.0), (-3.0, 190.0), (86.0, 180.0), (21.0, 115.0), (66.0, 112.0), (6.0, 67.0), (91.0, 64.0), (-5.0, 9.0), (94.0, 9.0), (0, 0), (88.0, 0.0), (-23.0, -16.0), (115.0, -15.0)]
[(45.0, 203.0), (36.0, 214.0), (54.0, 213.0), (-4.0, 188.0), (85.0, 179.0), (20.0, 114.0), (66.0, 110.0), (4.0, 71.0), (90.0, 64.0), (-6.0, 8.0), (93.0, 8.0), (0, 0), (87.0, -1.0), (-23.0, -17.0), (113.0, -16.0)]
[(45.0, 202.0), (36.0, 213.0), (54.0, 212.0), (-4.0, 187.0), (85.0, 178.0), (20.0, 114.0), (66.0, 110.0), (4.0, 74.0), (89.0, 65.0), (-6.0, 8.0), (93.0, 8.0), (0, 0), (87.0, -1.0), (-23.0, -17.0), (113.0, -16.0)]
[(44.0, 206.0), (36.0, 217.0), (54.0, 216.0), (-4.0, 190.0), (85.0, 180.0), (20.0, 116.0), (66.0, 112.0), (4.0, 80.0), (89.0, 69.0), (-6.0, 8.0), (93.0, 8.0), (0, 0), (87.0, -1.0), (-23.0, -17.0), (113.0, -16.0)]
[(44.0, 211.0), (35.0, 224.0), (54.0, 221.0), (-4.0, 197.0), (85.0, 187.0), (20.0, 123.0), (66.0, 120.0), (1.0, 79.0), (89.0, 69.0), (-6.0, 9.0), (93.0, 8.0), (0, 0), (87.0, -1.0), (-23.0, -17.0), (114.0, -16.0)]
[(45.0, 230.0), (36.0, 240.0), (53.0, 239.0), (-2.0, 208.0), (86.0, 201.0), (21.0, 131.0), (66.0, 130.0), (-1.0, 78.0), (90.0, 69.0), (-5.0, 9.0), (94.0, 8.0), (0, 0), (88.0, -2.0), (-22.0, -18.0), (115.0, -17.0)]
[(43.0, 235.0), (36.0, 245.0), (52.0, 244.0), (-2.0, 212.0), (86.0, 204.0), (21.0, 133.0), (66.0, 133.0), (-1.0, 78.0), (90.0, 70.0), (-5.0, 9.0), (94.0, 9.0), (0, 0), (88.0, -2.0), (-23.0, -18.0), (116.0, -17.0)]
[(43.0, 249.0), (36.0, 259.0), (52.0, 258.0), (-2.0, 222.0), (85.0, 215.0), (20.0, 140.0), (66.0, 138.0), (-2.0, 79.0), (90.0, 74.0), (-6.0, 10.0), (94.0, 9.0), (0, 0), (88.0, -1.0), (-24.0, -18.0), (116.0, -16.0)]
[(43.0, 289.0), (36.0, 299.0), (52.0, 298.0), (-2.0, 253.0), (83.0, 250.0), (19.0, 155.0), (66.0, 154.0), (-4.0, 83.0), (90.0, 80.0), (-7.0, 10.0), (94.0, 9.0), (0, 0), (88.0, -2.0), (-25.0, -18.0), (116.0, -16.0)]
[(45.0, 309.0), (37.0, 318.0), (53.0, 318.0), (-1.0, 273.0), (84.0, 267.0), (20.0, 163.0), (67.0, 163.0), (-5.0, 86.0), (91.0, 86.0), (-6.0, 10.0), (95.0, 9.0), (0, 0), (89.0, -2.0), (-25.0, -18.0), (117.0, -16.0)]
[(45.0, 310.0), (37.0, 319.0), (53.0, 319.0), (-1.0, 273.0), (84.0, 270.0), (19.0, 164.0), (67.0, 164.0), (-6.0, 86.0), (92.0, 86.0), (-7.0, 11.0), (95.0, 10.0), (0, 0), (90.0, 0.0), (-26.0, -19.0), (118.0, -15.0)]
[(46.0, 328.0), (38.0, 337.0), (54.0, 337.0), (-0.0, 289.0), (84.0, 286.0), (20.0, 175.0), (68.0, 175.0), (-5.0, 92.0), (93.0, 92.0), (-6.0, 11.0), (97.0, 11.0), (0, 0), (91.0, 0.0), (-25.0, -18.0), (119.0, -15.0)]
[(46.0, 346.0), (38.0, 356.0), (54.0, 355.0), (-0.0, 307.0), (84.0, 302.0), (20.0, 185.0), (68.0, 184.0), (-4.0, 96.0), (93.0, 97.0), (-6.0, 11.0), (97.0, 11.0), (0, 0), (91.0, 0.0), (-25.0, -18.0), (119.0, -15.0)]
[(46.0, 380.0), (36.0, 389.0), (54.0, 388.0), (-1.0, 335.0), (84.0, 331.0), (20.0, 201.0), (69.0, 200.0), (-3.0, 105.0), (90.0, 105.0), (-6.0, 12.0), (97.0, 13.0), (0, 0), (92.0, 1.0), (-26.0, -18.0), (119.0, -15.0)]