[(49.0, 345.0), (42.0, 353.0), (57.0, 353.0), (6.0, 298.0), (89.0, 297.0), (25.0, 170.0), (74.0, 170.0), (14.0, 81.0), (90.0, 80.0), (-0.0, 9.0), (97.0, 13.0), (0, 0), (96.0, 8.0), (-1.0, -19.0), (101.0, -20.0)]
[(48.0, 351.0), (41.0, 360.0), (56.0, 360.0), (4.0, 303.0), (88.0, 300.0), (23.0, 173.0), (73.0, 174.0), (12.0, 82.0), (91.0, 81.0), (-1.0, 9.0), (96.0, 13.0), (0, 0), (95.0, 8.0), (-3.0, -20.0), (100.0, -20.0)]
[(49.0, 349.0), (41.0, 359.0), (57.0, 359.0), (4.0, 303.0), (89.0, 301.0), (24.0, 172.0), (73.0, 174.0), (12.0, 82.0), (92.0, 83.0), (-1.0, 9.0), (97.0, 12.0), (0, 0), (96.0, 7.0), (-2.0, -20.0), (101.0, -21.0)]
[(49.0, 354.0), (41.0, 363.0), (57.0, 363.0), (3.0, 306.0), (89.0, 303.0), (23.0, 175.0), (72.0, 178.0), (11.0, 83.0), (91.0, 85.0), (-1.0, 9.0), (97.0, 12.0), (0, 0), (96.0, 7.0), (-3.0, -20.0), (101.0, -21.0)]
[(49.0, 362.0), (41.0, 369.0), (57.0, 369.0), (3.0, 310.0), (89.0, 307.0), (23.0, 179.0), (71.0, 181.0), (9.0, 86.0), (91.0, 87.0), (-1.0, 9.0), (97.0, 12.0), (0, 0), (96.0, 7.0), (-4.0, -19.0), (101.0, -21.0)]
[(49.0, 368.0), (41.0, 376.0), (57.0, 376.0), (3.0, 313.0), (89.0, 311.0), (22.0, 183.0), (71.0, 184.0), (7.0, 88.0), (91.0, 88.0), (-1.0, 10.0), (97.0, 13.0), (0, 0), (96.0, 8.0), (-4.0, -19.0), (101.0, -20.0)]
[(49.0, 371.0), (41.0, 379.0), (57.0, 379.0), (2.0, 314.0), (89.0, 315.0), (22.0, 185.0), (71.0, 186.0), (7.0, 91.0), (91.0, 90.0), (-1.0, 11.0), (97.0, 15.0), (0, 0), (95.0, 9.0), (-5.0, -17.0), (101.0, -18.0)]
[(49.0, 375.0), (41.0, 383.0), (57.0, 382.0), (1.0, 317.0), (89.0, 317.0), (22.0, 186.0), (72.0, 188.0), (8.0, 94.0), (91.0, 93.0), (-1.0, 12.0), (97.0, 15.0), (0, 0), (96.0, 9.0), (-5.0, -17.0), (102.0, -19.0)]
[(49.0, 375.0), (40.0, 382.0), (57.0, 382.0), (1.0, 317.0), (89.0, 317.0), (22.0, 186.0), (73.0, 188.0), (8.0, 93.0), (91.0, 95.0), (-1.0, 12.0), (98.0, 16.0), (0, 0), (96.0, 10.0), (-5.0, -19.0), (102.0, -20.0)]
[(49.0, 375.0), (40.0, 383.0), (57.0, 383.0), (-0.0, 318.0), (89.0, 319.0), (21.0, 191.0), (73.0, 192.0), (8.0, 96.0), (91.0, 98.0), (-1.0, 12.0), (98.0, 17.0), (0, 0), (96.0, 11.0), (-5.0, -20.0), (102.0, -19.0)]
[(49.0, 377.0), (40.0, 384.0), (57.0, 384.0), (1.0, 316.0), (89.0, 319.0), (22.0, 190.0), (74.0, 191.0), (9.0, 95.0), (89.0, 97.0), (-2.0, 12.0), (97.0, 16.0), (0, 0), (95.0, 8.0), (-5.0, -20.0), (101.0, -20.0)]
[(49.0, 378.0), (40.0, 385.0), (57.0, 385.0), (-0.0, 315.0), (89.0, 319.0), (21.0, 190.0), (73.0, 191.0), (7.0, 94.0), (90.0, 96.0), (-2.0, 12.0), (97.0, 16.0), (0, 0), (96.0, 8.0), (-5.0, -22.0), (101.0, -20.0)]
[(49.0, 376.0), (40.0, 384.0), (57.0, 385.0), (-0.0, 315.0), (89.0, 318.0), (21.0, 190.0), (73.0, 191.0), (7.0, 94.0), (90.0, 96.0), (-2.0, 12.0), (98.0, 16.0), (0, 0), (96.0, 9.0), (-5.0, -21.0), (101.0, -20.0)]
[(49.0, 377.0), (40.0, 385.0), (57.0, 385.0), (-0.0, 317.0), (89.0, 320.0), (21.0, 191.0), (73.0, 192.0), (7.0, 94.0), (90.0, 97.0), (-2.0, 12.0), (98.0, 17.0), (0, 0), (97.0, 10.0), (-5.0, -21.0), (101.0, -19.0)]
[(49.0, 379.0), (40.0, 387.0), (57.0, 387.0), (-0.0, 318.0), (89.0, 320.0), (21.0, 190.0), (73.0, 191.0), (6.0, 94.0), (90.0, 96.0), (-3.0, 11.0), (97.0, 17.0), (0, 0), (97.0, 10.0), (-5.0, -22.0), (100.0, -19.0)]
[(49.0, 381.0), (39.0, 388.0), (57.0, 389.0), (-1.0, 320.0), (89.0, 321.0), (21.0, 190.0), (74.0, 191.0), (6.0, 94.0), (90.0, 96.0), (-3.0, 10.0), (97.0, 17.0), (0, 0), (97.0, 9.0), (-5.0, -24.0), (100.0, -18.0)]
[(49.0, 381.0), (39.0, 389.0), (57.0, 389.0), (-1.0, 320.0), (90.0, 322.0), (21.0, 191.0), (74.0, 192.0), (6.0, 95.0), (90.0, 96.0), (-3.0, 10.0), (97.0, 17.0), (0, 0), (96.0, 9.0), (-4.0, -24.0), (100.0, -17.0)]
[(48.0, 383.0), (39.0, 390.0), (57.0, 391.0), (-1.0, 322.0), (90.0, 324.0), (21.0, 192.0), (74.0, 193.0), (6.0, 94.0), (90.0, 96.0), (-3.0, 10.0), (97.0, 17.0), (0, 0), (96.0, 9.0), (-4.0, -23.0), (100.0, -16.0)]
[(48.0, 384.0), (39.0, 392.0), (57.0, 392.0), (-1.0, 323.0), (90.0, 325.0), (21.0, 192.0), (74.0, 193.0), (6.0, 93.0), (90.0, 96.0), (-3.0, 10.0), (97.0, 18.0), (0, 0), (96.0, 10.0), (-4.0, -22.0), (100.0, -15.0)]
[(48.0, 385.0), (39.0, 392.0), (57.0, 393.0), (-1.0, 323.0), (90.0, 325.0), (21.0, 192.0), (74.0, 193.0), (6.0, 93.0), (89.0, 96.0), (-3.0, 11.0), (97.0, 17.0), (0, 0), (95.0, 9.0), (-4.0, -22.0), (101.0, -15.0)]
[(48.0, 383.0), (39.0, 391.0), (57.0, 391.0), (-1.0, 322.0), (90.0, 324.0), (21.0, 191.0), (74.0, 192.0), (6.0, 93.0), (89.0, 95.0), (-3.0, 10.0), (97.0, 16.0), (0, 0), (95.0, 8.0), (-4.0, -22.0), (101.0, -16.0)]
[(48.0, 381.0), (39.0, 389.0), (57.0, 390.0), (-1.0, 321.0), (90.0, 323.0), (21.0, 190.0), (74.0, 191.0), (5.0, 92.0), (89.0, 94.0), (-3.0, 10.0), (97.0, 15.0), (0, 0), (95.0, 7.0), (-4.0, -22.0), (101.0, -17.0)]
[(48.0, 381.0), (39.0, 389.0), (57.0, 390.0), (-0.0, 321.0), (90.0, 323.0), (21.0, 190.0), (74.0, 191.0), (5.0, 92.0), (89.0, 95.0), (-3.0, 10.0), (97.0, 15.0), (0, 0), (96.0, 7.0), (-4.0, -22.0), (102.0, -17.0)]
[(47.0, 381.0), (38.0, 389.0), (56.0, 390.0), (-1.0, 321.0), (89.0, 324.0), (20.0, 190.0), (73.0, 191.0), (5.0, 93.0), (88.0, 97.0), (-3.0, 10.0), (96.0, 16.0), (0, 0), (95.0, 7.0), (-5.0, -21.0), (101.0, -16.0)]
[(48.0, 381.0), (39.0, 389.0), (57.0, 390.0), (-0.0, 321.0), (90.0, 324.0), (21.0, 190.0), (74.0, 191.0), (6.0, 93.0), (89.0, 97.0), (-3.0, 10.0), (97.0, 15.0), (0, 0), (96.0, 7.0), (-5.0, -21.0), (102.0, -16.0)]
[(48.0, 379.0), (39.0, 387.0), (57.0, 387.0), (-0.0, 319.0), (90.0, 322.0), (21.0, 188.0), (75.0, 189.0), (8.0, 92.0), (88.0, 96.0), (-3.0, 10.0), (97.0, 15.0), (0, 0), (95.0, 6.0), (-5.0, -22.0), (102.0, -18.0)]
[(48.0, 379.0), (39.0, 387.0), (57.0, 387.0), (-0.0, 319.0), (91.0, 322.0), (21.0, 188.0), (75.0, 189.0), (8.0, 91.0), (88.0, 95.0), (-2.0, 10.0), (97.0, 14.0), (0, 0), (95.0, 5.0), (-6.0, -21.0), (101.0, -18.0)]
[(48.0, 379.0), (39.0, 387.0), (57.0, 387.0), (-0.0, 320.0), (91.0, 323.0), (22.0, 188.0), (75.0, 189.0), (8.0, 91.0), (89.0, 93.0), (-2.0, 10.0), (97.0, 12.0), (0, 0), (96.0, 4.0), (-5.0, -21.0), (101.0, -19.0)]
[(48.0, 379.0), (39.0, 387.0), (57.0, 387.0), (-0.0, 320.0), (91.0, 323.0), (23.0, 187.0), (75.0, 189.0), (8.0, 91.0), (90.0, 92.0), (-2.0, 11.0), (97.0, 13.0), (0, 0), (96.0, 4.0), (-6.0, -21.0), (101.0, -19.0)]
[(48.0, 378.0), (39.0, 386.0), (57.0, 387.0), (1.0, 320.0), (91.0, 323.0), (23.0, 186.0), (74.0, 189.0), (7.0, 90.0), (91.0, 92.0), (-2.0, 11.0), (97.0, 14.0), (0, 0), (96.0, 6.0), (-6.0, -21.0), (101.0, -20.0)]
[(48.0, 376.0), (39.0, 384.0), (57.0, 384.0), (1.0, 320.0), (91.0, 323.0), (23.0, 185.0), (74.0, 189.0), (7.0, 90.0), (92.0, 92.0), (-2.0, 11.0), (97.0, 14.0), (0, 0), (96.0, 7.0), (-6.0, -21.0), (101.0, -20.0)]
[(48.0, 372.0), (39.0, 380.0), (57.0, 381.0), (1.0, 320.0), (90.0, 323.0), (23.0, 185.0), (74.0, 188.0), (7.0, 90.0), (92.0, 92.0), (-2.0, 11.0), (97.0, 14.0), (0, 0), (97.0, 7.0), (-6.0, -21.0), (101.0, -20.0)]
[(48.0, 372.0), (39.0, 380.0), (56.0, 380.0), (2.0, 323.0), (90.0, 324.0), (23.0, 187.0), (74.0, 189.0), (7.0, 92.0), (93.0, 93.0), (-2.0, 12.0), (98.0, 14.0), (0, 0), (98.0, 6.0), (-6.0, -18.0), (102.0, -18.0)]
[(48.0, 367.0), (39.0, 375.0), (56.0, 376.0), (3.0, 324.0), (89.0, 324.0), (23.0, 187.0), (74.0, 187.0), (7.0, 91.0), (93.0, 92.0), (-3.0, 12.0), (98.0, 15.0), (0, 0), (98.0, 6.0), (-7.0, -18.0), (103.0, -17.0)]
[(48.0, 362.0), (39.0, 371.0), (56.0, 372.0), (3.0, 321.0), (89.0, 319.0), (24.0, 182.0), (75.0, 183.0), (9.0, 88.0), (93.0, 89.0), (-2.0, 12.0), (98.0, 14.0), (0, 0), (97.0, 5.0), (-5.0, -19.0), (104.0, -19.0)]
[(46.0, 357.0), (39.0, 365.0), (55.0, 366.0), (3.0, 317.0), (89.0, 315.0), (25.0, 178.0), (76.0, 179.0), (11.0, 87.0), (93.0, 88.0), (-1.0, 12.0), (98.0, 14.0), (0, 0), (98.0, 6.0), (-5.0, -19.0), (104.0, -18.0)]
[(44.0, 351.0), (37.0, 360.0), (53.0, 360.0), (2.0, 312.0), (88.0, 310.0), (25.0, 173.0), (75.0, 174.0), (13.0, 86.0), (92.0, 85.0), (-1.0, 12.0), (97.0, 14.0), (0, 0), (97.0, 6.0), (-5.0, -18.0), (103.0, -18.0)]
[(45.0, 329.0), (37.0, 338.0), (53.0, 337.0), (4.0, 293.0), (87.0, 293.0), (26.0, 161.0), (75.0, 161.0), (17.0, 78.0), (90.0, 77.0), (-0.0, 12.0), (97.0, 11.0), (0, 0), (97.0, 5.0), (-5.0, -18.0), (103.0, -19.0)]
[(45.0, 322.0), (37.0, 330.0), (53.0, 330.0), (5.0, 286.0), (87.0, 284.0), (26.0, 156.0), (75.0, 156.0), (18.0, 74.0), (90.0, 74.0), (-1.0, 10.0), (97.0, 12.0), (0, 0), (96.0, 6.0), (-5.0, -18.0), (103.0, -18.0)]
[(46.0, 314.0), (38.0, 322.0), (54.0, 322.0), (9.0, 280.0), (89.0, 278.0), (27.0, 153.0), (76.0, 153.0), (19.0, 73.0), (90.0, 71.0), (-0.0, 9.0), (97.0, 11.0), (0, 0), (97.0, 6.0), (-4.0, -18.0), (101.0, -18.0)]
[(49.0, 310.0), (40.0, 317.0), (56.0, 317.0), (10.0, 275.0), (90.0, 273.0), (28.0, 152.0), (77.0, 152.0), (22.0, 73.0), (91.0, 72.0), (1.0, 9.0), (98.0, 12.0), (0, 0), (96.0, 7.0), (-2.0, -17.0), (102.0, -17.0)]
[(49.0, 303.0), (40.0, 310.0), (56.0, 310.0), (11.0, 268.0), (90.0, 264.0), (28.0, 147.0), (77.0, 148.0), (21.0, 70.0), (90.0, 67.0), (1.0, 8.0), (98.0, 11.0), (0, 0), (96.0, 6.0), (-2.0, -18.0), (102.0, -18.0)]
[(49.0, 293.0), (41.0, 301.0), (57.0, 301.0), (11.0, 263.0), (91.0, 257.0), (27.0, 148.0), (77.0, 148.0), (21.0, 68.0), (88.0, 66.0), (1.0, 7.0), (98.0, 11.0), (0, 0), (96.0, 6.0), (-2.0, -18.0), (102.0, -18.0)]
[(48.0, 286.0), (41.0, 294.0), (56.0, 294.0), (12.0, 257.0), (91.0, 251.0), (27.0, 147.0), (76.0, 147.0), (20.0, 68.0), (86.0, 66.0), (-0.0, 7.0), (96.0, 10.0), (0, 0), (95.0, 6.0), (-2.0, -18.0), (101.0, -18.0)]
[(49.0, 278.0), (41.0, 286.0), (57.0, 286.0), (11.0, 252.0), (91.0, 245.0), (27.0, 146.0), (75.0, 145.0), (20.0, 68.0), (86.0, 66.0), (-0.0, 7.0), (96.0, 10.0), (0, 0), (95.0, 5.0), (-2.0, -19.0), (101.0, -18.0)]
[(49.0, 268.0), (41.0, 277.0), (58.0, 277.0), (12.0, 243.0), (92.0, 236.0), (27.0, 143.0), (75.0, 142.0), (20.0, 67.0), (86.0, 65.0), (-0.0, 7.0), (96.0, 11.0), (0, 0), (94.0, 6.0), (-1.0, -20.0), (101.0, -19.0)]
[(50.0, 261.0), (43.0, 270.0), (59.0, 270.0), (14.0, 237.0), (93.0, 229.0), (28.0, 138.0), (75.0, 139.0), (20.0, 65.0), (87.0, 65.0), (2.0, 8.0), (97.0, 11.0), (0, 0), (96.0, 6.0), (0.0, -20.0), (102.0, -19.0)]
[(51.0, 250.0), (43.0, 260.0), (60.0, 260.0), (14.0, 228.0), (94.0, 220.0), (29.0, 138.0), (75.0, 139.0), (20.0, 66.0), (86.0, 65.0), (2.0, 7.0), (98.0, 11.0), (0, 0), (98.0, 7.0), (2.0, -21.0), (102.0, -20.0)]
[(51.0, 244.0), (44.0, 253.0), (60.0, 254.0), (15.0, 224.0), (94.0, 216.0), (30.0, 137.0), (76.0, 137.0), (20.0, 67.0), (86.0, 66.0), (2.0, 8.0), (98.0, 13.0), (0, 0), (97.0, 9.0), (2.0, -22.0), (102.0, -19.0)]
[(50.0, 232.0), (42.0, 241.0), (59.0, 242.0), (12.0, 211.0), (92.0, 204.0), (28.0, 127.0), (75.0, 128.0), (19.0, 70.0), (84.0, 74.0), (-0.0, 7.0), (96.0, 8.0), (0, 0), (95.0, 4.0), (0.0, -28.0), (100.0, -25.0)]
[(49.0, 227.0), (41.0, 236.0), (58.0, 237.0), (11.0, 206.0), (92.0, 201.0), (27.0, 125.0), (74.0, 125.0), (18.0, 71.0), (84.0, 71.0), (-0.0, 7.0), (95.0, 8.0), (0, 0), (94.0, 4.0), (-1.0, -28.0), (99.0, -25.0)]
[(50.0, 224.0), (41.0, 233.0), (59.0, 234.0), (11.0, 203.0), (92.0, 198.0), (27.0, 124.0), (74.0, 123.0), (18.0, 71.0), (84.0, 72.0), (-0.0, 8.0), (94.0, 9.0), (0, 0), (94.0, 5.0), (-1.0, -26.0), (98.0, -24.0)]
[(48.0, 217.0), (39.0, 226.0), (57.0, 228.0), (10.0, 201.0), (90.0, 193.0), (26.0, 122.0), (72.0, 119.0), (16.0, 73.0), (82.0, 71.0), (-1.0, 7.0), (92.0, 7.0), (0, 0), (92.0, 3.0), (-2.0, -28.0), (96.0, -26.0)]
[(49.0, 215.0), (40.0, 224.0), (58.0, 226.0), (11.0, 199.0), (91.0, 192.0), (27.0, 120.0), (73.0, 118.0), (17.0, 70.0), (82.0, 70.0), (-0.0, 7.0), (93.0, 7.0), (0, 0), (93.0, 3.0), (-1.0, -28.0), (97.0, -26.0)]
[(49.0, 214.0), (40.0, 224.0), (58.0, 226.0), (10.0, 199.0), (90.0, 193.0), (26.0, 120.0), (72.0, 118.0), (17.0, 71.0), (81.0, 71.0), (-1.0, 7.0), (92.0, 8.0), (0, 0), (92.0, 4.0), (-2.0, -28.0), (96.0, -25.0)]
[(49.0, 214.0), (40.0, 224.0), (58.0, 225.0), (10.0, 198.0), (90.0, 191.0), (26.0, 119.0), (72.0, 116.0), (17.0, 73.0), (82.0, 73.0), (-0.0, 7.0), (92.0, 7.0), (0, 0), (92.0, 3.0), (-2.0, -29.0), (96.0, -26.0)]
[(50.0, 218.0), (40.0, 227.0), (59.0, 228.0), (11.0, 197.0), (90.0, 192.0), (26.0, 117.0), (72.0, 115.0), (17.0, 78.0), (82.0, 80.0), (-0.0, 7.0), (92.0, 8.0), (0, 0), (91.0, 3.0), (-1.0, -29.0), (96.0, -27.0)]
[(49.0, 219.0), (40.0, 227.0), (59.0, 229.0), (11.0, 198.0), (90.0, 192.0), (26.0, 116.0), (72.0, 114.0), (17.0, 76.0), (83.0, 75.0), (-0.0, 6.0), (92.0, 6.0), (0, 0), (91.0, 2.0), (-1.0, -30.0), (96.0, -28.0)]
[(49.0, 222.0), (40.0, 230.0), (58.0, 232.0), (11.0, 201.0), (90.0, 195.0), (25.0, 118.0), (72.0, 116.0), (17.0, 77.0), (80.0, 82.0), (-0.0, 7.0), (92.0, 7.0), (0, 0), (92.0, 3.0), (-1.0, -30.0), (95.0, -28.0)]
[(54.0, 226.0), (45.0, 234.0), (63.0, 236.0), (15.0, 203.0), (95.0, 198.0), (29.0, 121.0), (76.0, 119.0), (21.0, 74.0), (86.0, 81.0), (5.0, 8.0), (97.0, 10.0), (0, 0), (97.0, 5.0), (4.0, -28.0), (99.0, -25.0)]
[(58.0, 236.0), (49.0, 244.0), (67.0, 246.0), (19.0, 210.0), (99.0, 206.0), (33.0, 125.0), (80.0, 124.0), (25.0, 74.0), (90.0, 86.0), (8.0, 10.0), (101.0, 12.0), (0, 0), (101.0, 7.0), (8.0, -25.0), (103.0, -23.0)]
[(60.0, 242.0), (51.0, 250.0), (69.0, 251.0), (21.0, 217.0), (101.0, 211.0), (35.0, 128.0), (82.0, 128.0), (28.0, 78.0), (92.0, 89.0), (10.0, 9.0), (103.0, 11.0), (0, 0), (103.0, 6.0), (10.0, -26.0), (105.0, -24.0)]
[(56.0, 249.0), (48.0, 256.0), (65.0, 258.0), (18.0, 223.0), (97.0, 217.0), (31.0, 132.0), (78.0, 132.0), (25.0, 71.0), (88.0, 72.0), (6.0, 9.0), (99.0, 11.0), (0, 0), (99.0, 5.0), (6.0, -26.0), (102.0, -23.0)]
[(54.0, 255.0), (46.0, 263.0), (63.0, 264.0), (16.0, 230.0), (95.0, 223.0), (28.0, 136.0), (76.0, 135.0), (23.0, 71.0), (86.0, 71.0), (4.0, 9.0), (98.0, 10.0), (0, 0), (97.0, 5.0), (4.0, -25.0), (100.0, -23.0)]
[(54.0, 263.0), (46.0, 272.0), (63.0, 272.0), (16.0, 236.0), (94.0, 231.0), (28.0, 141.0), (76.0, 140.0), (23.0, 70.0), (86.0, 72.0), (4.0, 8.0), (98.0, 10.0), (0, 0), (97.0, 5.0), (3.0, -25.0), (101.0, -22.0)]
[(55.0, 293.0), (48.0, 301.0), (64.0, 301.0), (16.0, 262.0), (93.0, 255.0), (28.0, 152.0), (75.0, 152.0), (22.0, 71.0), (86.0, 72.0), (3.0, 8.0), (98.0, 11.0), (0, 0), (97.0, 6.0), (3.0, -24.0), (101.0, -21.0)]
[(55.0, 305.0), (48.0, 313.0), (64.0, 313.0), (16.0, 269.0), (93.0, 266.0), (28.0, 158.0), (75.0, 157.0), (21.0, 72.0), (86.0, 74.0), (3.0, 9.0), (99.0, 12.0), (0, 0), (97.0, 7.0), (3.0, -23.0), (101.0, -20.0)]
[(55.0, 313.0), (48.0, 320.0), (63.0, 321.0), (14.0, 274.0), (92.0, 270.0), (27.0, 159.0), (75.0, 158.0), (19.0, 71.0), (86.0, 73.0), (2.0, 8.0), (99.0, 11.0), (0, 0), (98.0, 6.0), (3.0, -23.0), (101.0, -21.0)]
[(54.0, 320.0), (46.0, 328.0), (62.0, 328.0), (12.0, 279.0), (91.0, 275.0), (26.0, 161.0), (73.0, 161.0), (17.0, 74.0), (86.0, 74.0), (1.0, 9.0), (98.0, 11.0), (0, 0), (96.0, 6.0), (0.0, -21.0), (100.0, -21.0)]
[(53.0, 326.0), (45.0, 334.0), (60.0, 334.0), (9.0, 285.0), (89.0, 282.0), (24.0, 164.0), (72.0, 164.0), (15.0, 76.0), (85.0, 75.0), (-0.0, 10.0), (97.0, 12.0), (0, 0), (95.0, 7.0), (-2.0, -19.0), (99.0, -20.0)]
[(52.0, 331.0), (44.0, 340.0), (59.0, 340.0), (6.0, 289.0), (88.0, 287.0), (23.0, 166.0), (72.0, 165.0), (13.0, 77.0), (86.0, 75.0), (-0.0, 10.0), (96.0, 12.0), (0, 0), (94.0, 6.0), (-4.0, -20.0), (99.0, -20.0)]
[(49.0, 338.0), (42.0, 347.0), (57.0, 347.0), (3.0, 296.0), (87.0, 292.0), (22.0, 167.0), (71.0, 167.0), (11.0, 78.0), (85.0, 75.0), (-1.0, 10.0), (95.0, 12.0), (0, 0), (93.0, 6.0), (-5.0, -20.0), (98.0, -20.0)]