[(48.0, 344.0), (39.0, 354.0), (55.0, 354.0), (1.0, 295.0), (89.0, 294.0), (22.0, 178.0), (69.0, 177.0), (8.0, 85.0), (82.0, 86.0), (-1.0, 11.0), (81.0, 12.0), (0, 0), (76.0, 2.0), (-6.0, -22.0), (94.0, -18.0)]
[(47.0, 347.0), (39.0, 357.0), (55.0, 356.0), (1.0, 295.0), (89.0, 295.0), (22.0, 178.0), (69.0, 177.0), (6.0, 86.0), (83.0, 87.0), (-1.0, 12.0), (81.0, 13.0), (0, 0), (75.0, 3.0), (-6.0, -21.0), (94.0, -17.0)]
[(47.0, 350.0), (39.0, 361.0), (55.0, 361.0), (-0.0, 303.0), (89.0, 302.0), (21.0, 183.0), (69.0, 182.0), (5.0, 87.0), (83.0, 88.0), (-1.0, 12.0), (81.0, 13.0), (0, 0), (75.0, 3.0), (-6.0, -21.0), (94.0, -17.0)]
[(47.0, 365.0), (39.0, 375.0), (55.0, 374.0), (-0.0, 309.0), (89.0, 309.0), (20.0, 187.0), (69.0, 186.0), (6.0, 92.0), (82.0, 91.0), (-1.0, 13.0), (82.0, 13.0), (0, 0), (76.0, 4.0), (-7.0, -21.0), (94.0, -17.0)]
[(47.0, 371.0), (39.0, 380.0), (55.0, 379.0), (-1.0, 314.0), (89.0, 313.0), (19.0, 193.0), (69.0, 191.0), (6.0, 96.0), (83.0, 95.0), (-1.0, 13.0), (82.0, 16.0), (0, 0), (76.0, 7.0), (-7.0, -21.0), (94.0, -17.0)]
[(47.0, 374.0), (38.0, 384.0), (55.0, 382.0), (-2.0, 319.0), (88.0, 316.0), (18.0, 194.0), (68.0, 193.0), (5.0, 97.0), (82.0, 97.0), (-2.0, 13.0), (82.0, 16.0), (0, 0), (75.0, 6.0), (-8.0, -22.0), (93.0, -17.0)]
[(47.0, 376.0), (38.0, 384.0), (55.0, 384.0), (-2.0, 320.0), (88.0, 318.0), (18.0, 194.0), (68.0, 194.0), (5.0, 98.0), (82.0, 98.0), (-2.0, 14.0), (82.0, 15.0), (0, 0), (75.0, 6.0), (-8.0, -23.0), (93.0, -18.0)]
[(45.0, 379.0), (36.0, 387.0), (53.0, 386.0), (-5.0, 320.0), (85.0, 319.0), (15.0, 191.0), (66.0, 191.0), (2.0, 98.0), (80.0, 99.0), (-4.0, 13.0), (80.0, 16.0), (0, 0), (73.0, 7.0), (-9.0, -26.0), (90.0, -21.0)]
[(45.0, 376.0), (36.0, 384.0), (53.0, 384.0), (-5.0, 318.0), (85.0, 317.0), (14.0, 189.0), (66.0, 190.0), (1.0, 97.0), (80.0, 99.0), (-4.0, 13.0), (80.0, 16.0), (0, 0), (73.0, 7.0), (-10.0, -26.0), (90.0, -21.0)]
[(44.0, 374.0), (35.0, 382.0), (53.0, 383.0), (-6.0, 317.0), (85.0, 316.0), (14.0, 188.0), (66.0, 189.0), (-0.0, 97.0), (80.0, 98.0), (-4.0, 14.0), (80.0, 15.0), (0, 0), (74.0, 7.0), (-10.0, -25.0), (90.0, -22.0)]
[(43.0, 374.0), (34.0, 383.0), (52.0, 383.0), (-7.0, 317.0), (84.0, 316.0), (13.0, 188.0), (64.0, 189.0), (-1.0, 96.0), (79.0, 98.0), (-5.0, 13.0), (79.0, 15.0), (0, 0), (73.0, 7.0), (-11.0, -25.0), (88.0, -22.0)]
[(43.0, 375.0), (34.0, 383.0), (52.0, 383.0), (-7.0, 316.0), (84.0, 316.0), (13.0, 188.0), (65.0, 189.0), (-0.0, 96.0), (79.0, 97.0), (-5.0, 13.0), (80.0, 15.0), (0, 0), (74.0, 6.0), (-11.0, -25.0), (88.0, -22.0)]
[(42.0, 376.0), (33.0, 384.0), (51.0, 384.0), (-7.0, 318.0), (83.0, 317.0), (13.0, 189.0), (65.0, 190.0), (-0.0, 96.0), (79.0, 98.0), (-5.0, 13.0), (80.0, 15.0), (0, 0), (74.0, 7.0), (-12.0, -24.0), (88.0, -21.0)]
[(41.0, 376.0), (32.0, 384.0), (50.0, 385.0), (-7.0, 318.0), (82.0, 317.0), (12.0, 189.0), (64.0, 190.0), (-0.0, 96.0), (78.0, 98.0), (-5.0, 12.0), (80.0, 15.0), (0, 0), (74.0, 6.0), (-11.0, -26.0), (88.0, -21.0)]
[(40.0, 376.0), (31.0, 384.0), (49.0, 385.0), (-7.0, 318.0), (82.0, 318.0), (12.0, 189.0), (64.0, 190.0), (-0.0, 96.0), (77.0, 98.0), (-5.0, 12.0), (80.0, 15.0), (0, 0), (74.0, 6.0), (-11.0, -27.0), (88.0, -21.0)]
[(40.0, 377.0), (31.0, 385.0), (48.0, 386.0), (-7.0, 319.0), (81.0, 319.0), (12.0, 191.0), (64.0, 191.0), (-0.0, 97.0), (76.0, 99.0), (-5.0, 12.0), (80.0, 15.0), (0, 0), (74.0, 7.0), (-12.0, -26.0), (88.0, -20.0)]
[(39.0, 376.0), (30.0, 385.0), (47.0, 385.0), (-8.0, 319.0), (81.0, 320.0), (12.0, 190.0), (64.0, 191.0), (-0.0, 97.0), (76.0, 98.0), (-5.0, 12.0), (80.0, 15.0), (0, 0), (74.0, 7.0), (-12.0, -26.0), (88.0, -20.0)]
[(39.0, 376.0), (30.0, 384.0), (48.0, 384.0), (-7.0, 318.0), (81.0, 319.0), (13.0, 190.0), (65.0, 191.0), (1.0, 96.0), (77.0, 98.0), (-4.0, 11.0), (81.0, 14.0), (0, 0), (75.0, 6.0), (-10.0, -26.0), (89.0, -21.0)]
[(39.0, 374.0), (29.0, 382.0), (47.0, 383.0), (-7.0, 317.0), (81.0, 319.0), (14.0, 189.0), (65.0, 190.0), (2.0, 95.0), (78.0, 97.0), (-4.0, 11.0), (81.0, 13.0), (0, 0), (75.0, 5.0), (-10.0, -26.0), (89.0, -22.0)]
[(38.0, 374.0), (28.0, 382.0), (46.0, 382.0), (-7.0, 317.0), (80.0, 319.0), (14.0, 189.0), (64.0, 190.0), (2.0, 95.0), (79.0, 97.0), (-4.0, 11.0), (80.0, 13.0), (0, 0), (73.0, 5.0), (-10.0, -25.0), (89.0, -22.0)]
[(37.0, 374.0), (28.0, 382.0), (45.0, 382.0), (-7.0, 317.0), (79.0, 319.0), (14.0, 189.0), (63.0, 190.0), (2.0, 95.0), (80.0, 97.0), (-4.0, 11.0), (80.0, 14.0), (0, 0), (73.0, 5.0), (-10.0, -25.0), (89.0, -21.0)]
[(37.0, 374.0), (28.0, 382.0), (45.0, 382.0), (-7.0, 319.0), (79.0, 319.0), (14.0, 188.0), (62.0, 190.0), (2.0, 93.0), (80.0, 97.0), (-4.0, 10.0), (79.0, 14.0), (0, 0), (72.0, 4.0), (-10.0, -25.0), (89.0, -21.0)]
[(37.0, 374.0), (27.0, 382.0), (45.0, 382.0), (-7.0, 320.0), (79.0, 320.0), (13.0, 188.0), (62.0, 190.0), (2.0, 93.0), (80.0, 97.0), (-4.0, 10.0), (79.0, 14.0), (0, 0), (72.0, 4.0), (-9.0, -25.0), (89.0, -21.0)]
[(36.0, 373.0), (27.0, 382.0), (44.0, 382.0), (-7.0, 321.0), (77.0, 321.0), (13.0, 189.0), (62.0, 190.0), (2.0, 95.0), (81.0, 98.0), (-4.0, 11.0), (80.0, 14.0), (0, 0), (73.0, 4.0), (-10.0, -25.0), (89.0, -21.0)]
[(36.0, 372.0), (27.0, 380.0), (44.0, 381.0), (-5.0, 324.0), (77.0, 322.0), (14.0, 191.0), (63.0, 191.0), (3.0, 96.0), (82.0, 98.0), (-3.0, 11.0), (81.0, 14.0), (0, 0), (74.0, 4.0), (-10.0, -24.0), (91.0, -21.0)]
[(35.0, 371.0), (26.0, 379.0), (43.0, 380.0), (-4.0, 325.0), (76.0, 323.0), (14.0, 192.0), (63.0, 192.0), (3.0, 97.0), (82.0, 99.0), (-3.0, 12.0), (80.0, 14.0), (0, 0), (73.0, 3.0), (-10.0, -23.0), (91.0, -21.0)]
[(35.0, 369.0), (26.0, 378.0), (42.0, 379.0), (-4.0, 326.0), (74.0, 324.0), (14.0, 193.0), (64.0, 193.0), (4.0, 98.0), (82.0, 98.0), (-3.0, 12.0), (80.0, 14.0), (0, 0), (73.0, 3.0), (-10.0, -22.0), (91.0, -20.0)]
[(35.0, 368.0), (27.0, 375.0), (43.0, 376.0), (-3.0, 326.0), (75.0, 325.0), (16.0, 194.0), (65.0, 193.0), (6.0, 98.0), (83.0, 99.0), (-3.0, 11.0), (82.0, 14.0), (0, 0), (75.0, 4.0), (-9.0, -22.0), (92.0, -18.0)]
[(36.0, 358.0), (27.0, 366.0), (43.0, 366.0), (-3.0, 321.0), (75.0, 322.0), (16.0, 188.0), (66.0, 188.0), (7.0, 94.0), (80.0, 94.0), (-3.0, 11.0), (81.0, 14.0), (0, 0), (74.0, 5.0), (-9.0, -21.0), (92.0, -18.0)]
[(35.0, 353.0), (27.0, 361.0), (43.0, 361.0), (-3.0, 317.0), (75.0, 316.0), (17.0, 183.0), (67.0, 183.0), (8.0, 92.0), (77.0, 90.0), (-2.0, 10.0), (81.0, 12.0), (0, 0), (74.0, 3.0), (-8.0, -21.0), (91.0, -18.0)]
[(34.0, 346.0), (26.0, 355.0), (41.0, 355.0), (-5.0, 314.0), (74.0, 312.0), (16.0, 178.0), (66.0, 179.0), (8.0, 89.0), (76.0, 88.0), (-3.0, 10.0), (79.0, 12.0), (0, 0), (73.0, 3.0), (-9.0, -21.0), (89.0, -18.0)]
[(34.0, 342.0), (25.0, 351.0), (41.0, 351.0), (-5.0, 309.0), (74.0, 308.0), (17.0, 176.0), (67.0, 176.0), (8.0, 88.0), (76.0, 88.0), (-3.0, 11.0), (79.0, 13.0), (0, 0), (73.0, 5.0), (-8.0, -21.0), (89.0, -17.0)]
[(34.0, 338.0), (25.0, 347.0), (41.0, 347.0), (-4.0, 306.0), (74.0, 303.0), (17.0, 175.0), (67.0, 174.0), (8.0, 89.0), (76.0, 89.0), (-2.0, 12.0), (79.0, 13.0), (0, 0), (73.0, 4.0), (-8.0, -20.0), (90.0, -16.0)]
[(34.0, 325.0), (25.0, 333.0), (42.0, 334.0), (-4.0, 292.0), (74.0, 294.0), (18.0, 165.0), (68.0, 166.0), (8.0, 83.0), (76.0, 84.0), (-3.0, 11.0), (79.0, 13.0), (0, 0), (73.0, 4.0), (-8.0, -20.0), (91.0, -16.0)]
[(35.0, 318.0), (25.0, 326.0), (42.0, 326.0), (-4.0, 283.0), (74.0, 287.0), (17.0, 161.0), (67.0, 162.0), (7.0, 81.0), (75.0, 82.0), (-4.0, 11.0), (78.0, 13.0), (0, 0), (72.0, 5.0), (-9.0, -20.0), (90.0, -17.0)]
[(35.0, 309.0), (26.0, 317.0), (42.0, 317.0), (-2.0, 277.0), (74.0, 280.0), (17.0, 158.0), (67.0, 159.0), (7.0, 81.0), (75.0, 81.0), (-4.0, 11.0), (78.0, 13.0), (0, 0), (72.0, 4.0), (-11.0, -18.0), (90.0, -18.0)]
[(35.0, 298.0), (26.0, 307.0), (42.0, 307.0), (-1.0, 271.0), (74.0, 272.0), (17.0, 154.0), (67.0, 155.0), (7.0, 80.0), (76.0, 79.0), (-4.0, 10.0), (78.0, 12.0), (0, 0), (72.0, 3.0), (-11.0, -19.0), (90.0, -19.0)]
[(34.0, 291.0), (26.0, 300.0), (41.0, 299.0), (-1.0, 263.0), (74.0, 264.0), (17.0, 152.0), (67.0, 155.0), (7.0, 77.0), (76.0, 79.0), (-4.0, 10.0), (78.0, 12.0), (0, 0), (73.0, 4.0), (-11.0, -19.0), (89.0, -19.0)]
[(36.0, 277.0), (27.0, 286.0), (43.0, 285.0), (-1.0, 254.0), (75.0, 253.0), (19.0, 150.0), (67.0, 152.0), (7.0, 75.0), (75.0, 77.0), (-4.0, 9.0), (78.0, 10.0), (0, 0), (73.0, 2.0), (-10.0, -21.0), (89.0, -21.0)]
[(36.0, 279.0), (27.0, 287.0), (43.0, 288.0), (-1.0, 252.0), (75.0, 251.0), (19.0, 149.0), (67.0, 152.0), (7.0, 75.0), (75.0, 78.0), (-4.0, 9.0), (78.0, 10.0), (0, 0), (73.0, 2.0), (-10.0, -21.0), (89.0, -20.0)]
[(36.0, 270.0), (27.0, 279.0), (44.0, 280.0), (-0.0, 245.0), (76.0, 243.0), (19.0, 148.0), (67.0, 151.0), (7.0, 74.0), (75.0, 78.0), (-4.0, 9.0), (78.0, 10.0), (0, 0), (73.0, 1.0), (-10.0, -22.0), (88.0, -20.0)]
[(37.0, 263.0), (29.0, 272.0), (45.0, 273.0), (1.0, 241.0), (78.0, 237.0), (20.0, 146.0), (68.0, 148.0), (10.0, 79.0), (76.0, 85.0), (-3.0, 10.0), (79.0, 12.0), (0, 0), (74.0, 3.0), (-7.0, -20.0), (89.0, -18.0)]
[(38.0, 253.0), (30.0, 262.0), (46.0, 262.0), (3.0, 230.0), (80.0, 228.0), (22.0, 144.0), (69.0, 144.0), (15.0, 100.0), (72.0, 98.0), (-2.0, 11.0), (80.0, 14.0), (0, 0), (76.0, 5.0), (-5.0, -20.0), (88.0, -18.0)]
[(38.0, 241.0), (30.0, 251.0), (47.0, 252.0), (3.0, 221.0), (81.0, 220.0), (22.0, 143.0), (68.0, 143.0), (15.0, 98.0), (70.0, 98.0), (-2.0, 11.0), (80.0, 13.0), (0, 0), (76.0, 4.0), (-5.0, -21.0), (86.0, -19.0)]
[(39.0, 231.0), (31.0, 241.0), (47.0, 242.0), (3.0, 213.0), (82.0, 212.0), (22.0, 139.0), (68.0, 138.0), (16.0, 95.0), (70.0, 96.0), (-2.0, 11.0), (80.0, 14.0), (0, 0), (76.0, 5.0), (-4.0, -21.0), (86.0, -19.0)]
[(40.0, 212.0), (31.0, 221.0), (48.0, 223.0), (3.0, 201.0), (84.0, 196.0), (22.0, 133.0), (68.0, 132.0), (15.0, 96.0), (70.0, 86.0), (-2.0, 11.0), (80.0, 11.0), (0, 0), (76.0, 3.0), (-4.0, -22.0), (86.0, -20.0)]
[(41.0, 205.0), (32.0, 214.0), (48.0, 216.0), (4.0, 193.0), (85.0, 191.0), (22.0, 129.0), (67.0, 127.0), (16.0, 88.0), (71.0, 78.0), (-2.0, 11.0), (80.0, 9.0), (0, 0), (76.0, 1.0), (-4.0, -21.0), (86.0, -20.0)]
[(42.0, 189.0), (33.0, 198.0), (50.0, 200.0), (6.0, 178.0), (88.0, 177.0), (27.0, 117.0), (70.0, 114.0), (15.0, 83.0), (79.0, 76.0), (-1.0, 9.0), (79.0, 9.0), (0, 0), (76.0, 2.0), (-1.0, -23.0), (87.0, -20.0)]
[(42.0, 186.0), (32.0, 194.0), (51.0, 198.0), (5.0, 176.0), (89.0, 175.0), (28.0, 115.0), (72.0, 111.0), (12.0, 70.0), (83.0, 71.0), (-2.0, 9.0), (78.0, 10.0), (0, 0), (75.0, 3.0), (-4.0, -22.0), (86.0, -20.0)]
[(43.0, 186.0), (33.0, 195.0), (52.0, 198.0), (5.0, 177.0), (90.0, 174.0), (29.0, 117.0), (72.0, 113.0), (12.0, 70.0), (88.0, 73.0), (-1.0, 9.0), (78.0, 11.0), (0, 0), (75.0, 4.0), (-4.0, -22.0), (87.0, -19.0)]
[(42.0, 188.0), (31.0, 198.0), (51.0, 200.0), (3.0, 176.0), (89.0, 174.0), (29.0, 118.0), (72.0, 115.0), (9.0, 65.0), (85.0, 65.0), (-3.0, 9.0), (76.0, 12.0), (0, 0), (72.0, 5.0), (-7.0, -22.0), (84.0, -18.0)]
[(41.0, 189.0), (31.0, 198.0), (50.0, 201.0), (2.0, 179.0), (88.0, 176.0), (27.0, 122.0), (70.0, 119.0), (7.0, 65.0), (85.0, 69.0), (-4.0, 9.0), (75.0, 12.0), (0, 0), (70.0, 5.0), (-11.0, -26.0), (84.0, -18.0)]
[(41.0, 191.0), (30.0, 200.0), (50.0, 203.0), (1.0, 181.0), (87.0, 177.0), (25.0, 123.0), (69.0, 120.0), (6.0, 68.0), (86.0, 70.0), (-4.0, 9.0), (72.0, 12.0), (0, 0), (67.0, 5.0), (-12.0, -26.0), (83.0, -18.0)]
[(42.0, 196.0), (31.0, 206.0), (51.0, 208.0), (1.0, 186.0), (88.0, 181.0), (25.0, 126.0), (69.0, 125.0), (7.0, 70.0), (85.0, 72.0), (-4.0, 9.0), (72.0, 13.0), (0, 0), (67.0, 6.0), (-12.0, -24.0), (83.0, -17.0)]
[(44.0, 209.0), (34.0, 218.0), (53.0, 219.0), (1.0, 190.0), (89.0, 184.0), (23.0, 132.0), (69.0, 133.0), (13.0, 72.0), (86.0, 88.0), (-3.0, 11.0), (73.0, 15.0), (0, 0), (69.0, 4.0), (-11.0, -19.0), (85.0, -15.0)]
[(47.0, 235.0), (38.0, 244.0), (56.0, 245.0), (3.0, 209.0), (93.0, 206.0), (22.0, 138.0), (70.0, 136.0), (17.0, 67.0), (74.0, 80.0), (-1.0, 6.0), (79.0, 10.0), (0, 0), (73.0, 0.0), (-8.0, -20.0), (87.0, -16.0)]
[(51.0, 237.0), (42.0, 246.0), (60.0, 246.0), (6.0, 211.0), (96.0, 207.0), (25.0, 139.0), (73.0, 137.0), (20.0, 65.0), (76.0, 72.0), (-0.0, 6.0), (82.0, 10.0), (0, 0), (77.0, 1.0), (-5.0, -19.0), (90.0, -16.0)]
[(54.0, 247.0), (46.0, 256.0), (62.0, 256.0), (9.0, 221.0), (99.0, 215.0), (28.0, 142.0), (75.0, 140.0), (22.0, 67.0), (79.0, 71.0), (1.0, 6.0), (86.0, 10.0), (0, 0), (83.0, 1.0), (-3.0, -18.0), (94.0, -15.0)]
[(53.0, 255.0), (45.0, 263.0), (61.0, 264.0), (8.0, 226.0), (98.0, 223.0), (27.0, 146.0), (74.0, 145.0), (21.0, 74.0), (77.0, 74.0), (-0.0, 8.0), (85.0, 8.0), (0, 0), (81.0, -1.0), (-3.0, -20.0), (93.0, -17.0)]
[(53.0, 265.0), (45.0, 274.0), (62.0, 274.0), (8.0, 232.0), (98.0, 230.0), (26.0, 151.0), (74.0, 149.0), (21.0, 75.0), (78.0, 75.0), (-0.0, 9.0), (84.0, 8.0), (0, 0), (81.0, 0.0), (-3.0, -20.0), (93.0, -17.0)]
[(52.0, 273.0), (44.0, 282.0), (61.0, 283.0), (7.0, 240.0), (97.0, 234.0), (25.0, 154.0), (73.0, 151.0), (20.0, 80.0), (76.0, 74.0), (-0.0, 9.0), (83.0, 8.0), (0, 0), (80.0, 1.0), (-4.0, -21.0), (92.0, -18.0)]
[(52.0, 287.0), (44.0, 297.0), (61.0, 298.0), (7.0, 251.0), (97.0, 245.0), (25.0, 158.0), (74.0, 155.0), (20.0, 84.0), (76.0, 77.0), (-1.0, 11.0), (83.0, 11.0), (0, 0), (80.0, 4.0), (-4.0, -19.0), (93.0, -16.0)]
[(53.0, 296.0), (45.0, 305.0), (62.0, 306.0), (8.0, 260.0), (98.0, 255.0), (26.0, 161.0), (75.0, 159.0), (20.0, 83.0), (78.0, 78.0), (-0.0, 11.0), (84.0, 13.0), (0, 0), (81.0, 6.0), (-2.0, -19.0), (93.0, -15.0)]
[(54.0, 306.0), (46.0, 316.0), (62.0, 317.0), (8.0, 262.0), (99.0, 258.0), (26.0, 160.0), (75.0, 158.0), (19.0, 80.0), (78.0, 75.0), (-0.0, 10.0), (84.0, 11.0), (0, 0), (81.0, 4.0), (-2.0, -20.0), (93.0, -17.0)]
[(54.0, 326.0), (46.0, 335.0), (62.0, 335.0), (8.0, 275.0), (99.0, 276.0), (26.0, 167.0), (76.0, 165.0), (18.0, 81.0), (80.0, 75.0), (-0.0, 10.0), (84.0, 10.0), (0, 0), (80.0, 3.0), (-2.0, -20.0), (93.0, -18.0)]
[(54.0, 335.0), (46.0, 344.0), (62.0, 344.0), (8.0, 284.0), (99.0, 284.0), (26.0, 170.0), (77.0, 168.0), (15.0, 81.0), (82.0, 76.0), (-0.0, 10.0), (84.0, 10.0), (0, 0), (79.0, 3.0), (-2.0, -20.0), (93.0, -18.0)]
[(52.0, 346.0), (44.0, 355.0), (60.0, 355.0), (6.0, 293.0), (97.0, 291.0), (24.0, 176.0), (75.0, 174.0), (12.0, 83.0), (84.0, 80.0), (-2.0, 11.0), (83.0, 12.0), (0, 0), (77.0, 4.0), (-5.0, -19.0), (92.0, -18.0)]