[(56.0, 341.0), (47.0, 349.0), (63.0, 348.0), (9.0, 289.0), (94.0, 289.0), (28.0, 163.0), (78.0, 163.0), (16.0, 78.0), (91.0, 78.0), (-0.0, 10.0), (99.0, 13.0), (0, 0), (95.0, 7.0), (-2.0, -21.0), (105.0, -20.0)]
[(55.0, 356.0), (47.0, 365.0), (63.0, 363.0), (6.0, 300.0), (94.0, 297.0), (28.0, 173.0), (78.0, 171.0), (15.0, 82.0), (90.0, 82.0), (-0.0, 10.0), (98.0, 15.0), (0, 0), (95.0, 8.0), (-2.0, -20.0), (104.0, -19.0)]
[(55.0, 358.0), (47.0, 367.0), (63.0, 366.0), (5.0, 303.0), (95.0, 299.0), (27.0, 175.0), (78.0, 174.0), (14.0, 82.0), (89.0, 79.0), (-0.0, 9.0), (98.0, 10.0), (0, 0), (95.0, 3.0), (-2.0, -22.0), (104.0, -22.0)]
[(55.0, 362.0), (47.0, 371.0), (63.0, 370.0), (4.0, 307.0), (95.0, 302.0), (25.0, 179.0), (77.0, 178.0), (12.0, 85.0), (89.0, 82.0), (-0.0, 9.0), (98.0, 9.0), (0, 0), (94.0, 2.0), (-3.0, -21.0), (104.0, -22.0)]
[(55.0, 370.0), (47.0, 378.0), (63.0, 377.0), (4.0, 311.0), (96.0, 308.0), (24.0, 184.0), (76.0, 182.0), (11.0, 91.0), (89.0, 88.0), (-0.0, 11.0), (97.0, 12.0), (0, 0), (95.0, 5.0), (-4.0, -17.0), (103.0, -19.0)]
[(54.0, 374.0), (46.0, 382.0), (62.0, 381.0), (3.0, 314.0), (95.0, 311.0), (23.0, 187.0), (76.0, 185.0), (10.0, 94.0), (89.0, 90.0), (-1.0, 12.0), (97.0, 13.0), (0, 0), (94.0, 6.0), (-4.0, -18.0), (102.0, -19.0)]
[(55.0, 377.0), (46.0, 386.0), (63.0, 385.0), (3.0, 318.0), (95.0, 316.0), (23.0, 191.0), (76.0, 190.0), (10.0, 98.0), (90.0, 93.0), (-2.0, 13.0), (97.0, 14.0), (0, 0), (94.0, 7.0), (-4.0, -18.0), (102.0, -17.0)]
[(55.0, 379.0), (46.0, 387.0), (63.0, 386.0), (3.0, 320.0), (95.0, 317.0), (23.0, 192.0), (75.0, 192.0), (10.0, 97.0), (90.0, 96.0), (-2.0, 13.0), (97.0, 15.0), (0, 0), (95.0, 8.0), (-5.0, -18.0), (102.0, -17.0)]
[(55.0, 380.0), (46.0, 388.0), (63.0, 387.0), (4.0, 321.0), (94.0, 319.0), (23.0, 194.0), (75.0, 194.0), (10.0, 98.0), (90.0, 99.0), (-2.0, 13.0), (97.0, 17.0), (0, 0), (95.0, 10.0), (-5.0, -20.0), (102.0, -18.0)]
[(54.0, 380.0), (45.0, 388.0), (62.0, 388.0), (3.0, 320.0), (94.0, 318.0), (23.0, 193.0), (75.0, 192.0), (11.0, 97.0), (90.0, 99.0), (-2.0, 13.0), (97.0, 18.0), (0, 0), (95.0, 12.0), (-5.0, -21.0), (100.0, -18.0)]
[(54.0, 379.0), (45.0, 387.0), (62.0, 387.0), (3.0, 321.0), (94.0, 320.0), (22.0, 193.0), (74.0, 192.0), (11.0, 97.0), (90.0, 98.0), (-1.0, 13.0), (96.0, 19.0), (0, 0), (94.0, 12.0), (-5.0, -21.0), (100.0, -18.0)]
[(53.0, 378.0), (45.0, 386.0), (62.0, 386.0), (2.0, 320.0), (93.0, 319.0), (22.0, 193.0), (74.0, 192.0), (10.0, 97.0), (90.0, 98.0), (-1.0, 13.0), (96.0, 20.0), (0, 0), (94.0, 12.0), (-6.0, -20.0), (100.0, -17.0)]
[(53.0, 377.0), (44.0, 386.0), (62.0, 386.0), (2.0, 320.0), (93.0, 319.0), (22.0, 192.0), (74.0, 192.0), (10.0, 97.0), (90.0, 98.0), (-2.0, 13.0), (96.0, 20.0), (0, 0), (94.0, 13.0), (-9.0, -18.0), (100.0, -17.0)]
[(53.0, 378.0), (44.0, 386.0), (62.0, 386.0), (2.0, 320.0), (93.0, 319.0), (22.0, 191.0), (74.0, 192.0), (9.0, 97.0), (90.0, 97.0), (-1.0, 13.0), (97.0, 20.0), (0, 0), (95.0, 13.0), (-8.0, -20.0), (100.0, -17.0)]
[(52.0, 379.0), (44.0, 387.0), (61.0, 387.0), (2.0, 320.0), (92.0, 319.0), (22.0, 191.0), (74.0, 192.0), (9.0, 96.0), (90.0, 97.0), (-2.0, 13.0), (96.0, 20.0), (0, 0), (95.0, 13.0), (-8.0, -20.0), (100.0, -17.0)]
[(52.0, 378.0), (44.0, 386.0), (61.0, 386.0), (2.0, 319.0), (92.0, 318.0), (22.0, 190.0), (73.0, 191.0), (9.0, 95.0), (90.0, 97.0), (-2.0, 12.0), (96.0, 18.0), (0, 0), (95.0, 12.0), (-8.0, -19.0), (100.0, -18.0)]
[(52.0, 379.0), (43.0, 386.0), (61.0, 387.0), (2.0, 320.0), (92.0, 319.0), (22.0, 191.0), (73.0, 192.0), (7.0, 96.0), (90.0, 99.0), (-3.0, 12.0), (97.0, 19.0), (0, 0), (95.0, 13.0), (-8.0, -19.0), (100.0, -17.0)]
[(52.0, 378.0), (44.0, 386.0), (61.0, 386.0), (3.0, 320.0), (93.0, 319.0), (22.0, 191.0), (74.0, 192.0), (8.0, 96.0), (90.0, 98.0), (-3.0, 12.0), (98.0, 18.0), (0, 0), (97.0, 11.0), (-8.0, -19.0), (101.0, -18.0)]
[(52.0, 378.0), (44.0, 386.0), (61.0, 386.0), (3.0, 319.0), (93.0, 319.0), (22.0, 191.0), (74.0, 191.0), (8.0, 96.0), (89.0, 98.0), (-3.0, 11.0), (98.0, 18.0), (0, 0), (97.0, 11.0), (-7.0, -20.0), (101.0, -18.0)]
[(52.0, 378.0), (43.0, 386.0), (60.0, 386.0), (3.0, 319.0), (92.0, 319.0), (22.0, 191.0), (74.0, 191.0), (8.0, 96.0), (89.0, 98.0), (-3.0, 10.0), (98.0, 18.0), (0, 0), (97.0, 11.0), (-7.0, -21.0), (101.0, -18.0)]
[(53.0, 378.0), (44.0, 386.0), (61.0, 386.0), (4.0, 319.0), (93.0, 319.0), (23.0, 191.0), (75.0, 191.0), (9.0, 96.0), (89.0, 100.0), (-3.0, 10.0), (99.0, 19.0), (0, 0), (100.0, 11.0), (-5.0, -21.0), (102.0, -18.0)]
[(54.0, 378.0), (45.0, 386.0), (62.0, 386.0), (5.0, 319.0), (94.0, 320.0), (24.0, 191.0), (76.0, 191.0), (10.0, 96.0), (89.0, 100.0), (-2.0, 11.0), (100.0, 18.0), (0, 0), (101.0, 11.0), (-5.0, -20.0), (103.0, -18.0)]
[(53.0, 377.0), (45.0, 385.0), (62.0, 385.0), (5.0, 318.0), (94.0, 319.0), (24.0, 189.0), (76.0, 190.0), (10.0, 94.0), (89.0, 98.0), (-2.0, 10.0), (100.0, 17.0), (0, 0), (101.0, 10.0), (-5.0, -21.0), (102.0, -19.0)]
[(52.0, 378.0), (44.0, 386.0), (61.0, 386.0), (4.0, 319.0), (93.0, 320.0), (23.0, 190.0), (75.0, 191.0), (9.0, 95.0), (88.0, 97.0), (-3.0, 11.0), (99.0, 18.0), (0, 0), (99.0, 11.0), (-5.0, -20.0), (101.0, -18.0)]
[(52.0, 378.0), (44.0, 386.0), (61.0, 386.0), (4.0, 319.0), (93.0, 320.0), (23.0, 190.0), (75.0, 191.0), (9.0, 94.0), (87.0, 97.0), (-3.0, 11.0), (99.0, 18.0), (0, 0), (99.0, 10.0), (-5.0, -20.0), (101.0, -18.0)]
[(51.0, 378.0), (43.0, 386.0), (59.0, 386.0), (3.0, 319.0), (92.0, 321.0), (23.0, 190.0), (74.0, 191.0), (8.0, 94.0), (87.0, 96.0), (-4.0, 11.0), (98.0, 18.0), (0, 0), (98.0, 10.0), (-6.0, -20.0), (99.0, -18.0)]
[(51.0, 378.0), (43.0, 386.0), (60.0, 386.0), (3.0, 319.0), (91.0, 321.0), (23.0, 189.0), (74.0, 191.0), (8.0, 93.0), (87.0, 94.0), (-3.0, 10.0), (98.0, 18.0), (0, 0), (98.0, 10.0), (-6.0, -20.0), (99.0, -18.0)]
[(51.0, 378.0), (43.0, 386.0), (60.0, 386.0), (3.0, 321.0), (91.0, 321.0), (23.0, 189.0), (74.0, 191.0), (7.0, 92.0), (90.0, 94.0), (-3.0, 11.0), (98.0, 18.0), (0, 0), (98.0, 10.0), (-8.0, -19.0), (99.0, -18.0)]
[(52.0, 378.0), (43.0, 386.0), (60.0, 387.0), (4.0, 321.0), (91.0, 322.0), (23.0, 191.0), (74.0, 191.0), (7.0, 93.0), (91.0, 93.0), (-3.0, 12.0), (98.0, 18.0), (0, 0), (98.0, 11.0), (-8.0, -18.0), (99.0, -18.0)]
[(53.0, 379.0), (44.0, 386.0), (61.0, 387.0), (6.0, 323.0), (92.0, 323.0), (24.0, 191.0), (75.0, 191.0), (8.0, 92.0), (94.0, 93.0), (-2.0, 12.0), (99.0, 18.0), (0, 0), (99.0, 11.0), (-6.0, -19.0), (101.0, -19.0)]
[(52.0, 378.0), (43.0, 386.0), (60.0, 387.0), (6.0, 324.0), (91.0, 324.0), (23.0, 192.0), (74.0, 191.0), (8.0, 92.0), (94.0, 93.0), (-3.0, 12.0), (98.0, 19.0), (0, 0), (98.0, 11.0), (-7.0, -19.0), (100.0, -18.0)]
[(53.0, 377.0), (44.0, 385.0), (61.0, 386.0), (7.0, 326.0), (91.0, 325.0), (24.0, 193.0), (75.0, 192.0), (10.0, 93.0), (94.0, 93.0), (-2.0, 12.0), (99.0, 18.0), (0, 0), (97.0, 11.0), (-6.0, -19.0), (101.0, -19.0)]
[(52.0, 376.0), (43.0, 384.0), (61.0, 385.0), (8.0, 327.0), (89.0, 326.0), (24.0, 193.0), (75.0, 192.0), (10.0, 93.0), (94.0, 93.0), (-2.0, 12.0), (99.0, 18.0), (0, 0), (97.0, 10.0), (-5.0, -19.0), (101.0, -19.0)]
[(52.0, 376.0), (43.0, 384.0), (61.0, 384.0), (9.0, 329.0), (88.0, 328.0), (24.0, 195.0), (75.0, 193.0), (10.0, 94.0), (94.0, 95.0), (-2.0, 13.0), (99.0, 19.0), (0, 0), (99.0, 11.0), (-5.0, -17.0), (101.0, -17.0)]
[(52.0, 374.0), (43.0, 382.0), (60.0, 383.0), (10.0, 329.0), (88.0, 328.0), (24.0, 195.0), (75.0, 192.0), (11.0, 94.0), (94.0, 95.0), (-2.0, 13.0), (100.0, 18.0), (0, 0), (100.0, 11.0), (-5.0, -17.0), (101.0, -17.0)]
[(52.0, 371.0), (43.0, 379.0), (60.0, 380.0), (10.0, 329.0), (88.0, 328.0), (25.0, 193.0), (76.0, 191.0), (11.0, 93.0), (94.0, 95.0), (-2.0, 13.0), (101.0, 17.0), (0, 0), (102.0, 10.0), (-4.0, -17.0), (101.0, -17.0)]
[(52.0, 369.0), (43.0, 376.0), (60.0, 377.0), (10.0, 327.0), (88.0, 327.0), (26.0, 191.0), (77.0, 189.0), (12.0, 92.0), (94.0, 92.0), (-2.0, 13.0), (101.0, 17.0), (0, 0), (101.0, 10.0), (-3.0, -17.0), (102.0, -17.0)]
[(53.0, 366.0), (44.0, 374.0), (61.0, 374.0), (11.0, 326.0), (89.0, 327.0), (27.0, 190.0), (78.0, 189.0), (14.0, 92.0), (95.0, 91.0), (-1.0, 12.0), (101.0, 15.0), (0, 0), (102.0, 8.0), (-2.0, -17.0), (105.0, -16.0)]
[(53.0, 365.0), (44.0, 373.0), (60.0, 374.0), (10.0, 325.0), (89.0, 327.0), (28.0, 189.0), (78.0, 189.0), (15.0, 91.0), (95.0, 91.0), (-1.0, 11.0), (101.0, 15.0), (0, 0), (101.0, 8.0), (-2.0, -17.0), (105.0, -15.0)]
[(52.0, 366.0), (43.0, 373.0), (59.0, 374.0), (9.0, 323.0), (88.0, 326.0), (27.0, 188.0), (77.0, 187.0), (15.0, 92.0), (93.0, 92.0), (-1.0, 12.0), (100.0, 14.0), (0, 0), (99.0, 6.0), (-3.0, -17.0), (105.0, -15.0)]
[(51.0, 360.0), (43.0, 368.0), (59.0, 368.0), (8.0, 320.0), (87.0, 322.0), (27.0, 185.0), (77.0, 184.0), (16.0, 91.0), (93.0, 90.0), (-1.0, 12.0), (100.0, 14.0), (0, 0), (98.0, 7.0), (-2.0, -17.0), (105.0, -15.0)]
[(50.0, 353.0), (42.0, 362.0), (58.0, 361.0), (8.0, 315.0), (87.0, 317.0), (27.0, 179.0), (77.0, 179.0), (17.0, 89.0), (92.0, 88.0), (-0.0, 11.0), (99.0, 13.0), (0, 0), (97.0, 6.0), (-2.0, -18.0), (105.0, -15.0)]
[(50.0, 349.0), (41.0, 358.0), (58.0, 357.0), (7.0, 310.0), (87.0, 312.0), (28.0, 173.0), (78.0, 173.0), (18.0, 86.0), (93.0, 83.0), (1.0, 11.0), (99.0, 12.0), (0, 0), (96.0, 5.0), (1.0, -19.0), (105.0, -17.0)]
[(50.0, 338.0), (41.0, 346.0), (58.0, 346.0), (8.0, 300.0), (87.0, 302.0), (28.0, 166.0), (78.0, 165.0), (18.0, 80.0), (93.0, 78.0), (1.0, 10.0), (99.0, 11.0), (0, 0), (96.0, 5.0), (0.0, -20.0), (105.0, -18.0)]
[(51.0, 332.0), (41.0, 340.0), (58.0, 340.0), (8.0, 292.0), (87.0, 296.0), (28.0, 160.0), (78.0, 160.0), (19.0, 77.0), (93.0, 75.0), (1.0, 9.0), (99.0, 13.0), (0, 0), (97.0, 7.0), (0.0, -19.0), (104.0, -17.0)]
[(51.0, 326.0), (41.0, 334.0), (58.0, 334.0), (11.0, 289.0), (88.0, 292.0), (28.0, 159.0), (78.0, 157.0), (19.0, 78.0), (91.0, 76.0), (1.0, 10.0), (99.0, 12.0), (0, 0), (97.0, 6.0), (-1.0, -18.0), (104.0, -16.0)]
[(50.0, 321.0), (40.0, 328.0), (57.0, 329.0), (11.0, 283.0), (87.0, 286.0), (27.0, 157.0), (77.0, 155.0), (18.0, 77.0), (90.0, 73.0), (-0.0, 10.0), (97.0, 9.0), (0, 0), (96.0, 3.0), (-2.0, -18.0), (103.0, -17.0)]
[(49.0, 316.0), (40.0, 323.0), (56.0, 323.0), (11.0, 279.0), (86.0, 280.0), (26.0, 155.0), (76.0, 153.0), (17.0, 74.0), (88.0, 72.0), (-1.0, 8.0), (96.0, 10.0), (0, 0), (95.0, 4.0), (-3.0, -18.0), (102.0, -17.0)]
[(49.0, 308.0), (40.0, 315.0), (56.0, 316.0), (11.0, 275.0), (87.0, 273.0), (25.0, 153.0), (76.0, 152.0), (16.0, 73.0), (88.0, 72.0), (-1.0, 8.0), (96.0, 11.0), (0, 0), (95.0, 7.0), (-6.0, -18.0), (101.0, -17.0)]
[(50.0, 306.0), (41.0, 313.0), (57.0, 315.0), (12.0, 273.0), (88.0, 273.0), (26.0, 152.0), (77.0, 151.0), (17.0, 73.0), (89.0, 68.0), (-0.0, 7.0), (97.0, 13.0), (0, 0), (96.0, 11.0), (-5.0, -19.0), (102.0, -17.0)]
[(50.0, 282.0), (41.0, 291.0), (58.0, 291.0), (12.0, 255.0), (90.0, 249.0), (27.0, 144.0), (77.0, 145.0), (17.0, 72.0), (89.0, 67.0), (-1.0, 8.0), (97.0, 12.0), (0, 0), (96.0, 8.0), (-5.0, -17.0), (102.0, -15.0)]
[(51.0, 273.0), (43.0, 282.0), (59.0, 282.0), (13.0, 248.0), (91.0, 241.0), (28.0, 142.0), (77.0, 143.0), (18.0, 71.0), (89.0, 67.0), (-0.0, 8.0), (97.0, 13.0), (0, 0), (94.0, 9.0), (-1.0, -17.0), (103.0, -15.0)]
[(50.0, 260.0), (42.0, 269.0), (58.0, 269.0), (11.0, 235.0), (90.0, 229.0), (26.0, 141.0), (74.0, 142.0), (16.0, 75.0), (86.0, 76.0), (-1.0, 10.0), (95.0, 14.0), (0, 0), (93.0, 10.0), (-2.0, -17.0), (100.0, -14.0)]
[(51.0, 252.0), (43.0, 261.0), (60.0, 262.0), (12.0, 227.0), (92.0, 223.0), (27.0, 140.0), (75.0, 141.0), (19.0, 76.0), (86.0, 77.0), (-0.0, 10.0), (96.0, 15.0), (0, 0), (94.0, 10.0), (0.0, -17.0), (101.0, -14.0)]
[(51.0, 239.0), (43.0, 248.0), (60.0, 249.0), (12.0, 214.0), (94.0, 208.0), (28.0, 129.0), (75.0, 130.0), (21.0, 72.0), (85.0, 72.0), (1.0, 8.0), (95.0, 8.0), (0, 0), (93.0, 3.0), (0.0, -24.0), (101.0, -23.0)]
[(50.0, 230.0), (42.0, 240.0), (59.0, 241.0), (11.0, 209.0), (93.0, 203.0), (27.0, 128.0), (74.0, 128.0), (21.0, 74.0), (79.0, 76.0), (1.0, 8.0), (94.0, 8.0), (0, 0), (92.0, 3.0), (1.0, -25.0), (100.0, -23.0)]
[(50.0, 225.0), (42.0, 235.0), (59.0, 236.0), (11.0, 204.0), (93.0, 200.0), (27.0, 126.0), (74.0, 125.0), (20.0, 68.0), (80.0, 69.0), (1.0, 7.0), (94.0, 7.0), (0, 0), (92.0, 2.0), (1.0, -26.0), (100.0, -24.0)]
[(50.0, 225.0), (42.0, 235.0), (59.0, 236.0), (11.0, 205.0), (93.0, 201.0), (27.0, 127.0), (74.0, 126.0), (20.0, 68.0), (81.0, 70.0), (1.0, 8.0), (94.0, 8.0), (0, 0), (92.0, 3.0), (1.0, -25.0), (101.0, -23.0)]
[(49.0, 220.0), (41.0, 230.0), (58.0, 232.0), (9.0, 202.0), (92.0, 197.0), (26.0, 126.0), (73.0, 125.0), (19.0, 68.0), (80.0, 69.0), (1.0, 7.0), (93.0, 8.0), (0, 0), (91.0, 3.0), (0.0, -26.0), (99.0, -24.0)]
[(49.0, 218.0), (40.0, 228.0), (58.0, 229.0), (9.0, 199.0), (92.0, 195.0), (26.0, 126.0), (73.0, 124.0), (20.0, 71.0), (80.0, 70.0), (1.0, 8.0), (93.0, 7.0), (0, 0), (92.0, 2.0), (0.0, -27.0), (99.0, -25.0)]
[(49.0, 216.0), (40.0, 225.0), (58.0, 227.0), (9.0, 199.0), (92.0, 193.0), (26.0, 125.0), (73.0, 123.0), (21.0, 72.0), (80.0, 69.0), (1.0, 6.0), (93.0, 5.0), (0, 0), (92.0, 0.0), (0.0, -29.0), (99.0, -27.0)]
[(48.0, 213.0), (39.0, 223.0), (57.0, 225.0), (8.0, 197.0), (91.0, 194.0), (25.0, 123.0), (72.0, 121.0), (21.0, 69.0), (78.0, 67.0), (-0.0, 5.0), (92.0, 3.0), (0, 0), (91.0, -2.0), (-1.0, -31.0), (98.0, -29.0)]
[(48.0, 218.0), (39.0, 227.0), (57.0, 229.0), (8.0, 199.0), (91.0, 195.0), (25.0, 124.0), (72.0, 122.0), (21.0, 69.0), (74.0, 69.0), (-0.0, 6.0), (92.0, 4.0), (0, 0), (92.0, -1.0), (-1.0, -31.0), (98.0, -28.0)]
[(48.0, 221.0), (39.0, 230.0), (58.0, 232.0), (9.0, 201.0), (92.0, 196.0), (26.0, 124.0), (73.0, 122.0), (21.0, 67.0), (75.0, 67.0), (1.0, 6.0), (93.0, 4.0), (0, 0), (93.0, -1.0), (0.0, -31.0), (99.0, -28.0)]
[(48.0, 231.0), (39.0, 239.0), (57.0, 241.0), (9.0, 208.0), (91.0, 205.0), (27.0, 129.0), (73.0, 129.0), (21.0, 74.0), (73.0, 77.0), (1.0, 7.0), (93.0, 7.0), (0, 0), (94.0, 2.0), (0.0, -29.0), (99.0, -26.0)]
[(48.0, 239.0), (39.0, 247.0), (57.0, 248.0), (9.0, 215.0), (91.0, 210.0), (26.0, 131.0), (72.0, 131.0), (21.0, 71.0), (78.0, 72.0), (1.0, 7.0), (93.0, 8.0), (0, 0), (93.0, 2.0), (0.0, -30.0), (99.0, -26.0)]
[(48.0, 249.0), (40.0, 257.0), (57.0, 259.0), (10.0, 223.0), (91.0, 217.0), (26.0, 132.0), (72.0, 133.0), (19.0, 68.0), (81.0, 65.0), (1.0, 8.0), (94.0, 8.0), (0, 0), (94.0, 3.0), (-1.0, -29.0), (99.0, -25.0)]
[(47.0, 259.0), (39.0, 267.0), (56.0, 268.0), (9.0, 230.0), (89.0, 225.0), (26.0, 133.0), (71.0, 134.0), (16.0, 65.0), (80.0, 64.0), (-0.0, 8.0), (93.0, 9.0), (0, 0), (93.0, 4.0), (-2.0, -28.0), (98.0, -24.0)]
[(47.0, 259.0), (39.0, 267.0), (55.0, 269.0), (9.0, 231.0), (89.0, 226.0), (26.0, 134.0), (72.0, 135.0), (16.0, 65.0), (81.0, 65.0), (-0.0, 8.0), (93.0, 9.0), (0, 0), (93.0, 4.0), (-2.0, -28.0), (98.0, -24.0)]
[(48.0, 269.0), (40.0, 277.0), (56.0, 278.0), (10.0, 240.0), (90.0, 235.0), (27.0, 138.0), (73.0, 140.0), (17.0, 68.0), (82.0, 67.0), (1.0, 9.0), (94.0, 10.0), (0, 0), (94.0, 5.0), (-1.0, -26.0), (99.0, -22.0)]
[(48.0, 281.0), (40.0, 288.0), (56.0, 289.0), (10.0, 249.0), (89.0, 245.0), (26.0, 144.0), (73.0, 145.0), (16.0, 68.0), (82.0, 68.0), (-0.0, 9.0), (94.0, 12.0), (0, 0), (94.0, 7.0), (-2.0, -24.0), (99.0, -20.0)]
[(48.0, 290.0), (40.0, 298.0), (56.0, 298.0), (10.0, 257.0), (87.0, 252.0), (26.0, 147.0), (73.0, 148.0), (16.0, 68.0), (83.0, 68.0), (-0.0, 8.0), (94.0, 12.0), (0, 0), (94.0, 7.0), (-2.0, -24.0), (99.0, -20.0)]
[(48.0, 323.0), (41.0, 330.0), (56.0, 331.0), (9.0, 281.0), (87.0, 278.0), (25.0, 160.0), (72.0, 159.0), (14.0, 73.0), (84.0, 72.0), (-0.0, 8.0), (95.0, 12.0), (0, 0), (94.0, 7.0), (-2.0, -22.0), (99.0, -20.0)]
[(50.0, 335.0), (42.0, 344.0), (58.0, 343.0), (9.0, 291.0), (89.0, 289.0), (25.0, 166.0), (74.0, 165.0), (15.0, 77.0), (88.0, 77.0), (-0.0, 8.0), (97.0, 12.0), (0, 0), (96.0, 7.0), (1.0, -22.0), (101.0, -20.0)]