[(35.0, 377.0), (24.0, 385.0), (42.0, 385.0), (-12.0, 329.0), (74.0, 331.0), (16.0, 200.0), (64.0, 202.0), (4.0, 101.0), (82.0, 103.0), (-6.0, 12.0), (94.0, 13.0), (0, 0), (90.0, 2.0), (-26.0, -19.0), (114.0, -14.0)]
[(33.0, 395.0), (23.0, 402.0), (41.0, 402.0), (-12.0, 346.0), (74.0, 349.0), (15.0, 208.0), (64.0, 211.0), (4.0, 104.0), (82.0, 106.0), (-6.0, 12.0), (94.0, 13.0), (0, 0), (91.0, 3.0), (-27.0, -19.0), (114.0, -14.0)]
[(32.0, 400.0), (22.0, 409.0), (41.0, 409.0), (-13.0, 351.0), (74.0, 355.0), (14.0, 213.0), (64.0, 216.0), (4.0, 108.0), (82.0, 109.0), (-7.0, 12.0), (96.0, 14.0), (0, 0), (93.0, 3.0), (-28.0, -20.0), (114.0, -14.0)]
[(34.0, 403.0), (23.0, 411.0), (42.0, 411.0), (-11.0, 353.0), (75.0, 355.0), (15.0, 214.0), (65.0, 216.0), (5.0, 108.0), (83.0, 110.0), (-6.0, 13.0), (99.0, 14.0), (0, 0), (96.0, 3.0), (-29.0, -19.0), (115.0, -14.0)]
[(34.0, 405.0), (23.0, 413.0), (42.0, 413.0), (-12.0, 354.0), (75.0, 356.0), (15.0, 215.0), (65.0, 217.0), (5.0, 108.0), (82.0, 111.0), (-6.0, 13.0), (99.0, 13.0), (0, 0), (97.0, 3.0), (-29.0, -20.0), (115.0, -14.0)]
[(36.0, 408.0), (26.0, 416.0), (44.0, 416.0), (-9.0, 355.0), (77.0, 359.0), (16.0, 215.0), (67.0, 218.0), (7.0, 109.0), (84.0, 111.0), (-6.0, 13.0), (102.0, 13.0), (0, 0), (99.0, 3.0), (-26.0, -20.0), (118.0, -15.0)]
[(36.0, 409.0), (26.0, 417.0), (45.0, 417.0), (-9.0, 357.0), (78.0, 359.0), (16.0, 215.0), (67.0, 218.0), (7.0, 110.0), (84.0, 111.0), (-6.0, 13.0), (102.0, 14.0), (0, 0), (99.0, 3.0), (-27.0, -20.0), (118.0, -15.0)]
[(37.0, 410.0), (27.0, 417.0), (46.0, 417.0), (-8.0, 357.0), (79.0, 359.0), (17.0, 215.0), (68.0, 218.0), (8.0, 110.0), (85.0, 111.0), (-6.0, 13.0), (103.0, 14.0), (0, 0), (100.0, 3.0), (-26.0, -20.0), (119.0, -15.0)]
[(38.0, 409.0), (28.0, 416.0), (47.0, 416.0), (-8.0, 356.0), (79.0, 358.0), (17.0, 214.0), (68.0, 216.0), (8.0, 110.0), (85.0, 111.0), (-6.0, 13.0), (103.0, 14.0), (0, 0), (100.0, 3.0), (-26.0, -20.0), (119.0, -15.0)]
[(39.0, 408.0), (30.0, 416.0), (49.0, 415.0), (-8.0, 356.0), (80.0, 357.0), (17.0, 214.0), (68.0, 216.0), (8.0, 110.0), (84.0, 111.0), (-6.0, 13.0), (103.0, 14.0), (0, 0), (100.0, 3.0), (-26.0, -20.0), (119.0, -15.0)]
[(40.0, 408.0), (31.0, 416.0), (50.0, 414.0), (-7.0, 356.0), (80.0, 357.0), (17.0, 213.0), (68.0, 215.0), (8.0, 110.0), (84.0, 110.0), (-6.0, 13.0), (103.0, 14.0), (0, 0), (99.0, 3.0), (-26.0, -20.0), (119.0, -15.0)]
[(41.0, 407.0), (31.0, 415.0), (51.0, 414.0), (-7.0, 356.0), (81.0, 357.0), (17.0, 213.0), (68.0, 215.0), (8.0, 109.0), (84.0, 110.0), (-6.0, 13.0), (102.0, 14.0), (0, 0), (99.0, 3.0), (-26.0, -21.0), (119.0, -15.0)]
[(42.0, 407.0), (32.0, 415.0), (51.0, 414.0), (-7.0, 356.0), (81.0, 357.0), (17.0, 213.0), (68.0, 215.0), (8.0, 109.0), (84.0, 110.0), (-6.0, 13.0), (102.0, 14.0), (0, 0), (99.0, 3.0), (-26.0, -21.0), (119.0, -15.0)]
[(43.0, 408.0), (33.0, 416.0), (52.0, 414.0), (-6.0, 357.0), (81.0, 357.0), (17.0, 214.0), (68.0, 216.0), (8.0, 110.0), (84.0, 111.0), (-6.0, 14.0), (102.0, 15.0), (0, 0), (99.0, 4.0), (-26.0, -20.0), (119.0, -14.0)]
[(43.0, 408.0), (33.0, 416.0), (52.0, 414.0), (-6.0, 357.0), (81.0, 357.0), (17.0, 214.0), (68.0, 216.0), (8.0, 110.0), (84.0, 111.0), (-6.0, 14.0), (102.0, 15.0), (0, 0), (99.0, 4.0), (-26.0, -21.0), (119.0, -15.0)]
[(43.0, 408.0), (33.0, 416.0), (52.0, 414.0), (-5.0, 357.0), (81.0, 357.0), (17.0, 215.0), (68.0, 216.0), (8.0, 110.0), (84.0, 111.0), (-6.0, 14.0), (102.0, 15.0), (0, 0), (99.0, 4.0), (-26.0, -21.0), (119.0, -15.0)]
[(43.0, 408.0), (33.0, 416.0), (52.0, 415.0), (-5.0, 357.0), (82.0, 357.0), (17.0, 215.0), (69.0, 216.0), (8.0, 110.0), (84.0, 111.0), (-6.0, 14.0), (102.0, 15.0), (0, 0), (99.0, 4.0), (-26.0, -21.0), (119.0, -15.0)]
[(43.0, 408.0), (33.0, 416.0), (52.0, 415.0), (-5.0, 357.0), (82.0, 357.0), (17.0, 215.0), (69.0, 216.0), (8.0, 111.0), (84.0, 111.0), (-6.0, 14.0), (102.0, 15.0), (0, 0), (99.0, 4.0), (-26.0, -21.0), (119.0, -15.0)]
[(43.0, 407.0), (33.0, 416.0), (52.0, 414.0), (-4.0, 356.0), (82.0, 357.0), (18.0, 214.0), (69.0, 216.0), (8.0, 111.0), (84.0, 111.0), (-6.0, 14.0), (102.0, 15.0), (0, 0), (99.0, 4.0), (-26.0, -21.0), (119.0, -15.0)]
[(43.0, 403.0), (32.0, 412.0), (52.0, 411.0), (-5.0, 355.0), (81.0, 355.0), (17.0, 214.0), (68.0, 216.0), (8.0, 110.0), (83.0, 111.0), (-6.0, 14.0), (101.0, 15.0), (0, 0), (98.0, 4.0), (-27.0, -21.0), (118.0, -15.0)]
[(42.0, 393.0), (31.0, 402.0), (51.0, 401.0), (-6.0, 348.0), (81.0, 346.0), (16.0, 210.0), (67.0, 213.0), (9.0, 106.0), (81.0, 108.0), (-6.0, 14.0), (100.0, 15.0), (0, 0), (97.0, 4.0), (-28.0, -20.0), (117.0, -15.0)]
[(42.0, 391.0), (32.0, 401.0), (51.0, 399.0), (-6.0, 346.0), (81.0, 344.0), (17.0, 209.0), (68.0, 212.0), (10.0, 105.0), (80.0, 107.0), (-5.0, 14.0), (100.0, 15.0), (0, 0), (97.0, 4.0), (-28.0, -20.0), (117.0, -15.0)]
[(43.0, 377.0), (32.0, 386.0), (51.0, 385.0), (-5.0, 332.0), (82.0, 331.0), (18.0, 193.0), (68.0, 196.0), (13.0, 97.0), (78.0, 102.0), (-5.0, 14.0), (100.0, 15.0), (0, 0), (97.0, 4.0), (-28.0, -20.0), (116.0, -15.0)]
[(43.0, 364.0), (32.0, 373.0), (51.0, 373.0), (-5.0, 319.0), (82.0, 318.0), (19.0, 184.0), (68.0, 186.0), (15.0, 92.0), (77.0, 97.0), (-5.0, 13.0), (99.0, 14.0), (0, 0), (97.0, 4.0), (-28.0, -20.0), (114.0, -15.0)]
[(43.0, 359.0), (32.0, 369.0), (51.0, 368.0), (-5.0, 318.0), (83.0, 317.0), (19.0, 183.0), (69.0, 185.0), (16.0, 90.0), (78.0, 93.0), (-5.0, 13.0), (99.0, 15.0), (0, 0), (97.0, 5.0), (-27.0, -19.0), (114.0, -14.0)]
[(43.0, 347.0), (32.0, 357.0), (52.0, 356.0), (-5.0, 306.0), (84.0, 306.0), (20.0, 174.0), (70.0, 177.0), (16.0, 86.0), (78.0, 88.0), (-5.0, 12.0), (99.0, 14.0), (0, 0), (97.0, 5.0), (-27.0, -20.0), (113.0, -15.0)]
[(43.0, 335.0), (32.0, 345.0), (52.0, 345.0), (-5.0, 295.0), (84.0, 293.0), (20.0, 168.0), (70.0, 169.0), (17.0, 82.0), (78.0, 84.0), (-5.0, 11.0), (99.0, 13.0), (0, 0), (97.0, 5.0), (-27.0, -20.0), (113.0, -15.0)]
[(45.0, 308.0), (34.0, 318.0), (52.0, 317.0), (-4.0, 274.0), (85.0, 273.0), (21.0, 156.0), (70.0, 158.0), (20.0, 75.0), (78.0, 76.0), (-5.0, 10.0), (99.0, 12.0), (0, 0), (97.0, 3.0), (-26.0, -19.0), (113.0, -15.0)]
[(45.0, 306.0), (35.0, 316.0), (53.0, 316.0), (-3.0, 271.0), (86.0, 270.0), (21.0, 158.0), (70.0, 158.0), (21.0, 76.0), (78.0, 77.0), (-5.0, 10.0), (99.0, 11.0), (0, 0), (97.0, 3.0), (-26.0, -18.0), (114.0, -15.0)]
[(46.0, 294.0), (35.0, 303.0), (54.0, 303.0), (-3.0, 260.0), (86.0, 260.0), (20.0, 152.0), (69.0, 152.0), (21.0, 74.0), (78.0, 75.0), (-4.0, 10.0), (99.0, 11.0), (0, 0), (96.0, 2.0), (-26.0, -17.0), (114.0, -15.0)]
[(47.0, 264.0), (36.0, 275.0), (54.0, 275.0), (-2.0, 238.0), (87.0, 234.0), (20.0, 144.0), (69.0, 145.0), (20.0, 75.0), (79.0, 73.0), (-4.0, 9.0), (99.0, 10.0), (0, 0), (95.0, 1.0), (-26.0, -17.0), (114.0, -16.0)]
[(47.0, 251.0), (36.0, 262.0), (55.0, 261.0), (-2.0, 226.0), (90.0, 220.0), (21.0, 139.0), (69.0, 138.0), (18.0, 74.0), (81.0, 70.0), (-5.0, 9.0), (99.0, 9.0), (0, 0), (95.0, 0.0), (-26.0, -17.0), (116.0, -16.0)]
[(47.0, 251.0), (37.0, 262.0), (55.0, 261.0), (-1.0, 225.0), (90.0, 219.0), (21.0, 138.0), (68.0, 137.0), (17.0, 74.0), (82.0, 71.0), (-4.0, 9.0), (99.0, 9.0), (0, 0), (94.0, 0.0), (-25.0, -17.0), (116.0, -16.0)]
[(49.0, 228.0), (39.0, 240.0), (57.0, 239.0), (-1.0, 207.0), (91.0, 205.0), (20.0, 130.0), (68.0, 129.0), (15.0, 70.0), (83.0, 66.0), (-4.0, 8.0), (98.0, 9.0), (0, 0), (93.0, 0.0), (-25.0, -17.0), (116.0, -16.0)]
[(49.0, 219.0), (39.0, 231.0), (57.0, 230.0), (-2.0, 200.0), (91.0, 197.0), (19.0, 126.0), (67.0, 125.0), (12.0, 65.0), (84.0, 61.0), (-5.0, 8.0), (97.0, 8.0), (0, 0), (92.0, 0.0), (-25.0, -17.0), (115.0, -16.0)]
[(48.0, 219.0), (39.0, 230.0), (57.0, 229.0), (-2.0, 201.0), (91.0, 197.0), (20.0, 124.0), (67.0, 124.0), (12.0, 66.0), (85.0, 63.0), (-5.0, 8.0), (97.0, 8.0), (0, 0), (92.0, 0.0), (-25.0, -17.0), (115.0, -16.0)]
[(49.0, 215.0), (39.0, 226.0), (57.0, 225.0), (-2.0, 198.0), (91.0, 195.0), (20.0, 123.0), (67.0, 122.0), (12.0, 69.0), (86.0, 64.0), (-5.0, 9.0), (96.0, 10.0), (0, 0), (91.0, 1.0), (-25.0, -16.0), (115.0, -15.0)]
[(49.0, 211.0), (39.0, 222.0), (58.0, 221.0), (-2.0, 193.0), (90.0, 191.0), (20.0, 120.0), (67.0, 119.0), (12.0, 69.0), (87.0, 62.0), (-5.0, 9.0), (96.0, 10.0), (0, 0), (91.0, 1.0), (-24.0, -16.0), (115.0, -15.0)]
[(48.0, 211.0), (38.0, 223.0), (57.0, 222.0), (-4.0, 193.0), (89.0, 191.0), (19.0, 122.0), (66.0, 120.0), (11.0, 70.0), (87.0, 62.0), (-5.0, 9.0), (95.0, 11.0), (0, 0), (89.0, 1.0), (-24.0, -17.0), (114.0, -15.0)]
[(48.0, 211.0), (38.0, 223.0), (57.0, 221.0), (-4.0, 193.0), (89.0, 191.0), (19.0, 123.0), (66.0, 120.0), (11.0, 71.0), (87.0, 62.0), (-5.0, 9.0), (95.0, 11.0), (0, 0), (89.0, 1.0), (-24.0, -17.0), (114.0, -15.0)]
[(48.0, 217.0), (38.0, 228.0), (56.0, 227.0), (-4.0, 197.0), (88.0, 196.0), (18.0, 125.0), (65.0, 123.0), (10.0, 70.0), (87.0, 63.0), (-5.0, 9.0), (95.0, 11.0), (0, 0), (89.0, 1.0), (-24.0, -17.0), (114.0, -14.0)]
[(47.0, 233.0), (38.0, 243.0), (55.0, 241.0), (-4.0, 207.0), (87.0, 204.0), (18.0, 132.0), (64.0, 131.0), (8.0, 73.0), (86.0, 70.0), (-6.0, 10.0), (95.0, 12.0), (0, 0), (89.0, 2.0), (-24.0, -16.0), (115.0, -13.0)]
[(46.0, 252.0), (38.0, 261.0), (53.0, 260.0), (-4.0, 220.0), (84.0, 217.0), (17.0, 140.0), (63.0, 140.0), (5.0, 76.0), (86.0, 73.0), (-6.0, 10.0), (96.0, 12.0), (0, 0), (91.0, 2.0), (-24.0, -16.0), (116.0, -13.0)]
[(45.0, 254.0), (37.0, 263.0), (52.0, 262.0), (-4.0, 224.0), (83.0, 220.0), (17.0, 142.0), (62.0, 142.0), (5.0, 75.0), (85.0, 73.0), (-6.0, 9.0), (96.0, 11.0), (0, 0), (91.0, 1.0), (-24.0, -17.0), (116.0, -14.0)]
[(46.0, 269.0), (37.0, 279.0), (53.0, 278.0), (-4.0, 236.0), (83.0, 233.0), (18.0, 148.0), (63.0, 148.0), (4.0, 77.0), (86.0, 75.0), (-6.0, 10.0), (97.0, 11.0), (0, 0), (92.0, 1.0), (-23.0, -17.0), (117.0, -14.0)]
[(43.0, 306.0), (34.0, 315.0), (51.0, 315.0), (-4.0, 268.0), (82.0, 266.0), (17.0, 164.0), (64.0, 164.0), (-2.0, 83.0), (86.0, 86.0), (-6.0, 11.0), (97.0, 11.0), (0, 0), (92.0, 1.0), (-24.0, -17.0), (116.0, -14.0)]
[(43.0, 326.0), (34.0, 335.0), (51.0, 335.0), (-4.0, 287.0), (82.0, 284.0), (17.0, 173.0), (65.0, 173.0), (-2.0, 89.0), (86.0, 90.0), (-6.0, 11.0), (99.0, 11.0), (0, 0), (94.0, 1.0), (-25.0, -17.0), (118.0, -14.0)]
[(43.0, 328.0), (35.0, 337.0), (51.0, 337.0), (-3.0, 287.0), (82.0, 284.0), (18.0, 173.0), (66.0, 174.0), (-1.0, 90.0), (87.0, 92.0), (-5.0, 11.0), (100.0, 12.0), (0, 0), (95.0, 1.0), (-24.0, -17.0), (119.0, -14.0)]
[(43.0, 365.0), (33.0, 373.0), (51.0, 373.0), (-5.0, 318.0), (81.0, 316.0), (18.0, 193.0), (66.0, 193.0), (-0.0, 101.0), (87.0, 102.0), (-6.0, 11.0), (100.0, 12.0), (0, 0), (96.0, 1.0), (-25.0, -18.0), (119.0, -15.0)]