[(41.0, 397.0), (32.0, 405.0), (50.0, 404.0), (-1.0, 348.0), (85.0, 347.0), (19.0, 212.0), (69.0, 212.0), (4.0, 110.0), (88.0, 110.0), (-5.0, 13.0), (100.0, 14.0), (0, 0), (96.0, 3.0), (-27.0, -19.0), (119.0, -15.0)]
[(40.0, 394.0), (31.0, 402.0), (49.0, 402.0), (-2.0, 348.0), (85.0, 344.0), (18.0, 211.0), (69.0, 212.0), (4.0, 109.0), (87.0, 108.0), (-5.0, 13.0), (100.0, 13.0), (0, 0), (96.0, 2.0), (-27.0, -20.0), (118.0, -16.0)]
[(39.0, 399.0), (30.0, 407.0), (48.0, 407.0), (-3.0, 352.0), (84.0, 349.0), (18.0, 213.0), (69.0, 214.0), (4.0, 109.0), (86.0, 108.0), (-5.0, 13.0), (100.0, 13.0), (0, 0), (96.0, 2.0), (-27.0, -21.0), (117.0, -16.0)]
[(37.0, 402.0), (28.0, 410.0), (46.0, 411.0), (-4.0, 354.0), (84.0, 351.0), (17.0, 213.0), (68.0, 214.0), (4.0, 109.0), (86.0, 108.0), (-5.0, 13.0), (100.0, 13.0), (0, 0), (96.0, 3.0), (-28.0, -21.0), (117.0, -16.0)]
[(35.0, 403.0), (26.0, 411.0), (44.0, 411.0), (-6.0, 355.0), (81.0, 351.0), (16.0, 213.0), (67.0, 215.0), (4.0, 108.0), (84.0, 109.0), (-6.0, 13.0), (99.0, 14.0), (0, 0), (95.0, 3.0), (-29.0, -21.0), (116.0, -15.0)]
[(34.0, 403.0), (25.0, 411.0), (44.0, 412.0), (-6.0, 355.0), (81.0, 352.0), (15.0, 212.0), (67.0, 214.0), (4.0, 107.0), (83.0, 109.0), (-6.0, 13.0), (98.0, 14.0), (0, 0), (95.0, 4.0), (-29.0, -21.0), (116.0, -15.0)]
[(34.0, 403.0), (25.0, 411.0), (43.0, 412.0), (-7.0, 356.0), (81.0, 352.0), (15.0, 212.0), (67.0, 214.0), (4.0, 107.0), (83.0, 109.0), (-6.0, 13.0), (98.0, 14.0), (0, 0), (95.0, 4.0), (-28.0, -21.0), (116.0, -15.0)]
[(33.0, 403.0), (24.0, 411.0), (42.0, 412.0), (-7.0, 356.0), (81.0, 352.0), (14.0, 213.0), (66.0, 214.0), (4.0, 108.0), (82.0, 109.0), (-6.0, 13.0), (98.0, 14.0), (0, 0), (95.0, 4.0), (-28.0, -21.0), (115.0, -15.0)]
[(32.0, 403.0), (23.0, 411.0), (42.0, 411.0), (-7.0, 355.0), (80.0, 352.0), (14.0, 212.0), (66.0, 214.0), (4.0, 107.0), (82.0, 108.0), (-6.0, 13.0), (98.0, 14.0), (0, 0), (95.0, 4.0), (-28.0, -21.0), (115.0, -16.0)]
[(32.0, 404.0), (23.0, 412.0), (41.0, 413.0), (-7.0, 356.0), (80.0, 353.0), (14.0, 212.0), (66.0, 214.0), (4.0, 108.0), (81.0, 109.0), (-6.0, 14.0), (98.0, 15.0), (0, 0), (95.0, 5.0), (-29.0, -20.0), (115.0, -15.0)]
[(32.0, 404.0), (23.0, 412.0), (41.0, 413.0), (-7.0, 356.0), (80.0, 353.0), (14.0, 212.0), (66.0, 215.0), (4.0, 108.0), (81.0, 109.0), (-6.0, 14.0), (98.0, 15.0), (0, 0), (95.0, 5.0), (-29.0, -21.0), (115.0, -15.0)]
[(32.0, 404.0), (23.0, 412.0), (41.0, 413.0), (-8.0, 356.0), (80.0, 353.0), (14.0, 212.0), (66.0, 215.0), (4.0, 108.0), (81.0, 109.0), (-6.0, 14.0), (98.0, 15.0), (0, 0), (95.0, 5.0), (-29.0, -21.0), (115.0, -15.0)]
[(31.0, 404.0), (22.0, 412.0), (40.0, 413.0), (-8.0, 356.0), (80.0, 353.0), (14.0, 212.0), (66.0, 214.0), (4.0, 108.0), (81.0, 109.0), (-6.0, 14.0), (98.0, 15.0), (0, 0), (95.0, 5.0), (-28.0, -21.0), (115.0, -15.0)]
[(31.0, 404.0), (22.0, 412.0), (40.0, 413.0), (-8.0, 356.0), (79.0, 354.0), (14.0, 213.0), (65.0, 215.0), (4.0, 108.0), (81.0, 109.0), (-6.0, 14.0), (98.0, 15.0), (0, 0), (95.0, 5.0), (-28.0, -21.0), (116.0, -15.0)]
[(31.0, 403.0), (22.0, 411.0), (40.0, 412.0), (-9.0, 356.0), (79.0, 353.0), (14.0, 213.0), (65.0, 215.0), (4.0, 108.0), (81.0, 110.0), (-6.0, 14.0), (98.0, 15.0), (0, 0), (95.0, 5.0), (-28.0, -21.0), (116.0, -15.0)]
[(31.0, 403.0), (22.0, 411.0), (40.0, 412.0), (-9.0, 355.0), (79.0, 353.0), (14.0, 213.0), (66.0, 216.0), (5.0, 108.0), (81.0, 110.0), (-6.0, 14.0), (98.0, 15.0), (0, 0), (95.0, 5.0), (-28.0, -21.0), (116.0, -15.0)]
[(31.0, 402.0), (22.0, 410.0), (40.0, 411.0), (-9.0, 354.0), (79.0, 352.0), (14.0, 213.0), (66.0, 215.0), (5.0, 107.0), (81.0, 109.0), (-6.0, 13.0), (98.0, 14.0), (0, 0), (95.0, 4.0), (-27.0, -22.0), (116.0, -16.0)]
[(30.0, 402.0), (21.0, 410.0), (39.0, 411.0), (-9.0, 354.0), (79.0, 352.0), (14.0, 213.0), (66.0, 215.0), (5.0, 107.0), (81.0, 109.0), (-6.0, 13.0), (98.0, 14.0), (0, 0), (94.0, 4.0), (-27.0, -22.0), (116.0, -16.0)]
[(30.0, 402.0), (21.0, 410.0), (39.0, 411.0), (-9.0, 354.0), (79.0, 352.0), (14.0, 212.0), (66.0, 214.0), (5.0, 107.0), (81.0, 109.0), (-6.0, 13.0), (98.0, 14.0), (0, 0), (94.0, 4.0), (-26.0, -22.0), (116.0, -16.0)]
[(30.0, 402.0), (21.0, 410.0), (39.0, 411.0), (-10.0, 354.0), (79.0, 352.0), (14.0, 212.0), (66.0, 214.0), (5.0, 107.0), (81.0, 108.0), (-6.0, 13.0), (98.0, 14.0), (0, 0), (94.0, 4.0), (-26.0, -22.0), (117.0, -16.0)]
[(30.0, 403.0), (21.0, 411.0), (39.0, 412.0), (-10.0, 355.0), (79.0, 353.0), (14.0, 213.0), (66.0, 215.0), (5.0, 108.0), (81.0, 109.0), (-6.0, 14.0), (98.0, 15.0), (0, 0), (94.0, 5.0), (-27.0, -21.0), (117.0, -15.0)]
[(29.0, 403.0), (21.0, 411.0), (39.0, 412.0), (-10.0, 355.0), (79.0, 353.0), (14.0, 213.0), (66.0, 215.0), (5.0, 108.0), (81.0, 109.0), (-6.0, 14.0), (98.0, 15.0), (0, 0), (93.0, 5.0), (-27.0, -21.0), (117.0, -15.0)]
[(29.0, 403.0), (20.0, 411.0), (39.0, 412.0), (-10.0, 355.0), (79.0, 353.0), (14.0, 213.0), (66.0, 215.0), (5.0, 108.0), (81.0, 109.0), (-6.0, 14.0), (98.0, 15.0), (0, 0), (93.0, 5.0), (-27.0, -21.0), (117.0, -15.0)]
[(29.0, 403.0), (20.0, 411.0), (39.0, 412.0), (-10.0, 355.0), (79.0, 353.0), (14.0, 213.0), (66.0, 215.0), (5.0, 108.0), (81.0, 109.0), (-6.0, 14.0), (97.0, 15.0), (0, 0), (93.0, 5.0), (-27.0, -21.0), (117.0, -15.0)]
[(29.0, 403.0), (20.0, 411.0), (39.0, 412.0), (-10.0, 355.0), (79.0, 353.0), (14.0, 213.0), (66.0, 215.0), (5.0, 108.0), (81.0, 109.0), (-6.0, 14.0), (97.0, 15.0), (0, 0), (93.0, 5.0), (-27.0, -21.0), (117.0, -15.0)]
[(29.0, 402.0), (20.0, 410.0), (38.0, 411.0), (-10.0, 354.0), (79.0, 352.0), (14.0, 212.0), (66.0, 214.0), (5.0, 107.0), (81.0, 108.0), (-6.0, 13.0), (97.0, 14.0), (0, 0), (93.0, 4.0), (-27.0, -22.0), (117.0, -16.0)]
[(29.0, 402.0), (20.0, 410.0), (38.0, 411.0), (-10.0, 354.0), (79.0, 352.0), (14.0, 212.0), (66.0, 215.0), (5.0, 107.0), (81.0, 108.0), (-6.0, 13.0), (97.0, 14.0), (0, 0), (93.0, 4.0), (-27.0, -22.0), (117.0, -16.0)]
[(29.0, 403.0), (20.0, 411.0), (38.0, 412.0), (-10.0, 355.0), (79.0, 353.0), (14.0, 213.0), (66.0, 216.0), (5.0, 108.0), (81.0, 109.0), (-6.0, 14.0), (97.0, 15.0), (0, 0), (93.0, 5.0), (-27.0, -21.0), (117.0, -15.0)]
[(29.0, 403.0), (20.0, 411.0), (38.0, 412.0), (-10.0, 355.0), (79.0, 353.0), (14.0, 213.0), (66.0, 216.0), (5.0, 108.0), (81.0, 109.0), (-6.0, 14.0), (97.0, 15.0), (0, 0), (93.0, 5.0), (-27.0, -21.0), (117.0, -15.0)]
[(29.0, 403.0), (20.0, 411.0), (38.0, 412.0), (-10.0, 355.0), (79.0, 353.0), (14.0, 213.0), (65.0, 216.0), (5.0, 108.0), (81.0, 109.0), (-6.0, 14.0), (97.0, 15.0), (0, 0), (93.0, 5.0), (-27.0, -21.0), (117.0, -15.0)]
[(29.0, 403.0), (20.0, 411.0), (38.0, 412.0), (-10.0, 355.0), (79.0, 353.0), (14.0, 213.0), (65.0, 216.0), (5.0, 108.0), (81.0, 109.0), (-6.0, 14.0), (97.0, 15.0), (0, 0), (93.0, 5.0), (-27.0, -21.0), (117.0, -15.0)]
[(29.0, 402.0), (20.0, 410.0), (38.0, 411.0), (-10.0, 354.0), (79.0, 352.0), (14.0, 212.0), (65.0, 215.0), (5.0, 107.0), (81.0, 108.0), (-6.0, 13.0), (97.0, 14.0), (0, 0), (93.0, 4.0), (-27.0, -22.0), (117.0, -16.0)]
[(29.0, 403.0), (20.0, 410.0), (38.0, 411.0), (-10.0, 354.0), (79.0, 352.0), (14.0, 212.0), (65.0, 215.0), (5.0, 107.0), (81.0, 108.0), (-6.0, 13.0), (97.0, 14.0), (0, 0), (93.0, 4.0), (-27.0, -22.0), (117.0, -16.0)]
[(29.0, 403.0), (20.0, 410.0), (38.0, 411.0), (-10.0, 354.0), (79.0, 352.0), (14.0, 212.0), (65.0, 215.0), (5.0, 107.0), (81.0, 109.0), (-6.0, 13.0), (97.0, 14.0), (0, 0), (93.0, 4.0), (-27.0, -22.0), (117.0, -16.0)]
[(29.0, 404.0), (20.0, 411.0), (38.0, 412.0), (-10.0, 355.0), (79.0, 353.0), (13.0, 213.0), (65.0, 216.0), (5.0, 108.0), (81.0, 109.0), (-6.0, 14.0), (97.0, 15.0), (0, 0), (93.0, 5.0), (-27.0, -21.0), (117.0, -15.0)]
[(29.0, 404.0), (20.0, 411.0), (38.0, 413.0), (-10.0, 355.0), (79.0, 353.0), (13.0, 213.0), (65.0, 215.0), (5.0, 108.0), (81.0, 109.0), (-6.0, 14.0), (97.0, 15.0), (0, 0), (93.0, 5.0), (-27.0, -21.0), (117.0, -15.0)]
[(29.0, 404.0), (20.0, 412.0), (38.0, 413.0), (-10.0, 355.0), (78.0, 353.0), (13.0, 213.0), (65.0, 215.0), (5.0, 108.0), (81.0, 109.0), (-6.0, 14.0), (97.0, 15.0), (0, 0), (93.0, 5.0), (-27.0, -21.0), (117.0, -15.0)]
[(28.0, 404.0), (20.0, 411.0), (38.0, 413.0), (-10.0, 355.0), (78.0, 353.0), (14.0, 213.0), (65.0, 215.0), (5.0, 108.0), (81.0, 109.0), (-6.0, 14.0), (97.0, 15.0), (0, 0), (93.0, 5.0), (-27.0, -21.0), (117.0, -15.0)]
[(28.0, 403.0), (20.0, 411.0), (38.0, 412.0), (-10.0, 355.0), (78.0, 353.0), (14.0, 213.0), (65.0, 216.0), (5.0, 108.0), (81.0, 109.0), (-6.0, 14.0), (97.0, 15.0), (0, 0), (94.0, 5.0), (-28.0, -21.0), (117.0, -15.0)]
[(28.0, 403.0), (20.0, 411.0), (38.0, 412.0), (-10.0, 355.0), (78.0, 353.0), (14.0, 213.0), (66.0, 216.0), (5.0, 108.0), (81.0, 109.0), (-6.0, 14.0), (97.0, 15.0), (0, 0), (94.0, 5.0), (-28.0, -21.0), (117.0, -15.0)]
[(29.0, 402.0), (21.0, 410.0), (39.0, 411.0), (-10.0, 354.0), (78.0, 353.0), (14.0, 213.0), (66.0, 215.0), (5.0, 108.0), (81.0, 109.0), (-6.0, 14.0), (97.0, 15.0), (0, 0), (94.0, 5.0), (-28.0, -21.0), (117.0, -15.0)]
[(31.0, 393.0), (22.0, 402.0), (40.0, 401.0), (-10.0, 346.0), (79.0, 344.0), (14.0, 211.0), (66.0, 212.0), (5.0, 107.0), (82.0, 108.0), (-6.0, 14.0), (97.0, 15.0), (0, 0), (94.0, 4.0), (-27.0, -21.0), (117.0, -15.0)]
[(34.0, 383.0), (24.0, 392.0), (42.0, 392.0), (-10.0, 336.0), (80.0, 336.0), (14.0, 206.0), (66.0, 208.0), (5.0, 105.0), (82.0, 107.0), (-6.0, 13.0), (97.0, 14.0), (0, 0), (94.0, 3.0), (-27.0, -22.0), (117.0, -16.0)]
[(35.0, 381.0), (25.0, 390.0), (43.0, 390.0), (-9.0, 336.0), (80.0, 335.0), (15.0, 206.0), (66.0, 207.0), (5.0, 105.0), (82.0, 107.0), (-6.0, 14.0), (97.0, 15.0), (0, 0), (94.0, 5.0), (-27.0, -21.0), (117.0, -15.0)]
[(37.0, 370.0), (27.0, 379.0), (45.0, 379.0), (-8.0, 327.0), (82.0, 324.0), (16.0, 201.0), (68.0, 202.0), (7.0, 103.0), (83.0, 105.0), (-5.0, 14.0), (99.0, 15.0), (0, 0), (95.0, 4.0), (-26.0, -20.0), (117.0, -15.0)]
[(39.0, 369.0), (28.0, 378.0), (46.0, 378.0), (-7.0, 326.0), (82.0, 324.0), (17.0, 200.0), (68.0, 201.0), (8.0, 102.0), (83.0, 105.0), (-5.0, 14.0), (99.0, 15.0), (0, 0), (95.0, 4.0), (-26.0, -21.0), (117.0, -15.0)]
[(40.0, 360.0), (29.0, 368.0), (47.0, 368.0), (-7.0, 315.0), (82.0, 311.0), (17.0, 192.0), (68.0, 193.0), (9.0, 100.0), (83.0, 103.0), (-5.0, 14.0), (99.0, 15.0), (0, 0), (96.0, 4.0), (-25.0, -21.0), (117.0, -15.0)]
[(40.0, 325.0), (30.0, 335.0), (48.0, 334.0), (-5.0, 289.0), (83.0, 285.0), (18.0, 177.0), (68.0, 178.0), (13.0, 91.0), (81.0, 96.0), (-5.0, 14.0), (99.0, 15.0), (0, 0), (96.0, 3.0), (-24.0, -20.0), (117.0, -15.0)]
[(40.0, 309.0), (30.0, 319.0), (48.0, 318.0), (-4.0, 275.0), (84.0, 273.0), (19.0, 167.0), (68.0, 169.0), (15.0, 85.0), (81.0, 90.0), (-5.0, 14.0), (99.0, 15.0), (0, 0), (96.0, 4.0), (-23.0, -19.0), (116.0, -14.0)]
[(42.0, 308.0), (32.0, 318.0), (50.0, 317.0), (-4.0, 272.0), (84.0, 269.0), (19.0, 166.0), (68.0, 167.0), (16.0, 85.0), (80.0, 90.0), (-4.0, 13.0), (98.0, 15.0), (0, 0), (96.0, 4.0), (-23.0, -19.0), (115.0, -14.0)]
[(43.0, 290.0), (33.0, 300.0), (52.0, 299.0), (-4.0, 260.0), (84.0, 260.0), (20.0, 162.0), (68.0, 164.0), (17.0, 83.0), (80.0, 88.0), (-4.0, 13.0), (98.0, 15.0), (0, 0), (96.0, 4.0), (-23.0, -19.0), (115.0, -14.0)]
[(44.0, 275.0), (34.0, 286.0), (53.0, 285.0), (-3.0, 247.0), (85.0, 242.0), (20.0, 155.0), (68.0, 156.0), (17.0, 82.0), (82.0, 84.0), (-4.0, 13.0), (98.0, 16.0), (0, 0), (95.0, 5.0), (-23.0, -18.0), (116.0, -13.0)]
[(44.0, 277.0), (35.0, 287.0), (53.0, 286.0), (-3.0, 246.0), (85.0, 242.0), (20.0, 152.0), (67.0, 152.0), (17.0, 81.0), (83.0, 82.0), (-4.0, 12.0), (98.0, 15.0), (0, 0), (95.0, 5.0), (-23.0, -18.0), (116.0, -13.0)]
[(44.0, 248.0), (34.0, 258.0), (52.0, 258.0), (-3.0, 220.0), (87.0, 219.0), (19.0, 141.0), (66.0, 141.0), (15.0, 77.0), (86.0, 76.0), (-5.0, 11.0), (97.0, 15.0), (0, 0), (93.0, 5.0), (-24.0, -18.0), (116.0, -13.0)]
[(45.0, 233.0), (35.0, 245.0), (53.0, 244.0), (-3.0, 208.0), (90.0, 206.0), (19.0, 136.0), (67.0, 137.0), (14.0, 73.0), (89.0, 69.0), (-5.0, 11.0), (97.0, 13.0), (0, 0), (93.0, 4.0), (-24.0, -18.0), (116.0, -14.0)]
[(44.0, 214.0), (35.0, 224.0), (53.0, 224.0), (-4.0, 193.0), (89.0, 191.0), (19.0, 123.0), (67.0, 123.0), (12.0, 74.0), (90.0, 66.0), (-5.0, 10.0), (96.0, 11.0), (0, 0), (91.0, 2.0), (-24.0, -18.0), (115.0, -15.0)]
[(44.0, 206.0), (34.0, 218.0), (53.0, 217.0), (-5.0, 188.0), (87.0, 184.0), (18.0, 116.0), (65.0, 116.0), (10.0, 74.0), (88.0, 63.0), (-6.0, 9.0), (93.0, 8.0), (0, 0), (88.0, -1.0), (-25.0, -19.0), (112.0, -17.0)]
[(45.0, 206.0), (35.0, 217.0), (53.0, 217.0), (-5.0, 186.0), (87.0, 184.0), (18.0, 115.0), (65.0, 114.0), (9.0, 73.0), (87.0, 63.0), (-6.0, 9.0), (93.0, 8.0), (0, 0), (87.0, -1.0), (-24.0, -18.0), (112.0, -17.0)]
[(44.0, 210.0), (34.0, 221.0), (53.0, 221.0), (-5.0, 188.0), (87.0, 187.0), (18.0, 117.0), (65.0, 116.0), (6.0, 72.0), (87.0, 63.0), (-6.0, 9.0), (93.0, 9.0), (0, 0), (87.0, 0.0), (-23.0, -17.0), (112.0, -16.0)]
[(44.0, 216.0), (34.0, 227.0), (53.0, 226.0), (-5.0, 194.0), (87.0, 192.0), (18.0, 120.0), (65.0, 119.0), (4.0, 71.0), (87.0, 64.0), (-6.0, 9.0), (93.0, 9.0), (0, 0), (87.0, -1.0), (-23.0, -17.0), (112.0, -16.0)]
[(44.0, 217.0), (34.0, 227.0), (53.0, 227.0), (-5.0, 195.0), (86.0, 193.0), (18.0, 120.0), (65.0, 119.0), (4.0, 71.0), (86.0, 64.0), (-6.0, 9.0), (93.0, 9.0), (0, 0), (87.0, -2.0), (-23.0, -17.0), (112.0, -16.0)]
[(44.0, 225.0), (34.0, 235.0), (52.0, 234.0), (-5.0, 201.0), (86.0, 199.0), (18.0, 122.0), (65.0, 121.0), (3.0, 72.0), (86.0, 65.0), (-6.0, 9.0), (93.0, 9.0), (0, 0), (87.0, -1.0), (-23.0, -17.0), (112.0, -16.0)]
[(44.0, 227.0), (34.0, 237.0), (52.0, 236.0), (-6.0, 203.0), (86.0, 200.0), (17.0, 123.0), (65.0, 122.0), (2.0, 72.0), (85.0, 66.0), (-6.0, 9.0), (93.0, 9.0), (0, 0), (88.0, -1.0), (-23.0, -17.0), (112.0, -16.0)]
[(43.0, 239.0), (35.0, 248.0), (51.0, 248.0), (-5.0, 212.0), (87.0, 208.0), (18.0, 134.0), (65.0, 132.0), (2.0, 74.0), (85.0, 69.0), (-5.0, 9.0), (95.0, 9.0), (0, 0), (89.0, -1.0), (-22.0, -17.0), (114.0, -16.0)]
[(43.0, 275.0), (34.0, 283.0), (51.0, 284.0), (-5.0, 241.0), (82.0, 237.0), (17.0, 149.0), (63.0, 149.0), (-2.0, 78.0), (82.0, 79.0), (-6.0, 10.0), (95.0, 9.0), (0, 0), (90.0, -1.0), (-23.0, -17.0), (115.0, -15.0)]
[(43.0, 297.0), (35.0, 305.0), (51.0, 305.0), (-4.0, 257.0), (81.0, 256.0), (17.0, 159.0), (64.0, 160.0), (-2.0, 81.0), (82.0, 82.0), (-6.0, 10.0), (96.0, 9.0), (0, 0), (91.0, -1.0), (-23.0, -17.0), (116.0, -15.0)]
[(42.0, 295.0), (34.0, 304.0), (50.0, 303.0), (-5.0, 258.0), (81.0, 257.0), (16.0, 160.0), (63.0, 161.0), (-3.0, 82.0), (81.0, 85.0), (-7.0, 10.0), (96.0, 9.0), (0, 0), (91.0, -1.0), (-24.0, -18.0), (116.0, -15.0)]
[(42.0, 313.0), (33.0, 323.0), (49.0, 321.0), (-6.0, 271.0), (82.0, 269.0), (16.0, 165.0), (64.0, 165.0), (-3.0, 85.0), (82.0, 88.0), (-7.0, 10.0), (98.0, 10.0), (0, 0), (93.0, 0.0), (-25.0, -18.0), (117.0, -15.0)]
[(41.0, 346.0), (32.0, 355.0), (49.0, 355.0), (-7.0, 303.0), (80.0, 300.0), (16.0, 186.0), (64.0, 185.0), (-3.0, 98.0), (82.0, 100.0), (-7.0, 10.0), (98.0, 11.0), (0, 0), (94.0, 0.0), (-26.0, -18.0), (118.0, -15.0)]
[(40.0, 366.0), (30.0, 374.0), (47.0, 373.0), (-9.0, 320.0), (77.0, 317.0), (15.0, 194.0), (64.0, 194.0), (-2.0, 101.0), (83.0, 101.0), (-7.0, 10.0), (99.0, 12.0), (0, 0), (94.0, 1.0), (-26.0, -18.0), (118.0, -15.0)]