[(27.0, 355.0), (19.0, 365.0), (34.0, 365.0), (-21.0, 302.0), (69.0, 303.0), (-1.0, 184.0), (51.0, 187.0), (-15.0, 89.0), (63.0, 92.0), (-7.0, 12.0), (63.0, 15.0), (0, 0), (60.0, 4.0), (-27.0, -17.0), (69.0, -17.0)]
[(28.0, 362.0), (20.0, 372.0), (35.0, 372.0), (-20.0, 309.0), (71.0, 308.0), (-1.0, 188.0), (52.0, 190.0), (-14.0, 91.0), (63.0, 93.0), (-8.0, 12.0), (64.0, 16.0), (0, 0), (61.0, 6.0), (-26.0, -17.0), (70.0, -16.0)]
[(27.0, 367.0), (19.0, 376.0), (35.0, 376.0), (-20.0, 313.0), (71.0, 312.0), (-1.0, 188.0), (51.0, 189.0), (-13.0, 91.0), (63.0, 93.0), (-8.0, 12.0), (64.0, 16.0), (0, 0), (60.0, 6.0), (-26.0, -18.0), (70.0, -17.0)]
[(27.0, 374.0), (19.0, 383.0), (35.0, 383.0), (-20.0, 316.0), (70.0, 316.0), (-1.0, 192.0), (51.0, 193.0), (-11.0, 95.0), (62.0, 95.0), (-8.0, 12.0), (64.0, 15.0), (0, 0), (59.0, 6.0), (-26.0, -18.0), (71.0, -17.0)]
[(28.0, 377.0), (19.0, 386.0), (36.0, 386.0), (-20.0, 320.0), (70.0, 320.0), (-1.0, 193.0), (51.0, 194.0), (-9.0, 96.0), (61.0, 96.0), (-7.0, 12.0), (63.0, 16.0), (0, 0), (57.0, 7.0), (-26.0, -18.0), (71.0, -16.0)]
[(27.0, 377.0), (18.0, 386.0), (35.0, 386.0), (-21.0, 320.0), (69.0, 320.0), (-2.0, 192.0), (50.0, 194.0), (-9.0, 97.0), (60.0, 97.0), (-8.0, 11.0), (61.0, 15.0), (0, 0), (54.0, 6.0), (-27.0, -19.0), (70.0, -17.0)]
[(26.0, 377.0), (17.0, 386.0), (34.0, 387.0), (-23.0, 321.0), (68.0, 321.0), (-3.0, 193.0), (49.0, 194.0), (-10.0, 98.0), (59.0, 99.0), (-8.0, 11.0), (60.0, 16.0), (0, 0), (53.0, 6.0), (-28.0, -19.0), (69.0, -17.0)]
[(26.0, 379.0), (17.0, 388.0), (34.0, 388.0), (-23.0, 323.0), (68.0, 323.0), (-3.0, 194.0), (49.0, 195.0), (-8.0, 99.0), (58.0, 100.0), (-8.0, 12.0), (59.0, 16.0), (0, 0), (53.0, 6.0), (-28.0, -19.0), (68.0, -17.0)]
[(25.0, 383.0), (16.0, 391.0), (34.0, 391.0), (-23.0, 324.0), (68.0, 324.0), (-2.0, 194.0), (49.0, 195.0), (-8.0, 99.0), (57.0, 102.0), (-7.0, 12.0), (59.0, 17.0), (0, 0), (52.0, 7.0), (-27.0, -19.0), (68.0, -16.0)]
[(25.0, 382.0), (16.0, 390.0), (34.0, 390.0), (-23.0, 323.0), (68.0, 324.0), (-2.0, 193.0), (49.0, 194.0), (-8.0, 99.0), (57.0, 103.0), (-7.0, 12.0), (59.0, 16.0), (0, 0), (52.0, 7.0), (-27.0, -20.0), (67.0, -16.0)]
[(25.0, 383.0), (16.0, 390.0), (34.0, 391.0), (-21.0, 323.0), (68.0, 325.0), (-2.0, 195.0), (50.0, 196.0), (-8.0, 100.0), (57.0, 104.0), (-7.0, 13.0), (58.0, 16.0), (0, 0), (52.0, 7.0), (-27.0, -19.0), (67.0, -16.0)]
[(25.0, 381.0), (16.0, 389.0), (34.0, 390.0), (-21.0, 322.0), (68.0, 322.0), (-1.0, 193.0), (51.0, 195.0), (-9.0, 98.0), (57.0, 102.0), (-7.0, 12.0), (58.0, 15.0), (0, 0), (52.0, 6.0), (-27.0, -20.0), (66.0, -17.0)]
[(25.0, 382.0), (16.0, 390.0), (33.0, 391.0), (-21.0, 322.0), (69.0, 323.0), (-1.0, 193.0), (51.0, 195.0), (-9.0, 98.0), (57.0, 103.0), (-7.0, 12.0), (59.0, 16.0), (0, 0), (53.0, 6.0), (-28.0, -20.0), (66.0, -16.0)]
[(25.0, 382.0), (17.0, 390.0), (34.0, 390.0), (-19.0, 323.0), (69.0, 323.0), (-0.0, 193.0), (52.0, 195.0), (-8.0, 98.0), (58.0, 102.0), (-7.0, 12.0), (60.0, 16.0), (0, 0), (55.0, 6.0), (-27.0, -21.0), (67.0, -16.0)]
[(26.0, 382.0), (18.0, 390.0), (35.0, 390.0), (-18.0, 323.0), (70.0, 324.0), (1.0, 193.0), (53.0, 195.0), (-7.0, 98.0), (59.0, 102.0), (-6.0, 12.0), (62.0, 16.0), (0, 0), (58.0, 6.0), (-26.0, -21.0), (68.0, -16.0)]
[(26.0, 382.0), (18.0, 390.0), (35.0, 390.0), (-18.0, 323.0), (70.0, 324.0), (2.0, 193.0), (53.0, 195.0), (-7.0, 98.0), (60.0, 102.0), (-6.0, 12.0), (63.0, 16.0), (0, 0), (59.0, 6.0), (-26.0, -21.0), (68.0, -16.0)]
[(26.0, 382.0), (18.0, 390.0), (35.0, 390.0), (-18.0, 323.0), (70.0, 325.0), (2.0, 193.0), (53.0, 195.0), (-7.0, 98.0), (60.0, 102.0), (-7.0, 12.0), (63.0, 16.0), (0, 0), (59.0, 6.0), (-26.0, -21.0), (68.0, -16.0)]
[(25.0, 382.0), (17.0, 390.0), (34.0, 390.0), (-18.0, 323.0), (70.0, 325.0), (3.0, 192.0), (54.0, 195.0), (-7.0, 98.0), (61.0, 99.0), (-7.0, 12.0), (63.0, 16.0), (0, 0), (59.0, 7.0), (-26.0, -22.0), (68.0, -16.0)]
[(25.0, 382.0), (17.0, 390.0), (34.0, 390.0), (-17.0, 324.0), (70.0, 326.0), (4.0, 192.0), (54.0, 195.0), (-6.0, 98.0), (63.0, 99.0), (-7.0, 12.0), (63.0, 16.0), (0, 0), (59.0, 7.0), (-26.0, -22.0), (68.0, -16.0)]
[(25.0, 383.0), (17.0, 390.0), (34.0, 391.0), (-17.0, 324.0), (70.0, 326.0), (4.0, 193.0), (54.0, 195.0), (-6.0, 98.0), (63.0, 100.0), (-7.0, 12.0), (63.0, 16.0), (0, 0), (58.0, 7.0), (-26.0, -22.0), (69.0, -16.0)]
[(25.0, 381.0), (17.0, 389.0), (34.0, 389.0), (-17.0, 324.0), (70.0, 325.0), (4.0, 193.0), (54.0, 194.0), (-6.0, 97.0), (64.0, 100.0), (-7.0, 12.0), (63.0, 15.0), (0, 0), (58.0, 6.0), (-26.0, -22.0), (70.0, -17.0)]
[(25.0, 382.0), (17.0, 390.0), (34.0, 390.0), (-17.0, 325.0), (70.0, 326.0), (3.0, 194.0), (54.0, 195.0), (-6.0, 97.0), (66.0, 100.0), (-7.0, 13.0), (64.0, 16.0), (0, 0), (58.0, 7.0), (-27.0, -21.0), (72.0, -16.0)]
[(25.0, 382.0), (17.0, 389.0), (34.0, 390.0), (-17.0, 326.0), (70.0, 326.0), (3.0, 194.0), (54.0, 195.0), (-6.0, 96.0), (67.0, 99.0), (-7.0, 13.0), (64.0, 16.0), (0, 0), (57.0, 6.0), (-27.0, -21.0), (72.0, -16.0)]
[(24.0, 382.0), (16.0, 389.0), (33.0, 390.0), (-17.0, 326.0), (70.0, 327.0), (3.0, 194.0), (55.0, 195.0), (-7.0, 95.0), (68.0, 98.0), (-7.0, 13.0), (64.0, 15.0), (0, 0), (57.0, 5.0), (-27.0, -21.0), (72.0, -17.0)]
[(25.0, 381.0), (16.0, 389.0), (34.0, 390.0), (-16.0, 326.0), (70.0, 327.0), (4.0, 194.0), (56.0, 195.0), (-6.0, 95.0), (69.0, 98.0), (-7.0, 13.0), (66.0, 14.0), (0, 0), (59.0, 4.0), (-26.0, -21.0), (73.0, -17.0)]
[(24.0, 379.0), (16.0, 387.0), (32.0, 388.0), (-17.0, 326.0), (69.0, 327.0), (3.0, 194.0), (56.0, 195.0), (-6.0, 95.0), (69.0, 98.0), (-7.0, 13.0), (66.0, 14.0), (0, 0), (60.0, 3.0), (-26.0, -21.0), (73.0, -17.0)]
[(24.0, 376.0), (15.0, 384.0), (32.0, 384.0), (-17.0, 326.0), (67.0, 327.0), (4.0, 192.0), (56.0, 192.0), (-8.0, 95.0), (69.0, 95.0), (-7.0, 13.0), (66.0, 11.0), (0, 0), (60.0, 1.0), (-26.0, -21.0), (73.0, -18.0)]
[(24.0, 371.0), (15.0, 379.0), (32.0, 380.0), (-17.0, 324.0), (66.0, 327.0), (6.0, 189.0), (58.0, 189.0), (-7.0, 94.0), (70.0, 93.0), (-6.0, 13.0), (67.0, 11.0), (0, 0), (60.0, 1.0), (-25.0, -21.0), (75.0, -18.0)]
[(23.0, 366.0), (14.0, 375.0), (31.0, 375.0), (-19.0, 322.0), (63.0, 326.0), (6.0, 188.0), (57.0, 188.0), (-9.0, 94.0), (70.0, 93.0), (-7.0, 13.0), (67.0, 12.0), (0, 0), (60.0, 3.0), (-26.0, -21.0), (74.0, -18.0)]
[(23.0, 359.0), (14.0, 368.0), (31.0, 369.0), (-19.0, 318.0), (62.0, 323.0), (6.0, 184.0), (57.0, 185.0), (-10.0, 92.0), (70.0, 91.0), (-7.0, 13.0), (67.0, 13.0), (0, 0), (59.0, 4.0), (-27.0, -21.0), (74.0, -18.0)]
[(23.0, 355.0), (14.0, 364.0), (31.0, 364.0), (-20.0, 314.0), (62.0, 318.0), (6.0, 179.0), (57.0, 181.0), (-12.0, 91.0), (71.0, 90.0), (-7.0, 13.0), (67.0, 14.0), (0, 0), (59.0, 6.0), (-27.0, -21.0), (73.0, -18.0)]
[(23.0, 351.0), (14.0, 360.0), (30.0, 360.0), (-20.0, 309.0), (62.0, 313.0), (6.0, 175.0), (57.0, 177.0), (-14.0, 89.0), (71.0, 89.0), (-8.0, 13.0), (67.0, 14.0), (0, 0), (60.0, 6.0), (-28.0, -20.0), (73.0, -17.0)]
[(22.0, 344.0), (13.0, 353.0), (30.0, 353.0), (-20.0, 305.0), (62.0, 308.0), (6.0, 173.0), (58.0, 173.0), (-16.0, 87.0), (72.0, 86.0), (-8.0, 13.0), (67.0, 13.0), (0, 0), (58.0, 5.0), (-28.0, -20.0), (73.0, -17.0)]
[(22.0, 345.0), (13.0, 353.0), (29.0, 353.0), (-20.0, 303.0), (62.0, 307.0), (6.0, 173.0), (58.0, 173.0), (-16.0, 86.0), (72.0, 86.0), (-8.0, 13.0), (67.0, 13.0), (0, 0), (58.0, 5.0), (-28.0, -20.0), (74.0, -17.0)]
[(22.0, 338.0), (13.0, 346.0), (30.0, 346.0), (-19.0, 298.0), (63.0, 301.0), (7.0, 173.0), (59.0, 172.0), (-15.0, 87.0), (75.0, 86.0), (-7.0, 13.0), (72.0, 12.0), (0, 0), (63.0, 4.0), (-28.0, -18.0), (79.0, -15.0)]
[(22.0, 331.0), (13.0, 339.0), (30.0, 340.0), (-19.0, 290.0), (64.0, 294.0), (7.0, 168.0), (59.0, 169.0), (-16.0, 86.0), (75.0, 85.0), (-7.0, 13.0), (71.0, 13.0), (0, 0), (62.0, 5.0), (-28.0, -18.0), (75.0, -15.0)]
[(22.0, 322.0), (13.0, 330.0), (30.0, 331.0), (-19.0, 283.0), (63.0, 288.0), (7.0, 168.0), (59.0, 168.0), (-17.0, 87.0), (77.0, 85.0), (-8.0, 13.0), (71.0, 13.0), (0, 0), (62.0, 5.0), (-28.0, -17.0), (74.0, -15.0)]
[(22.0, 313.0), (13.0, 321.0), (29.0, 322.0), (-19.0, 278.0), (63.0, 282.0), (6.0, 164.0), (59.0, 166.0), (-20.0, 85.0), (79.0, 85.0), (-8.0, 12.0), (71.0, 12.0), (0, 0), (62.0, 4.0), (-27.0, -18.0), (75.0, -16.0)]
[(22.0, 295.0), (13.0, 304.0), (30.0, 304.0), (-19.0, 262.0), (63.0, 261.0), (4.0, 156.0), (55.0, 157.0), (-24.0, 80.0), (80.0, 84.0), (-8.0, 12.0), (68.0, 11.0), (0, 0), (58.0, 3.0), (-27.0, -20.0), (74.0, -17.0)]
[(22.0, 282.0), (14.0, 290.0), (30.0, 291.0), (-18.0, 251.0), (64.0, 248.0), (3.0, 148.0), (53.0, 150.0), (-30.0, 75.0), (80.0, 79.0), (-8.0, 10.0), (66.0, 9.0), (0, 0), (57.0, 1.0), (-28.0, -22.0), (71.0, -21.0)]
[(21.0, 271.0), (13.0, 280.0), (28.0, 281.0), (-18.0, 243.0), (65.0, 238.0), (2.0, 145.0), (52.0, 146.0), (-31.0, 77.0), (78.0, 79.0), (-9.0, 11.0), (64.0, 9.0), (0, 0), (56.0, 0.0), (-29.0, -21.0), (70.0, -21.0)]
[(21.0, 239.0), (13.0, 249.0), (28.0, 250.0), (-18.0, 214.0), (65.0, 210.0), (1.0, 133.0), (50.0, 135.0), (-36.0, 74.0), (78.0, 76.0), (-9.0, 10.0), (63.0, 6.0), (0, 0), (55.0, -3.0), (-27.0, -24.0), (70.0, -25.0)]
[(21.0, 225.0), (12.0, 235.0), (28.0, 238.0), (-18.0, 205.0), (67.0, 197.0), (-1.0, 123.0), (49.0, 124.0), (-37.0, 71.0), (78.0, 70.0), (-9.0, 9.0), (62.0, 5.0), (0, 0), (53.0, -3.0), (-26.0, -26.0), (69.0, -26.0)]
[(21.0, 217.0), (12.0, 228.0), (28.0, 230.0), (-18.0, 198.0), (68.0, 191.0), (-2.0, 116.0), (49.0, 117.0), (-41.0, 70.0), (78.0, 65.0), (-10.0, 10.0), (62.0, 6.0), (0, 0), (52.0, -2.0), (-26.0, -25.0), (69.0, -25.0)]
[(22.0, 206.0), (13.0, 216.0), (29.0, 219.0), (-17.0, 189.0), (70.0, 183.0), (-0.0, 108.0), (50.0, 107.0), (-43.0, 68.0), (79.0, 60.0), (-9.0, 9.0), (63.0, 3.0), (0, 0), (54.0, -3.0), (-24.0, -28.0), (69.0, -28.0)]
[(22.0, 199.0), (13.0, 208.0), (29.0, 210.0), (-17.0, 180.0), (70.0, 176.0), (-0.0, 99.0), (50.0, 100.0), (-43.0, 66.0), (79.0, 60.0), (-10.0, 8.0), (63.0, 1.0), (0, 0), (54.0, -5.0), (-22.0, -30.0), (69.0, -31.0)]
[(22.0, 192.0), (12.0, 201.0), (29.0, 204.0), (-17.0, 177.0), (70.0, 171.0), (-0.0, 96.0), (49.0, 94.0), (-43.0, 62.0), (79.0, 61.0), (-10.0, 8.0), (62.0, 0.0), (0, 0), (54.0, -6.0), (-21.0, -31.0), (68.0, -33.0)]
[(21.0, 182.0), (11.0, 191.0), (29.0, 194.0), (-18.0, 169.0), (70.0, 164.0), (-0.0, 88.0), (48.0, 87.0), (-43.0, 57.0), (79.0, 57.0), (-10.0, 4.0), (62.0, -4.0), (0, 0), (54.0, -10.0), (-20.0, -36.0), (68.0, -38.0)]
[(21.0, 181.0), (11.0, 191.0), (29.0, 193.0), (-18.0, 170.0), (70.0, 164.0), (-1.0, 89.0), (47.0, 87.0), (-42.0, 55.0), (80.0, 54.0), (-10.0, 5.0), (61.0, -4.0), (0, 0), (54.0, -10.0), (-20.0, -36.0), (68.0, -38.0)]
[(21.0, 186.0), (11.0, 196.0), (30.0, 198.0), (-18.0, 172.0), (70.0, 167.0), (-2.0, 89.0), (47.0, 87.0), (-42.0, 55.0), (80.0, 55.0), (-10.0, 6.0), (61.0, -3.0), (0, 0), (54.0, -9.0), (-20.0, -35.0), (68.0, -37.0)]
[(21.0, 192.0), (11.0, 200.0), (30.0, 203.0), (-18.0, 175.0), (70.0, 171.0), (-2.0, 92.0), (47.0, 90.0), (-42.0, 57.0), (80.0, 56.0), (-10.0, 7.0), (61.0, -2.0), (0, 0), (54.0, -8.0), (-20.0, -33.0), (68.0, -36.0)]
[(22.0, 195.0), (12.0, 204.0), (30.0, 207.0), (-17.0, 178.0), (71.0, 174.0), (-1.0, 93.0), (48.0, 91.0), (-40.0, 58.0), (81.0, 57.0), (-9.0, 7.0), (62.0, -2.0), (0, 0), (55.0, -8.0), (-19.0, -34.0), (69.0, -36.0)]
[(22.0, 196.0), (12.0, 205.0), (30.0, 208.0), (-17.0, 179.0), (71.0, 174.0), (-1.0, 93.0), (48.0, 91.0), (-40.0, 59.0), (81.0, 57.0), (-9.0, 7.0), (62.0, -2.0), (0, 0), (55.0, -8.0), (-19.0, -34.0), (70.0, -36.0)]
[(22.0, 198.0), (12.0, 207.0), (30.0, 210.0), (-17.0, 181.0), (70.0, 176.0), (-0.0, 95.0), (49.0, 93.0), (-40.0, 63.0), (80.0, 59.0), (-9.0, 7.0), (62.0, -2.0), (0, 0), (56.0, -8.0), (-19.0, -33.0), (70.0, -36.0)]
[(21.0, 201.0), (11.0, 210.0), (30.0, 213.0), (-18.0, 184.0), (70.0, 181.0), (-0.0, 98.0), (49.0, 96.0), (-39.0, 66.0), (79.0, 62.0), (-9.0, 8.0), (63.0, -1.0), (0, 0), (56.0, -7.0), (-19.0, -32.0), (70.0, -35.0)]
[(20.0, 211.0), (10.0, 220.0), (29.0, 223.0), (-19.0, 191.0), (69.0, 188.0), (-1.0, 107.0), (48.0, 104.0), (-37.0, 70.0), (76.0, 67.0), (-9.0, 9.0), (62.0, 2.0), (0, 0), (55.0, -5.0), (-20.0, -31.0), (69.0, -33.0)]
[(20.0, 222.0), (10.0, 231.0), (28.0, 233.0), (-19.0, 201.0), (69.0, 196.0), (-1.0, 116.0), (48.0, 113.0), (-36.0, 70.0), (75.0, 68.0), (-9.0, 9.0), (62.0, 3.0), (0, 0), (56.0, -4.0), (-20.0, -30.0), (69.0, -32.0)]
[(20.0, 233.0), (10.0, 242.0), (28.0, 244.0), (-20.0, 211.0), (69.0, 205.0), (-1.0, 129.0), (49.0, 127.0), (-34.0, 74.0), (74.0, 70.0), (-9.0, 10.0), (62.0, 5.0), (0, 0), (56.0, -2.0), (-20.0, -28.0), (71.0, -30.0)]
[(18.0, 242.0), (9.0, 251.0), (27.0, 253.0), (-21.0, 220.0), (68.0, 217.0), (-1.0, 139.0), (49.0, 136.0), (-35.0, 79.0), (78.0, 81.0), (-9.0, 10.0), (62.0, 6.0), (0, 0), (57.0, -2.0), (-20.0, -26.0), (70.0, -28.0)]
[(17.0, 260.0), (8.0, 270.0), (26.0, 271.0), (-22.0, 234.0), (67.0, 231.0), (-1.0, 151.0), (48.0, 151.0), (-32.0, 83.0), (73.0, 91.0), (-10.0, 11.0), (61.0, 8.0), (0, 0), (56.0, -1.0), (-21.0, -25.0), (69.0, -26.0)]
[(17.0, 292.0), (9.0, 300.0), (25.0, 302.0), (-23.0, 258.0), (67.0, 257.0), (-2.0, 168.0), (48.0, 167.0), (-27.0, 92.0), (64.0, 97.0), (-10.0, 13.0), (62.0, 13.0), (0, 0), (57.0, 3.0), (-23.0, -20.0), (69.0, -21.0)]
[(18.0, 304.0), (9.0, 314.0), (25.0, 315.0), (-24.0, 263.0), (66.0, 264.0), (-2.0, 172.0), (48.0, 171.0), (-25.0, 93.0), (63.0, 98.0), (-10.0, 11.0), (63.0, 13.0), (0, 0), (60.0, 3.0), (-24.0, -21.0), (69.0, -21.0)]
[(18.0, 315.0), (10.0, 325.0), (25.0, 325.0), (-25.0, 271.0), (66.0, 272.0), (-2.0, 175.0), (48.0, 176.0), (-22.0, 94.0), (64.0, 100.0), (-9.0, 13.0), (63.0, 14.0), (0, 0), (60.0, 5.0), (-25.0, -19.0), (69.0, -19.0)]
[(18.0, 323.0), (9.0, 332.0), (25.0, 333.0), (-26.0, 278.0), (64.0, 279.0), (-2.0, 176.0), (48.0, 178.0), (-19.0, 93.0), (64.0, 96.0), (-9.0, 13.0), (63.0, 14.0), (0, 0), (60.0, 4.0), (-26.0, -18.0), (69.0, -18.0)]
[(18.0, 331.0), (10.0, 340.0), (25.0, 341.0), (-25.0, 283.0), (64.0, 283.0), (-2.0, 178.0), (48.0, 180.0), (-18.0, 93.0), (63.0, 94.0), (-9.0, 12.0), (63.0, 14.0), (0, 0), (61.0, 4.0), (-27.0, -19.0), (68.0, -17.0)]
[(15.0, 340.0), (7.0, 349.0), (23.0, 350.0), (-27.0, 291.0), (63.0, 291.0), (-3.0, 181.0), (47.0, 183.0), (-16.0, 93.0), (60.0, 94.0), (-9.0, 13.0), (62.0, 16.0), (0, 0), (60.0, 6.0), (-29.0, -18.0), (67.0, -16.0)]
[(15.0, 344.0), (7.0, 355.0), (22.0, 355.0), (-27.0, 297.0), (63.0, 297.0), (-3.0, 183.0), (47.0, 184.0), (-17.0, 94.0), (59.0, 93.0), (-9.0, 12.0), (61.0, 16.0), (0, 0), (56.0, 6.0), (-29.0, -19.0), (67.0, -16.0)]