[(39.0, 382.0), (31.0, 392.0), (46.0, 392.0), (-6.0, 356.0), (77.0, 352.0), (12.0, 209.0), (59.0, 209.0), (-3.0, 109.0), (80.0, 109.0), (-7.0, 15.0), (90.0, 14.0), (0, 0), (85.0, 1.0), (-28.0, -19.0), (108.0, -16.0)]
[(38.0, 384.0), (30.0, 392.0), (46.0, 392.0), (-6.0, 358.0), (76.0, 354.0), (12.0, 210.0), (59.0, 210.0), (-3.0, 109.0), (80.0, 110.0), (-7.0, 14.0), (89.0, 14.0), (0, 0), (84.0, 2.0), (-28.0, -20.0), (108.0, -16.0)]
[(36.0, 395.0), (28.0, 404.0), (45.0, 404.0), (-7.0, 366.0), (76.0, 363.0), (12.0, 212.0), (59.0, 213.0), (-2.0, 109.0), (78.0, 110.0), (-7.0, 14.0), (89.0, 14.0), (0, 0), (84.0, 2.0), (-29.0, -20.0), (108.0, -15.0)]
[(37.0, 395.0), (29.0, 405.0), (46.0, 406.0), (-6.0, 367.0), (77.0, 364.0), (12.0, 211.0), (60.0, 212.0), (-1.0, 109.0), (78.0, 110.0), (-6.0, 14.0), (90.0, 14.0), (0, 0), (85.0, 2.0), (-28.0, -20.0), (109.0, -16.0)]
[(37.0, 399.0), (28.0, 410.0), (46.0, 410.0), (-6.0, 370.0), (77.0, 368.0), (12.0, 213.0), (60.0, 214.0), (1.0, 110.0), (76.0, 110.0), (-6.0, 14.0), (90.0, 14.0), (0, 0), (85.0, 2.0), (-29.0, -20.0), (109.0, -16.0)]
[(33.0, 404.0), (26.0, 414.0), (43.0, 414.0), (-8.0, 369.0), (76.0, 368.0), (11.0, 214.0), (59.0, 216.0), (2.0, 110.0), (75.0, 110.0), (-6.0, 14.0), (90.0, 15.0), (0, 0), (85.0, 3.0), (-30.0, -20.0), (109.0, -16.0)]
[(30.0, 405.0), (23.0, 415.0), (41.0, 415.0), (-10.0, 368.0), (75.0, 368.0), (10.0, 214.0), (59.0, 216.0), (3.0, 111.0), (74.0, 111.0), (-6.0, 14.0), (90.0, 16.0), (0, 0), (85.0, 4.0), (-30.0, -19.0), (109.0, -15.0)]
[(31.0, 405.0), (24.0, 415.0), (41.0, 415.0), (-9.0, 368.0), (76.0, 368.0), (11.0, 214.0), (60.0, 216.0), (4.0, 111.0), (75.0, 111.0), (-5.0, 14.0), (90.0, 16.0), (0, 0), (85.0, 4.0), (-29.0, -20.0), (109.0, -14.0)]
[(31.0, 405.0), (24.0, 415.0), (41.0, 415.0), (-10.0, 368.0), (75.0, 367.0), (10.0, 214.0), (60.0, 216.0), (5.0, 111.0), (74.0, 111.0), (-5.0, 13.0), (90.0, 17.0), (0, 0), (85.0, 4.0), (-29.0, -20.0), (109.0, -14.0)]
[(29.0, 406.0), (23.0, 415.0), (40.0, 415.0), (-11.0, 367.0), (75.0, 367.0), (10.0, 214.0), (60.0, 216.0), (4.0, 111.0), (74.0, 111.0), (-5.0, 13.0), (90.0, 17.0), (0, 0), (85.0, 5.0), (-29.0, -20.0), (109.0, -14.0)]
[(29.0, 405.0), (22.0, 414.0), (40.0, 414.0), (-11.0, 367.0), (75.0, 367.0), (10.0, 214.0), (59.0, 216.0), (4.0, 111.0), (74.0, 110.0), (-5.0, 13.0), (90.0, 16.0), (0, 0), (85.0, 5.0), (-28.0, -20.0), (109.0, -14.0)]
[(29.0, 406.0), (22.0, 415.0), (40.0, 415.0), (-11.0, 367.0), (75.0, 367.0), (10.0, 214.0), (59.0, 216.0), (4.0, 112.0), (74.0, 111.0), (-5.0, 13.0), (90.0, 17.0), (0, 0), (85.0, 6.0), (-28.0, -19.0), (109.0, -13.0)]
[(29.0, 405.0), (22.0, 415.0), (40.0, 415.0), (-11.0, 367.0), (75.0, 368.0), (10.0, 214.0), (59.0, 216.0), (4.0, 112.0), (74.0, 111.0), (-5.0, 13.0), (90.0, 17.0), (0, 0), (85.0, 6.0), (-28.0, -19.0), (109.0, -13.0)]
[(30.0, 405.0), (23.0, 414.0), (40.0, 414.0), (-11.0, 367.0), (75.0, 368.0), (10.0, 213.0), (59.0, 215.0), (4.0, 110.0), (75.0, 110.0), (-5.0, 13.0), (90.0, 16.0), (0, 0), (85.0, 5.0), (-28.0, -20.0), (109.0, -14.0)]
[(29.0, 405.0), (22.0, 415.0), (40.0, 415.0), (-11.0, 370.0), (75.0, 369.0), (10.0, 214.0), (59.0, 216.0), (4.0, 110.0), (75.0, 110.0), (-5.0, 13.0), (90.0, 16.0), (0, 0), (85.0, 5.0), (-28.0, -20.0), (109.0, -14.0)]
[(29.0, 405.0), (22.0, 415.0), (40.0, 415.0), (-10.0, 369.0), (75.0, 369.0), (10.0, 215.0), (59.0, 217.0), (4.0, 110.0), (75.0, 110.0), (-5.0, 13.0), (90.0, 16.0), (0, 0), (85.0, 4.0), (-28.0, -20.0), (109.0, -14.0)]
[(30.0, 404.0), (22.0, 414.0), (40.0, 414.0), (-10.0, 369.0), (75.0, 369.0), (10.0, 214.0), (60.0, 216.0), (4.0, 110.0), (75.0, 110.0), (-5.0, 13.0), (90.0, 16.0), (0, 0), (85.0, 4.0), (-28.0, -20.0), (109.0, -15.0)]
[(31.0, 404.0), (23.0, 413.0), (41.0, 413.0), (-10.0, 368.0), (76.0, 368.0), (11.0, 214.0), (61.0, 216.0), (4.0, 110.0), (75.0, 110.0), (-6.0, 13.0), (90.0, 16.0), (0, 0), (85.0, 4.0), (-28.0, -20.0), (109.0, -15.0)]
[(32.0, 403.0), (24.0, 413.0), (42.0, 413.0), (-10.0, 368.0), (76.0, 368.0), (12.0, 214.0), (61.0, 216.0), (4.0, 111.0), (76.0, 110.0), (-6.0, 13.0), (90.0, 16.0), (0, 0), (85.0, 4.0), (-28.0, -20.0), (109.0, -15.0)]
[(33.0, 400.0), (25.0, 410.0), (42.0, 409.0), (-10.0, 368.0), (76.0, 367.0), (12.0, 214.0), (61.0, 216.0), (3.0, 111.0), (76.0, 110.0), (-6.0, 13.0), (90.0, 16.0), (0, 0), (85.0, 4.0), (-28.0, -20.0), (109.0, -15.0)]
[(34.0, 399.0), (25.0, 408.0), (43.0, 408.0), (-10.0, 367.0), (76.0, 367.0), (12.0, 214.0), (61.0, 216.0), (3.0, 111.0), (77.0, 110.0), (-6.0, 13.0), (90.0, 16.0), (0, 0), (85.0, 4.0), (-28.0, -20.0), (109.0, -15.0)]
[(36.0, 393.0), (26.0, 402.0), (44.0, 400.0), (-9.0, 362.0), (76.0, 361.0), (12.0, 212.0), (61.0, 214.0), (2.0, 109.0), (78.0, 109.0), (-6.0, 13.0), (90.0, 15.0), (0, 0), (85.0, 4.0), (-28.0, -21.0), (109.0, -16.0)]
[(37.0, 365.0), (27.0, 376.0), (45.0, 375.0), (-9.0, 344.0), (76.0, 339.0), (11.0, 203.0), (61.0, 204.0), (-4.0, 106.0), (80.0, 107.0), (-7.0, 12.0), (89.0, 15.0), (0, 0), (85.0, 4.0), (-29.0, -21.0), (108.0, -16.0)]
[(39.0, 353.0), (30.0, 364.0), (47.0, 361.0), (-8.0, 329.0), (76.0, 322.0), (11.0, 194.0), (61.0, 195.0), (-7.0, 103.0), (85.0, 106.0), (-7.0, 12.0), (89.0, 14.0), (0, 0), (85.0, 3.0), (-29.0, -21.0), (109.0, -16.0)]
[(43.0, 322.0), (33.0, 332.0), (49.0, 331.0), (-7.0, 300.0), (75.0, 296.0), (9.0, 183.0), (59.0, 185.0), (-12.0, 103.0), (87.0, 106.0), (-8.0, 12.0), (87.0, 13.0), (0, 0), (82.0, 2.0), (-31.0, -21.0), (107.0, -16.0)]
[(48.0, 303.0), (38.0, 313.0), (53.0, 313.0), (-5.0, 284.0), (77.0, 279.0), (11.0, 176.0), (61.0, 177.0), (-11.0, 103.0), (90.0, 105.0), (-7.0, 13.0), (89.0, 13.0), (0, 0), (84.0, 2.0), (-30.0, -21.0), (109.0, -16.0)]
[(46.0, 299.0), (36.0, 310.0), (52.0, 310.0), (-5.0, 283.0), (79.0, 278.0), (11.0, 176.0), (61.0, 176.0), (-11.0, 104.0), (90.0, 108.0), (-7.0, 13.0), (89.0, 14.0), (0, 0), (84.0, 2.0), (-30.0, -21.0), (109.0, -16.0)]
[(46.0, 282.0), (35.0, 293.0), (53.0, 292.0), (-4.0, 269.0), (81.0, 268.0), (11.0, 166.0), (62.0, 166.0), (-12.0, 104.0), (92.0, 108.0), (-7.0, 14.0), (90.0, 15.0), (0, 0), (85.0, 2.0), (-30.0, -20.0), (109.0, -15.0)]
[(45.0, 283.0), (35.0, 294.0), (53.0, 293.0), (-4.0, 268.0), (82.0, 266.0), (12.0, 165.0), (62.0, 165.0), (-12.0, 103.0), (93.0, 105.0), (-7.0, 14.0), (90.0, 15.0), (0, 0), (85.0, 2.0), (-30.0, -20.0), (110.0, -15.0)]
[(47.0, 268.0), (36.0, 280.0), (54.0, 280.0), (-4.0, 256.0), (82.0, 252.0), (12.0, 162.0), (62.0, 163.0), (-12.0, 103.0), (93.0, 104.0), (-7.0, 14.0), (90.0, 14.0), (0, 0), (85.0, 2.0), (-30.0, -20.0), (110.0, -15.0)]
[(46.0, 241.0), (35.0, 252.0), (54.0, 251.0), (-5.0, 231.0), (82.0, 229.0), (11.0, 155.0), (62.0, 154.0), (-18.0, 100.0), (95.0, 102.0), (-8.0, 13.0), (89.0, 14.0), (0, 0), (84.0, 2.0), (-31.0, -20.0), (109.0, -16.0)]
[(47.0, 228.0), (36.0, 238.0), (55.0, 237.0), (-4.0, 219.0), (83.0, 217.0), (12.0, 148.0), (63.0, 147.0), (-19.0, 100.0), (98.0, 101.0), (-8.0, 13.0), (90.0, 14.0), (0, 0), (85.0, 1.0), (-30.0, -21.0), (110.0, -16.0)]
[(47.0, 227.0), (36.0, 237.0), (55.0, 237.0), (-4.0, 217.0), (84.0, 218.0), (12.0, 146.0), (64.0, 146.0), (-20.0, 100.0), (99.0, 100.0), (-8.0, 13.0), (90.0, 13.0), (0, 0), (85.0, 1.0), (-30.0, -21.0), (110.0, -16.0)]
[(49.0, 207.0), (38.0, 217.0), (56.0, 217.0), (-4.0, 199.0), (81.0, 203.0), (12.0, 140.0), (63.0, 141.0), (-24.0, 97.0), (100.0, 97.0), (-8.0, 12.0), (90.0, 12.0), (0, 0), (84.0, 0.0), (-30.0, -21.0), (110.0, -16.0)]
[(48.0, 198.0), (38.0, 209.0), (56.0, 208.0), (-4.0, 192.0), (81.0, 195.0), (12.0, 138.0), (63.0, 139.0), (-26.0, 95.0), (101.0, 95.0), (-8.0, 12.0), (90.0, 12.0), (0, 0), (84.0, 0.0), (-30.0, -21.0), (110.0, -16.0)]
[(48.0, 192.0), (38.0, 202.0), (56.0, 202.0), (-3.0, 186.0), (81.0, 189.0), (13.0, 135.0), (63.0, 135.0), (-28.0, 94.0), (102.0, 93.0), (-8.0, 12.0), (90.0, 12.0), (0, 0), (83.0, 0.0), (-30.0, -20.0), (109.0, -16.0)]
[(48.0, 191.0), (38.0, 201.0), (56.0, 200.0), (-1.0, 183.0), (81.0, 185.0), (14.0, 133.0), (64.0, 133.0), (-28.0, 94.0), (103.0, 92.0), (-9.0, 12.0), (90.0, 12.0), (0, 0), (83.0, 0.0), (-30.0, -19.0), (108.0, -16.0)]
[(48.0, 181.0), (37.0, 192.0), (56.0, 191.0), (1.0, 180.0), (82.0, 180.0), (15.0, 129.0), (64.0, 128.0), (-28.0, 94.0), (105.0, 93.0), (-9.0, 12.0), (90.0, 12.0), (0, 0), (83.0, 0.0), (-31.0, -18.0), (107.0, -16.0)]
[(49.0, 181.0), (38.0, 191.0), (57.0, 190.0), (3.0, 178.0), (84.0, 180.0), (16.0, 129.0), (65.0, 129.0), (-28.0, 96.0), (107.0, 94.0), (-8.0, 13.0), (91.0, 13.0), (0, 0), (84.0, 1.0), (-30.0, -17.0), (108.0, -15.0)]
[(49.0, 181.0), (38.0, 191.0), (57.0, 190.0), (4.0, 178.0), (84.0, 178.0), (16.0, 129.0), (65.0, 128.0), (-28.0, 96.0), (108.0, 95.0), (-8.0, 13.0), (92.0, 13.0), (0, 0), (84.0, 1.0), (-31.0, -17.0), (108.0, -15.0)]
[(49.0, 180.0), (38.0, 191.0), (57.0, 189.0), (4.0, 180.0), (85.0, 178.0), (17.0, 130.0), (65.0, 128.0), (-28.0, 96.0), (108.0, 95.0), (-9.0, 13.0), (92.0, 13.0), (0, 0), (84.0, 2.0), (-31.0, -17.0), (108.0, -15.0)]
[(49.0, 180.0), (38.0, 190.0), (57.0, 189.0), (4.0, 181.0), (86.0, 179.0), (17.0, 130.0), (66.0, 128.0), (-28.0, 95.0), (108.0, 95.0), (-9.0, 13.0), (92.0, 13.0), (0, 0), (84.0, 2.0), (-31.0, -16.0), (108.0, -14.0)]
[(50.0, 183.0), (39.0, 193.0), (57.0, 192.0), (4.0, 182.0), (85.0, 182.0), (17.0, 131.0), (66.0, 130.0), (-27.0, 95.0), (108.0, 95.0), (-9.0, 13.0), (92.0, 13.0), (0, 0), (84.0, 2.0), (-31.0, -16.0), (107.0, -14.0)]
[(51.0, 190.0), (40.0, 201.0), (59.0, 199.0), (4.0, 185.0), (84.0, 182.0), (18.0, 137.0), (67.0, 135.0), (-24.0, 96.0), (108.0, 95.0), (-8.0, 13.0), (93.0, 13.0), (0, 0), (85.0, 2.0), (-30.0, -16.0), (109.0, -14.0)]
[(51.0, 209.0), (40.0, 219.0), (59.0, 218.0), (4.0, 197.0), (81.0, 198.0), (17.0, 143.0), (66.0, 142.0), (-21.0, 97.0), (105.0, 98.0), (-8.0, 13.0), (93.0, 13.0), (0, 0), (85.0, 2.0), (-29.0, -16.0), (109.0, -14.0)]
[(50.0, 212.0), (40.0, 221.0), (58.0, 220.0), (3.0, 200.0), (80.0, 201.0), (17.0, 145.0), (66.0, 143.0), (-20.0, 98.0), (103.0, 99.0), (-8.0, 13.0), (93.0, 13.0), (0, 0), (85.0, 2.0), (-29.0, -16.0), (109.0, -14.0)]
[(49.0, 226.0), (39.0, 235.0), (57.0, 235.0), (3.0, 209.0), (81.0, 211.0), (16.0, 149.0), (65.0, 148.0), (-19.0, 99.0), (102.0, 99.0), (-8.0, 13.0), (93.0, 13.0), (0, 0), (85.0, 3.0), (-29.0, -16.0), (109.0, -14.0)]
[(49.0, 256.0), (40.0, 266.0), (57.0, 266.0), (3.0, 239.0), (81.0, 236.0), (14.0, 157.0), (65.0, 156.0), (-17.0, 100.0), (98.0, 99.0), (-7.0, 12.0), (92.0, 13.0), (0, 0), (85.0, 2.0), (-28.0, -17.0), (109.0, -14.0)]
[(49.0, 282.0), (39.0, 291.0), (56.0, 291.0), (3.0, 257.0), (81.0, 254.0), (14.0, 167.0), (65.0, 166.0), (-14.0, 105.0), (95.0, 104.0), (-7.0, 12.0), (92.0, 13.0), (0, 0), (85.0, 1.0), (-28.0, -17.0), (109.0, -14.0)]
[(49.0, 280.0), (39.0, 289.0), (56.0, 288.0), (2.0, 259.0), (81.0, 257.0), (14.0, 167.0), (65.0, 166.0), (-13.0, 110.0), (94.0, 106.0), (-7.0, 13.0), (92.0, 13.0), (0, 0), (85.0, 1.0), (-27.0, -17.0), (109.0, -14.0)]
[(48.0, 293.0), (39.0, 304.0), (55.0, 301.0), (2.0, 277.0), (82.0, 271.0), (14.0, 179.0), (65.0, 178.0), (-10.0, 110.0), (91.0, 109.0), (-7.0, 14.0), (92.0, 14.0), (0, 0), (85.0, 1.0), (-27.0, -17.0), (109.0, -14.0)]
[(47.0, 343.0), (39.0, 353.0), (53.0, 352.0), (1.0, 310.0), (81.0, 305.0), (14.0, 192.0), (63.0, 192.0), (-5.0, 110.0), (87.0, 110.0), (-6.0, 14.0), (92.0, 14.0), (0, 0), (86.0, 1.0), (-27.0, -17.0), (109.0, -14.0)]
[(50.0, 364.0), (41.0, 375.0), (53.0, 372.0), (-0.0, 328.0), (80.0, 321.0), (14.0, 200.0), (62.0, 200.0), (-2.0, 110.0), (84.0, 110.0), (-6.0, 14.0), (92.0, 14.0), (0, 0), (86.0, 1.0), (-27.0, -17.0), (110.0, -14.0)]