[(46.0, 343.0), (37.0, 352.0), (54.0, 352.0), (-0.0, 292.0), (87.0, 290.0), (17.0, 175.0), (69.0, 173.0), (2.0, 85.0), (81.0, 82.0), (-3.0, 12.0), (77.0, 12.0), (0, 0), (72.0, 4.0), (-17.0, -16.0), (88.0, -16.0)]
[(46.0, 350.0), (37.0, 359.0), (54.0, 360.0), (-0.0, 300.0), (88.0, 295.0), (17.0, 179.0), (68.0, 177.0), (2.0, 89.0), (80.0, 84.0), (-3.0, 14.0), (77.0, 12.0), (0, 0), (72.0, 4.0), (-17.0, -14.0), (88.0, -16.0)]
[(46.0, 357.0), (37.0, 367.0), (54.0, 367.0), (-1.0, 308.0), (88.0, 302.0), (17.0, 185.0), (68.0, 183.0), (2.0, 91.0), (80.0, 88.0), (-3.0, 15.0), (77.0, 13.0), (0, 0), (72.0, 5.0), (-18.0, -13.0), (88.0, -15.0)]
[(46.0, 364.0), (37.0, 373.0), (54.0, 373.0), (-2.0, 312.0), (88.0, 306.0), (17.0, 187.0), (68.0, 186.0), (2.0, 94.0), (78.0, 92.0), (-3.0, 16.0), (77.0, 13.0), (0, 0), (72.0, 4.0), (-19.0, -12.0), (88.0, -16.0)]
[(46.0, 369.0), (37.0, 379.0), (54.0, 379.0), (-2.0, 315.0), (89.0, 311.0), (17.0, 188.0), (69.0, 188.0), (1.0, 95.0), (79.0, 93.0), (-3.0, 16.0), (77.0, 13.0), (0, 0), (72.0, 4.0), (-17.0, -12.0), (88.0, -16.0)]
[(46.0, 376.0), (37.0, 385.0), (54.0, 384.0), (-2.0, 318.0), (89.0, 315.0), (18.0, 190.0), (69.0, 191.0), (2.0, 96.0), (79.0, 95.0), (-3.0, 16.0), (79.0, 13.0), (0, 0), (72.0, 4.0), (-18.0, -12.0), (90.0, -16.0)]
[(47.0, 378.0), (38.0, 387.0), (55.0, 386.0), (-2.0, 319.0), (89.0, 316.0), (18.0, 190.0), (69.0, 190.0), (1.0, 94.0), (80.0, 93.0), (-3.0, 15.0), (79.0, 11.0), (0, 0), (72.0, 2.0), (-19.0, -13.0), (89.0, -19.0)]
[(47.0, 381.0), (38.0, 390.0), (55.0, 389.0), (-2.0, 320.0), (89.0, 318.0), (18.0, 192.0), (70.0, 193.0), (2.0, 96.0), (81.0, 95.0), (-3.0, 15.0), (79.0, 11.0), (0, 0), (72.0, 2.0), (-19.0, -14.0), (89.0, -19.0)]
[(46.0, 383.0), (37.0, 392.0), (54.0, 391.0), (-3.0, 322.0), (88.0, 318.0), (16.0, 193.0), (68.0, 193.0), (2.0, 97.0), (81.0, 96.0), (-4.0, 14.0), (79.0, 11.0), (0, 0), (72.0, 1.0), (-19.0, -16.0), (89.0, -20.0)]
[(46.0, 384.0), (37.0, 392.0), (54.0, 392.0), (-4.0, 322.0), (88.0, 320.0), (16.0, 193.0), (68.0, 193.0), (4.0, 97.0), (81.0, 98.0), (-4.0, 15.0), (79.0, 12.0), (0, 0), (72.0, 2.0), (-19.0, -16.0), (89.0, -21.0)]
[(45.0, 383.0), (36.0, 392.0), (53.0, 391.0), (-6.0, 321.0), (86.0, 320.0), (15.0, 191.0), (67.0, 192.0), (3.0, 96.0), (80.0, 97.0), (-5.0, 14.0), (78.0, 12.0), (0, 0), (70.0, 2.0), (-18.0, -18.0), (88.0, -22.0)]
[(44.0, 385.0), (35.0, 393.0), (52.0, 392.0), (-7.0, 322.0), (85.0, 321.0), (14.0, 191.0), (66.0, 193.0), (2.0, 96.0), (79.0, 97.0), (-5.0, 13.0), (77.0, 13.0), (0, 0), (69.0, 3.0), (-19.0, -19.0), (87.0, -21.0)]
[(42.0, 385.0), (33.0, 393.0), (51.0, 393.0), (-9.0, 322.0), (84.0, 321.0), (12.0, 191.0), (65.0, 192.0), (1.0, 96.0), (78.0, 97.0), (-6.0, 13.0), (76.0, 13.0), (0, 0), (69.0, 3.0), (-19.0, -20.0), (86.0, -21.0)]
[(45.0, 387.0), (36.0, 394.0), (54.0, 394.0), (-6.0, 324.0), (86.0, 324.0), (15.0, 192.0), (68.0, 193.0), (3.0, 96.0), (79.0, 98.0), (-5.0, 13.0), (79.0, 14.0), (0, 0), (72.0, 4.0), (-17.0, -19.0), (88.0, -20.0)]
[(44.0, 387.0), (35.0, 395.0), (52.0, 395.0), (-8.0, 323.0), (84.0, 324.0), (13.0, 191.0), (67.0, 192.0), (1.0, 96.0), (77.0, 98.0), (-6.0, 12.0), (78.0, 14.0), (0, 0), (70.0, 4.0), (-18.0, -19.0), (87.0, -20.0)]
[(42.0, 387.0), (33.0, 394.0), (51.0, 394.0), (-9.0, 323.0), (82.0, 325.0), (12.0, 191.0), (65.0, 192.0), (-1.0, 96.0), (76.0, 98.0), (-7.0, 12.0), (77.0, 14.0), (0, 0), (69.0, 4.0), (-19.0, -18.0), (85.0, -19.0)]
[(41.0, 387.0), (32.0, 395.0), (50.0, 395.0), (-11.0, 325.0), (81.0, 326.0), (11.0, 192.0), (64.0, 193.0), (-2.0, 96.0), (74.0, 98.0), (-8.0, 12.0), (75.0, 15.0), (0, 0), (68.0, 5.0), (-20.0, -19.0), (84.0, -18.0)]
[(40.0, 387.0), (31.0, 395.0), (49.0, 395.0), (-11.0, 325.0), (81.0, 326.0), (11.0, 192.0), (64.0, 192.0), (-2.0, 96.0), (73.0, 98.0), (-8.0, 12.0), (75.0, 14.0), (0, 0), (68.0, 5.0), (-19.0, -18.0), (83.0, -18.0)]
[(39.0, 387.0), (30.0, 394.0), (48.0, 394.0), (-12.0, 325.0), (80.0, 326.0), (11.0, 191.0), (64.0, 192.0), (-2.0, 94.0), (73.0, 97.0), (-8.0, 12.0), (74.0, 14.0), (0, 0), (67.0, 5.0), (-19.0, -18.0), (82.0, -18.0)]
[(39.0, 387.0), (30.0, 395.0), (48.0, 395.0), (-12.0, 325.0), (80.0, 326.0), (11.0, 191.0), (64.0, 192.0), (-2.0, 94.0), (73.0, 97.0), (-7.0, 12.0), (74.0, 14.0), (0, 0), (67.0, 5.0), (-19.0, -19.0), (82.0, -18.0)]
[(39.0, 387.0), (30.0, 394.0), (48.0, 395.0), (-11.0, 325.0), (81.0, 327.0), (12.0, 190.0), (64.0, 192.0), (-1.0, 93.0), (74.0, 96.0), (-7.0, 12.0), (75.0, 14.0), (0, 0), (68.0, 5.0), (-18.0, -19.0), (83.0, -18.0)]
[(39.0, 387.0), (30.0, 395.0), (48.0, 395.0), (-11.0, 325.0), (81.0, 327.0), (12.0, 189.0), (64.0, 191.0), (-1.0, 92.0), (75.0, 95.0), (-7.0, 12.0), (75.0, 14.0), (0, 0), (68.0, 4.0), (-20.0, -19.0), (85.0, -18.0)]
[(39.0, 389.0), (30.0, 396.0), (47.0, 397.0), (-11.0, 326.0), (81.0, 328.0), (11.0, 190.0), (64.0, 192.0), (-1.0, 92.0), (75.0, 94.0), (-7.0, 12.0), (75.0, 14.0), (0, 0), (68.0, 4.0), (-21.0, -18.0), (85.0, -18.0)]
[(40.0, 390.0), (31.0, 398.0), (48.0, 398.0), (-11.0, 327.0), (82.0, 329.0), (11.0, 190.0), (65.0, 193.0), (-0.0, 93.0), (77.0, 95.0), (-6.0, 13.0), (76.0, 14.0), (0, 0), (69.0, 4.0), (-22.0, -17.0), (86.0, -17.0)]
[(40.0, 389.0), (31.0, 397.0), (48.0, 397.0), (-11.0, 325.0), (82.0, 328.0), (11.0, 189.0), (64.0, 191.0), (-0.0, 91.0), (77.0, 94.0), (-6.0, 12.0), (76.0, 13.0), (0, 0), (69.0, 3.0), (-23.0, -17.0), (86.0, -18.0)]
[(39.0, 390.0), (29.0, 397.0), (47.0, 397.0), (-12.0, 326.0), (80.0, 328.0), (9.0, 189.0), (62.0, 191.0), (-2.0, 91.0), (77.0, 94.0), (-6.0, 12.0), (75.0, 14.0), (0, 0), (68.0, 4.0), (-22.0, -18.0), (85.0, -18.0)]
[(40.0, 390.0), (30.0, 397.0), (48.0, 398.0), (-11.0, 326.0), (81.0, 328.0), (10.0, 189.0), (62.0, 191.0), (-1.0, 91.0), (78.0, 94.0), (-6.0, 12.0), (76.0, 14.0), (0, 0), (69.0, 4.0), (-21.0, -17.0), (86.0, -18.0)]
[(38.0, 390.0), (29.0, 398.0), (47.0, 398.0), (-12.0, 326.0), (80.0, 328.0), (9.0, 189.0), (61.0, 191.0), (-2.0, 91.0), (77.0, 94.0), (-7.0, 12.0), (74.0, 15.0), (0, 0), (67.0, 4.0), (-23.0, -17.0), (84.0, -18.0)]
[(39.0, 389.0), (30.0, 396.0), (47.0, 397.0), (-12.0, 325.0), (81.0, 328.0), (9.0, 190.0), (62.0, 191.0), (-1.0, 90.0), (79.0, 93.0), (-6.0, 13.0), (75.0, 14.0), (0, 0), (68.0, 4.0), (-22.0, -14.0), (85.0, -19.0)]
[(39.0, 389.0), (30.0, 396.0), (47.0, 397.0), (-12.0, 326.0), (81.0, 327.0), (9.0, 190.0), (62.0, 191.0), (-1.0, 90.0), (79.0, 93.0), (-6.0, 13.0), (75.0, 14.0), (0, 0), (68.0, 4.0), (-19.0, -15.0), (85.0, -19.0)]
[(38.0, 389.0), (29.0, 396.0), (47.0, 397.0), (-12.0, 327.0), (81.0, 328.0), (9.0, 190.0), (62.0, 191.0), (-2.0, 90.0), (79.0, 93.0), (-6.0, 13.0), (75.0, 14.0), (0, 0), (68.0, 4.0), (-19.0, -14.0), (85.0, -19.0)]
[(38.0, 389.0), (29.0, 396.0), (46.0, 397.0), (-11.0, 327.0), (81.0, 328.0), (10.0, 191.0), (63.0, 191.0), (-2.0, 90.0), (80.0, 92.0), (-6.0, 13.0), (75.0, 14.0), (0, 0), (68.0, 4.0), (-19.0, -15.0), (85.0, -19.0)]
[(38.0, 390.0), (28.0, 397.0), (46.0, 398.0), (-11.0, 329.0), (80.0, 330.0), (10.0, 192.0), (64.0, 193.0), (-2.0, 91.0), (80.0, 93.0), (-6.0, 14.0), (75.0, 15.0), (0, 0), (68.0, 5.0), (-19.0, -14.0), (85.0, -18.0)]
[(39.0, 389.0), (29.0, 397.0), (47.0, 397.0), (-10.0, 330.0), (81.0, 330.0), (11.0, 193.0), (65.0, 193.0), (-1.0, 90.0), (81.0, 92.0), (-6.0, 13.0), (76.0, 14.0), (0, 0), (69.0, 5.0), (-18.0, -14.0), (86.0, -19.0)]
[(39.0, 389.0), (30.0, 396.0), (48.0, 397.0), (-8.0, 332.0), (82.0, 333.0), (12.0, 195.0), (67.0, 195.0), (-0.0, 93.0), (82.0, 93.0), (-5.0, 13.0), (77.0, 12.0), (0, 0), (70.0, 3.0), (-21.0, -21.0), (87.0, -19.0)]
[(40.0, 389.0), (30.0, 397.0), (49.0, 398.0), (-7.0, 335.0), (83.0, 335.0), (14.0, 197.0), (68.0, 197.0), (1.0, 94.0), (83.0, 94.0), (-5.0, 14.0), (79.0, 12.0), (0, 0), (71.0, 2.0), (-20.0, -18.0), (88.0, -19.0)]
[(40.0, 389.0), (30.0, 397.0), (48.0, 398.0), (-6.0, 336.0), (83.0, 336.0), (14.0, 198.0), (69.0, 198.0), (1.0, 95.0), (84.0, 95.0), (-5.0, 14.0), (79.0, 12.0), (0, 0), (72.0, 2.0), (-20.0, -17.0), (88.0, -19.0)]
[(40.0, 388.0), (30.0, 397.0), (48.0, 397.0), (-6.0, 336.0), (82.0, 337.0), (15.0, 198.0), (69.0, 199.0), (1.0, 96.0), (84.0, 97.0), (-5.0, 14.0), (79.0, 12.0), (0, 0), (71.0, 2.0), (-20.0, -15.0), (88.0, -19.0)]
[(40.0, 386.0), (30.0, 395.0), (48.0, 396.0), (-5.0, 336.0), (82.0, 337.0), (16.0, 199.0), (71.0, 200.0), (2.0, 96.0), (87.0, 98.0), (-4.0, 14.0), (80.0, 12.0), (0, 0), (71.0, 2.0), (-16.0, -15.0), (89.0, -19.0)]
[(39.0, 386.0), (30.0, 395.0), (48.0, 396.0), (-5.0, 335.0), (82.0, 337.0), (17.0, 199.0), (71.0, 200.0), (2.0, 96.0), (88.0, 98.0), (-4.0, 14.0), (80.0, 13.0), (0, 0), (71.0, 2.0), (-18.0, -15.0), (89.0, -19.0)]
[(39.0, 384.0), (30.0, 393.0), (48.0, 393.0), (-5.0, 335.0), (82.0, 337.0), (17.0, 198.0), (72.0, 199.0), (2.0, 96.0), (90.0, 98.0), (-4.0, 14.0), (80.0, 13.0), (0, 0), (72.0, 2.0), (-19.0, -15.0), (90.0, -19.0)]
[(39.0, 381.0), (30.0, 390.0), (48.0, 391.0), (-5.0, 335.0), (82.0, 336.0), (17.0, 196.0), (72.0, 197.0), (2.0, 95.0), (91.0, 97.0), (-5.0, 14.0), (81.0, 13.0), (0, 0), (72.0, 2.0), (-18.0, -14.0), (91.0, -19.0)]
[(39.0, 379.0), (30.0, 387.0), (48.0, 389.0), (-4.0, 333.0), (81.0, 334.0), (17.0, 194.0), (73.0, 194.0), (1.0, 94.0), (91.0, 96.0), (-5.0, 14.0), (81.0, 12.0), (0, 0), (73.0, 1.0), (-18.0, -15.0), (90.0, -22.0)]
[(39.0, 376.0), (30.0, 384.0), (48.0, 385.0), (-4.0, 332.0), (81.0, 334.0), (18.0, 192.0), (73.0, 193.0), (2.0, 94.0), (91.0, 96.0), (-5.0, 15.0), (83.0, 11.0), (0, 0), (74.0, 1.0), (-18.0, -14.0), (93.0, -21.0)]
[(40.0, 371.0), (31.0, 380.0), (49.0, 381.0), (-3.0, 330.0), (81.0, 333.0), (19.0, 191.0), (74.0, 192.0), (3.0, 94.0), (92.0, 96.0), (-4.0, 15.0), (85.0, 12.0), (0, 0), (77.0, 2.0), (-16.0, -13.0), (95.0, -20.0)]
[(40.0, 366.0), (31.0, 375.0), (49.0, 376.0), (-4.0, 325.0), (80.0, 327.0), (19.0, 186.0), (74.0, 187.0), (2.0, 91.0), (91.0, 93.0), (-4.0, 14.0), (85.0, 10.0), (0, 0), (77.0, 0.0), (-14.0, -15.0), (95.0, -22.0)]
[(40.0, 363.0), (31.0, 371.0), (48.0, 372.0), (-4.0, 323.0), (80.0, 323.0), (19.0, 184.0), (74.0, 184.0), (2.0, 90.0), (91.0, 92.0), (-4.0, 14.0), (86.0, 11.0), (0, 0), (78.0, 2.0), (-16.0, -14.0), (95.0, -20.0)]
[(40.0, 356.0), (31.0, 364.0), (48.0, 365.0), (-4.0, 317.0), (80.0, 316.0), (19.0, 178.0), (74.0, 179.0), (-0.0, 86.0), (90.0, 86.0), (-4.0, 13.0), (86.0, 8.0), (0, 0), (78.0, -1.0), (-16.0, -16.0), (94.0, -24.0)]
[(40.0, 352.0), (31.0, 360.0), (48.0, 361.0), (-4.0, 312.0), (80.0, 312.0), (18.0, 174.0), (73.0, 175.0), (-1.0, 85.0), (89.0, 85.0), (-4.0, 13.0), (86.0, 9.0), (0, 0), (78.0, 1.0), (-16.0, -16.0), (94.0, -22.0)]
[(39.0, 347.0), (30.0, 356.0), (47.0, 356.0), (-6.0, 307.0), (79.0, 307.0), (17.0, 171.0), (72.0, 172.0), (-3.0, 83.0), (87.0, 83.0), (-3.0, 13.0), (85.0, 9.0), (0, 0), (77.0, 0.0), (-16.0, -16.0), (93.0, -22.0)]
[(38.0, 341.0), (29.0, 350.0), (46.0, 350.0), (-7.0, 303.0), (78.0, 303.0), (16.0, 170.0), (71.0, 170.0), (-5.0, 83.0), (86.0, 82.0), (-4.0, 13.0), (84.0, 9.0), (0, 0), (76.0, 0.0), (-18.0, -16.0), (91.0, -21.0)]
[(38.0, 334.0), (28.0, 343.0), (46.0, 344.0), (-7.0, 299.0), (79.0, 300.0), (16.0, 170.0), (71.0, 170.0), (-5.0, 83.0), (86.0, 82.0), (-4.0, 12.0), (84.0, 9.0), (0, 0), (77.0, 1.0), (-17.0, -16.0), (90.0, -20.0)]
[(37.0, 329.0), (27.0, 338.0), (45.0, 339.0), (-8.0, 293.0), (78.0, 294.0), (15.0, 166.0), (69.0, 167.0), (-6.0, 83.0), (84.0, 81.0), (-4.0, 12.0), (81.0, 8.0), (0, 0), (74.0, 0.0), (-18.0, -16.0), (88.0, -21.0)]
[(37.0, 326.0), (27.0, 334.0), (45.0, 335.0), (-7.0, 288.0), (78.0, 288.0), (15.0, 165.0), (67.0, 165.0), (-7.0, 85.0), (84.0, 81.0), (-5.0, 13.0), (80.0, 6.0), (0, 0), (73.0, -3.0), (-20.0, -14.0), (88.0, -22.0)]
[(37.0, 320.0), (28.0, 328.0), (45.0, 329.0), (-7.0, 282.0), (78.0, 283.0), (14.0, 163.0), (66.0, 162.0), (-8.0, 83.0), (84.0, 79.0), (-6.0, 11.0), (80.0, 6.0), (0, 0), (73.0, -3.0), (-20.0, -17.0), (88.0, -22.0)]
[(36.0, 292.0), (28.0, 302.0), (45.0, 303.0), (-7.0, 262.0), (78.0, 260.0), (12.0, 156.0), (63.0, 158.0), (-9.0, 80.0), (83.0, 81.0), (-6.0, 11.0), (77.0, 8.0), (0, 0), (71.0, -1.0), (-20.0, -15.0), (87.0, -19.0)]
[(36.0, 282.0), (28.0, 292.0), (45.0, 292.0), (-6.0, 254.0), (78.0, 247.0), (12.0, 152.0), (62.0, 153.0), (-10.0, 79.0), (83.0, 79.0), (-6.0, 11.0), (77.0, 8.0), (0, 0), (70.0, 0.0), (-20.0, -16.0), (85.0, -19.0)]
[(35.0, 275.0), (27.0, 285.0), (44.0, 285.0), (-7.0, 247.0), (77.0, 242.0), (11.0, 149.0), (60.0, 151.0), (-13.0, 79.0), (81.0, 81.0), (-7.0, 10.0), (75.0, 9.0), (0, 0), (68.0, 1.0), (-21.0, -16.0), (84.0, -18.0)]
[(34.0, 263.0), (27.0, 273.0), (43.0, 274.0), (-7.0, 236.0), (78.0, 234.0), (11.0, 144.0), (60.0, 146.0), (-13.0, 75.0), (81.0, 76.0), (-7.0, 8.0), (75.0, 6.0), (0, 0), (68.0, -2.0), (-16.0, -20.0), (82.0, -22.0)]
[(34.0, 255.0), (26.0, 266.0), (43.0, 267.0), (-7.0, 233.0), (80.0, 226.0), (10.0, 143.0), (60.0, 143.0), (-12.0, 76.0), (80.0, 77.0), (-7.0, 8.0), (74.0, 6.0), (0, 0), (68.0, -3.0), (-16.0, -20.0), (81.0, -21.0)]
[(35.0, 251.0), (27.0, 261.0), (44.0, 261.0), (-6.0, 230.0), (81.0, 223.0), (11.0, 143.0), (61.0, 143.0), (-11.0, 82.0), (79.0, 90.0), (-6.0, 11.0), (75.0, 9.0), (0, 0), (69.0, 0.0), (-15.0, -17.0), (83.0, -18.0)]
[(34.0, 242.0), (26.0, 253.0), (43.0, 254.0), (-7.0, 224.0), (80.0, 219.0), (10.0, 141.0), (60.0, 141.0), (-13.0, 85.0), (77.0, 91.0), (-7.0, 10.0), (74.0, 9.0), (0, 0), (69.0, -1.0), (-17.0, -18.0), (82.0, -18.0)]
[(34.0, 235.0), (26.0, 246.0), (43.0, 247.0), (-7.0, 218.0), (80.0, 214.0), (10.0, 139.0), (59.0, 138.0), (-15.0, 84.0), (78.0, 93.0), (-7.0, 10.0), (74.0, 9.0), (0, 0), (70.0, -1.0), (-18.0, -18.0), (83.0, -18.0)]
[(34.0, 227.0), (26.0, 238.0), (43.0, 240.0), (-7.0, 213.0), (79.0, 211.0), (8.0, 135.0), (58.0, 134.0), (-17.0, 84.0), (78.0, 92.0), (-7.0, 10.0), (73.0, 9.0), (0, 0), (69.0, -1.0), (-18.0, -19.0), (82.0, -19.0)]
[(32.0, 212.0), (23.0, 223.0), (41.0, 225.0), (-10.0, 202.0), (76.0, 198.0), (3.0, 123.0), (54.0, 123.0), (-23.0, 77.0), (78.0, 87.0), (-7.0, 9.0), (73.0, 6.0), (0, 0), (69.0, -3.0), (-16.0, -22.0), (81.0, -22.0)]
[(32.0, 210.0), (23.0, 220.0), (41.0, 223.0), (-10.0, 201.0), (76.0, 197.0), (3.0, 125.0), (53.0, 124.0), (-24.0, 78.0), (78.0, 89.0), (-7.0, 10.0), (73.0, 9.0), (0, 0), (69.0, -1.0), (-16.0, -20.0), (81.0, -19.0)]
[(32.0, 205.0), (23.0, 216.0), (41.0, 218.0), (-10.0, 197.0), (76.0, 194.0), (3.0, 123.0), (52.0, 122.0), (-25.0, 77.0), (78.0, 89.0), (-7.0, 10.0), (73.0, 9.0), (0, 0), (69.0, -1.0), (-16.0, -21.0), (80.0, -20.0)]
[(31.0, 201.0), (22.0, 212.0), (40.0, 214.0), (-11.0, 193.0), (75.0, 190.0), (2.0, 123.0), (51.0, 123.0), (-26.0, 73.0), (77.0, 84.0), (-7.0, 9.0), (71.0, 8.0), (0, 0), (67.0, -1.0), (-17.0, -21.0), (79.0, -21.0)]
[(35.0, 273.0), (27.0, 283.0), (44.0, 284.0), (-5.0, 248.0), (79.0, 243.0), (11.0, 160.0), (59.0, 160.0), (-8.0, 91.0), (73.0, 95.0), (-6.0, 13.0), (73.0, 14.0), (0, 0), (69.0, 4.0), (-21.0, -12.0), (79.0, -12.0)]
[(36.0, 307.0), (28.0, 315.0), (45.0, 316.0), (-4.0, 271.0), (78.0, 271.0), (14.0, 170.0), (62.0, 173.0), (-4.0, 92.0), (77.0, 94.0), (-6.0, 15.0), (75.0, 15.0), (0, 0), (70.0, 4.0), (-21.0, -10.0), (83.0, -12.0)]
[(37.0, 313.0), (28.0, 321.0), (45.0, 322.0), (-4.0, 277.0), (77.0, 278.0), (14.0, 171.0), (62.0, 174.0), (-4.0, 93.0), (78.0, 93.0), (-6.0, 16.0), (75.0, 14.0), (0, 0), (70.0, 3.0), (-22.0, -9.0), (83.0, -12.0)]
[(38.0, 316.0), (29.0, 324.0), (46.0, 325.0), (-3.0, 278.0), (78.0, 280.0), (15.0, 170.0), (64.0, 172.0), (-3.0, 90.0), (79.0, 90.0), (-5.0, 15.0), (76.0, 11.0), (0, 0), (71.0, 0.0), (-21.0, -11.0), (84.0, -15.0)]
[(38.0, 323.0), (29.0, 331.0), (46.0, 332.0), (-3.0, 284.0), (77.0, 284.0), (15.0, 172.0), (64.0, 173.0), (-3.0, 91.0), (79.0, 90.0), (-5.0, 15.0), (76.0, 11.0), (0, 0), (71.0, -1.0), (-20.0, -13.0), (84.0, -15.0)]
[(38.0, 327.0), (29.0, 335.0), (46.0, 336.0), (-3.0, 286.0), (77.0, 289.0), (16.0, 172.0), (65.0, 173.0), (-3.0, 89.0), (79.0, 88.0), (-5.0, 14.0), (76.0, 10.0), (0, 0), (70.0, -2.0), (-19.0, -14.0), (84.0, -17.0)]