[(40.0, 389.0), (31.0, 397.0), (49.0, 397.0), (-10.0, 346.0), (83.0, 343.0), (12.0, 204.0), (62.0, 204.0), (-2.0, 107.0), (84.0, 107.0), (-7.0, 13.0), (95.0, 13.0), (0, 0), (90.0, 1.0), (-30.0, -20.0), (115.0, -16.0)]
[(36.0, 399.0), (28.0, 408.0), (47.0, 407.0), (-11.0, 355.0), (82.0, 352.0), (12.0, 208.0), (62.0, 208.0), (-0.0, 108.0), (81.0, 108.0), (-7.0, 13.0), (94.0, 13.0), (0, 0), (90.0, 1.0), (-30.0, -20.0), (115.0, -16.0)]
[(35.0, 403.0), (27.0, 411.0), (46.0, 411.0), (-11.0, 355.0), (81.0, 353.0), (12.0, 208.0), (62.0, 208.0), (1.0, 109.0), (80.0, 108.0), (-7.0, 14.0), (94.0, 13.0), (0, 0), (90.0, 1.0), (-30.0, -20.0), (114.0, -16.0)]
[(34.0, 402.0), (25.0, 410.0), (45.0, 410.0), (-12.0, 352.0), (81.0, 353.0), (12.0, 207.0), (62.0, 207.0), (2.0, 110.0), (78.0, 108.0), (-7.0, 14.0), (94.0, 13.0), (0, 0), (89.0, 1.0), (-30.0, -20.0), (114.0, -16.0)]
[(33.0, 402.0), (25.0, 410.0), (44.0, 410.0), (-12.0, 353.0), (81.0, 353.0), (12.0, 206.0), (62.0, 207.0), (3.0, 110.0), (78.0, 108.0), (-7.0, 14.0), (94.0, 13.0), (0, 0), (89.0, 1.0), (-30.0, -20.0), (114.0, -16.0)]
[(31.0, 401.0), (23.0, 409.0), (43.0, 409.0), (-12.0, 352.0), (80.0, 353.0), (12.0, 205.0), (62.0, 206.0), (3.0, 110.0), (78.0, 108.0), (-7.0, 14.0), (94.0, 13.0), (0, 0), (89.0, 1.0), (-31.0, -20.0), (114.0, -16.0)]
[(31.0, 401.0), (23.0, 409.0), (43.0, 409.0), (-12.0, 352.0), (80.0, 352.0), (12.0, 205.0), (62.0, 206.0), (3.0, 110.0), (78.0, 108.0), (-7.0, 14.0), (94.0, 13.0), (0, 0), (89.0, 1.0), (-31.0, -21.0), (113.0, -17.0)]
[(31.0, 402.0), (23.0, 410.0), (43.0, 410.0), (-12.0, 352.0), (80.0, 353.0), (12.0, 205.0), (62.0, 207.0), (3.0, 110.0), (78.0, 108.0), (-7.0, 14.0), (94.0, 13.0), (0, 0), (89.0, 1.0), (-31.0, -21.0), (113.0, -17.0)]
[(31.0, 402.0), (23.0, 410.0), (43.0, 409.0), (-12.0, 352.0), (80.0, 353.0), (12.0, 205.0), (63.0, 207.0), (3.0, 110.0), (79.0, 107.0), (-7.0, 13.0), (94.0, 13.0), (0, 0), (88.0, 1.0), (-31.0, -21.0), (113.0, -17.0)]
[(31.0, 402.0), (23.0, 410.0), (43.0, 409.0), (-12.0, 352.0), (79.0, 353.0), (12.0, 205.0), (63.0, 206.0), (3.0, 109.0), (79.0, 107.0), (-7.0, 13.0), (94.0, 14.0), (0, 0), (88.0, 1.0), (-32.0, -21.0), (113.0, -17.0)]
[(31.0, 402.0), (23.0, 410.0), (43.0, 409.0), (-12.0, 352.0), (80.0, 353.0), (12.0, 204.0), (63.0, 206.0), (2.0, 109.0), (79.0, 107.0), (-7.0, 13.0), (93.0, 14.0), (0, 0), (88.0, 2.0), (-32.0, -21.0), (112.0, -17.0)]
[(31.0, 401.0), (23.0, 409.0), (43.0, 409.0), (-13.0, 352.0), (80.0, 353.0), (12.0, 205.0), (63.0, 206.0), (2.0, 109.0), (79.0, 108.0), (-7.0, 13.0), (93.0, 14.0), (0, 0), (88.0, 2.0), (-32.0, -21.0), (112.0, -17.0)]
[(30.0, 400.0), (22.0, 408.0), (42.0, 408.0), (-14.0, 352.0), (79.0, 352.0), (11.0, 205.0), (62.0, 206.0), (1.0, 109.0), (78.0, 108.0), (-7.0, 13.0), (92.0, 15.0), (0, 0), (87.0, 2.0), (-33.0, -21.0), (111.0, -17.0)]
[(31.0, 399.0), (23.0, 408.0), (42.0, 407.0), (-14.0, 352.0), (79.0, 351.0), (12.0, 205.0), (62.0, 206.0), (1.0, 109.0), (78.0, 108.0), (-7.0, 14.0), (92.0, 15.0), (0, 0), (87.0, 2.0), (-33.0, -21.0), (111.0, -17.0)]
[(32.0, 399.0), (23.0, 407.0), (43.0, 407.0), (-14.0, 351.0), (79.0, 351.0), (12.0, 205.0), (62.0, 206.0), (1.0, 109.0), (78.0, 108.0), (-7.0, 14.0), (92.0, 15.0), (0, 0), (87.0, 2.0), (-33.0, -20.0), (111.0, -17.0)]
[(35.0, 397.0), (25.0, 407.0), (45.0, 406.0), (-13.0, 351.0), (80.0, 351.0), (12.0, 205.0), (62.0, 206.0), (1.0, 110.0), (78.0, 108.0), (-7.0, 14.0), (92.0, 15.0), (0, 0), (87.0, 2.0), (-33.0, -20.0), (111.0, -17.0)]
[(36.0, 393.0), (27.0, 404.0), (46.0, 402.0), (-12.0, 351.0), (81.0, 348.0), (12.0, 205.0), (62.0, 205.0), (1.0, 110.0), (79.0, 108.0), (-7.0, 14.0), (92.0, 15.0), (0, 0), (87.0, 2.0), (-33.0, -20.0), (111.0, -17.0)]
[(38.0, 386.0), (28.0, 397.0), (48.0, 395.0), (-12.0, 348.0), (83.0, 342.0), (12.0, 204.0), (62.0, 203.0), (1.0, 110.0), (79.0, 108.0), (-8.0, 14.0), (92.0, 15.0), (0, 0), (87.0, 2.0), (-33.0, -20.0), (111.0, -17.0)]
[(39.0, 385.0), (29.0, 396.0), (49.0, 394.0), (-11.0, 346.0), (84.0, 340.0), (12.0, 203.0), (62.0, 203.0), (-0.0, 110.0), (80.0, 108.0), (-8.0, 14.0), (92.0, 14.0), (0, 0), (86.0, 2.0), (-33.0, -20.0), (111.0, -17.0)]
[(42.0, 370.0), (31.0, 380.0), (50.0, 378.0), (-10.0, 338.0), (85.0, 332.0), (12.0, 202.0), (62.0, 200.0), (-0.0, 109.0), (81.0, 108.0), (-8.0, 14.0), (92.0, 12.0), (0, 0), (87.0, 2.0), (-32.0, -20.0), (111.0, -17.0)]
[(42.0, 361.0), (31.0, 370.0), (51.0, 369.0), (-9.0, 330.0), (86.0, 326.0), (12.0, 200.0), (62.0, 198.0), (-1.0, 108.0), (82.0, 108.0), (-8.0, 13.0), (92.0, 13.0), (0, 0), (87.0, 2.0), (-32.0, -20.0), (110.0, -17.0)]
[(43.0, 351.0), (34.0, 360.0), (52.0, 358.0), (-7.0, 323.0), (87.0, 318.0), (13.0, 197.0), (63.0, 195.0), (-0.0, 106.0), (85.0, 107.0), (-7.0, 13.0), (93.0, 13.0), (0, 0), (88.0, 2.0), (-30.0, -21.0), (111.0, -17.0)]
[(44.0, 332.0), (34.0, 343.0), (53.0, 341.0), (-7.0, 310.0), (89.0, 305.0), (13.0, 190.0), (64.0, 188.0), (-1.0, 106.0), (86.0, 106.0), (-7.0, 14.0), (93.0, 14.0), (0, 0), (88.0, 3.0), (-29.0, -20.0), (111.0, -16.0)]
[(44.0, 333.0), (34.0, 343.0), (53.0, 341.0), (-7.0, 308.0), (89.0, 304.0), (13.0, 190.0), (64.0, 188.0), (-2.0, 106.0), (86.0, 106.0), (-7.0, 14.0), (93.0, 15.0), (0, 0), (88.0, 4.0), (-29.0, -20.0), (111.0, -16.0)]
[(44.0, 313.0), (34.0, 324.0), (54.0, 323.0), (-7.0, 294.0), (89.0, 290.0), (13.0, 186.0), (65.0, 184.0), (-2.0, 105.0), (88.0, 107.0), (-7.0, 14.0), (93.0, 15.0), (0, 0), (89.0, 4.0), (-29.0, -20.0), (112.0, -16.0)]
[(45.0, 303.0), (35.0, 315.0), (55.0, 313.0), (-7.0, 288.0), (89.0, 285.0), (13.0, 184.0), (65.0, 182.0), (-2.0, 106.0), (89.0, 109.0), (-6.0, 15.0), (94.0, 16.0), (0, 0), (89.0, 4.0), (-28.0, -19.0), (112.0, -15.0)]
[(45.0, 303.0), (34.0, 315.0), (54.0, 314.0), (-8.0, 288.0), (88.0, 286.0), (12.0, 185.0), (64.0, 183.0), (-3.0, 106.0), (88.0, 111.0), (-7.0, 15.0), (93.0, 17.0), (0, 0), (88.0, 4.0), (-29.0, -19.0), (111.0, -14.0)]
[(45.0, 295.0), (34.0, 306.0), (54.0, 305.0), (-8.0, 283.0), (88.0, 280.0), (12.0, 182.0), (64.0, 180.0), (-4.0, 107.0), (88.0, 112.0), (-7.0, 15.0), (93.0, 18.0), (0, 0), (88.0, 5.0), (-29.0, -19.0), (112.0, -14.0)]
[(46.0, 282.0), (36.0, 292.0), (55.0, 291.0), (-7.0, 268.0), (88.0, 265.0), (12.0, 171.0), (64.0, 170.0), (-6.0, 107.0), (90.0, 112.0), (-7.0, 16.0), (93.0, 18.0), (0, 0), (88.0, 5.0), (-28.0, -19.0), (112.0, -14.0)]
[(48.0, 273.0), (37.0, 284.0), (56.0, 283.0), (-7.0, 262.0), (88.0, 261.0), (11.0, 170.0), (65.0, 169.0), (-7.0, 106.0), (91.0, 108.0), (-7.0, 15.0), (93.0, 18.0), (0, 0), (88.0, 5.0), (-28.0, -18.0), (112.0, -14.0)]
[(49.0, 273.0), (38.0, 285.0), (57.0, 283.0), (-6.0, 263.0), (89.0, 260.0), (12.0, 172.0), (66.0, 169.0), (-7.0, 103.0), (93.0, 107.0), (-6.0, 15.0), (94.0, 18.0), (0, 0), (89.0, 4.0), (-27.0, -18.0), (113.0, -13.0)]
[(50.0, 266.0), (39.0, 277.0), (58.0, 276.0), (-6.0, 256.0), (89.0, 254.0), (12.0, 168.0), (66.0, 166.0), (-8.0, 102.0), (93.0, 106.0), (-6.0, 15.0), (94.0, 18.0), (0, 0), (89.0, 5.0), (-27.0, -18.0), (113.0, -13.0)]
[(50.0, 255.0), (39.0, 266.0), (58.0, 265.0), (-6.0, 244.0), (89.0, 242.0), (12.0, 164.0), (67.0, 162.0), (-9.0, 102.0), (95.0, 105.0), (-6.0, 15.0), (94.0, 18.0), (0, 0), (89.0, 4.0), (-27.0, -18.0), (113.0, -13.0)]
[(50.0, 249.0), (39.0, 260.0), (58.0, 259.0), (-6.0, 238.0), (90.0, 236.0), (13.0, 159.0), (67.0, 157.0), (-10.0, 102.0), (96.0, 105.0), (-6.0, 15.0), (94.0, 18.0), (0, 0), (89.0, 4.0), (-27.0, -18.0), (113.0, -13.0)]
[(50.0, 247.0), (39.0, 259.0), (58.0, 258.0), (-6.0, 239.0), (90.0, 237.0), (13.0, 159.0), (68.0, 156.0), (-11.0, 102.0), (97.0, 105.0), (-6.0, 15.0), (94.0, 18.0), (0, 0), (89.0, 4.0), (-27.0, -18.0), (112.0, -13.0)]
[(50.0, 243.0), (39.0, 254.0), (58.0, 253.0), (-5.0, 234.0), (91.0, 233.0), (13.0, 156.0), (68.0, 153.0), (-11.0, 104.0), (97.0, 105.0), (-6.0, 15.0), (94.0, 18.0), (0, 0), (89.0, 3.0), (-27.0, -17.0), (112.0, -13.0)]
[(51.0, 233.0), (40.0, 245.0), (58.0, 243.0), (-5.0, 225.0), (90.0, 223.0), (13.0, 154.0), (68.0, 151.0), (-12.0, 106.0), (99.0, 105.0), (-6.0, 14.0), (94.0, 18.0), (0, 0), (89.0, 3.0), (-27.0, -17.0), (112.0, -13.0)]
[(51.0, 225.0), (40.0, 237.0), (59.0, 236.0), (-4.0, 220.0), (91.0, 215.0), (13.0, 152.0), (68.0, 148.0), (-13.0, 108.0), (100.0, 104.0), (-6.0, 14.0), (94.0, 18.0), (0, 0), (88.0, 2.0), (-27.0, -17.0), (112.0, -13.0)]
[(51.0, 222.0), (40.0, 233.0), (59.0, 232.0), (-4.0, 217.0), (90.0, 217.0), (14.0, 154.0), (68.0, 150.0), (-14.0, 109.0), (100.0, 103.0), (-7.0, 14.0), (94.0, 17.0), (0, 0), (88.0, 2.0), (-27.0, -17.0), (112.0, -12.0)]
[(52.0, 219.0), (40.0, 230.0), (59.0, 228.0), (-4.0, 212.0), (93.0, 210.0), (14.0, 153.0), (68.0, 148.0), (-14.0, 109.0), (100.0, 103.0), (-7.0, 14.0), (94.0, 17.0), (0, 0), (88.0, 1.0), (-27.0, -17.0), (112.0, -12.0)]
[(51.0, 213.0), (40.0, 223.0), (59.0, 222.0), (-3.0, 204.0), (91.0, 208.0), (14.0, 151.0), (68.0, 146.0), (-15.0, 108.0), (101.0, 102.0), (-7.0, 13.0), (94.0, 16.0), (0, 0), (87.0, 1.0), (-27.0, -18.0), (112.0, -13.0)]
[(51.0, 211.0), (40.0, 222.0), (59.0, 221.0), (-3.0, 203.0), (91.0, 205.0), (14.0, 150.0), (68.0, 145.0), (-16.0, 108.0), (101.0, 103.0), (-7.0, 13.0), (94.0, 16.0), (0, 0), (87.0, 1.0), (-26.0, -18.0), (112.0, -13.0)]
[(51.0, 209.0), (40.0, 220.0), (59.0, 219.0), (-3.0, 202.0), (92.0, 203.0), (14.0, 150.0), (67.0, 145.0), (-17.0, 106.0), (102.0, 103.0), (-7.0, 13.0), (94.0, 16.0), (0, 0), (87.0, 1.0), (-26.0, -18.0), (113.0, -13.0)]
[(51.0, 210.0), (40.0, 220.0), (59.0, 219.0), (-3.0, 204.0), (90.0, 207.0), (14.0, 149.0), (67.0, 145.0), (-17.0, 106.0), (102.0, 104.0), (-7.0, 13.0), (94.0, 16.0), (0, 0), (87.0, 1.0), (-27.0, -18.0), (113.0, -13.0)]
[(51.0, 210.0), (40.0, 220.0), (59.0, 219.0), (-3.0, 204.0), (89.0, 209.0), (14.0, 149.0), (67.0, 145.0), (-17.0, 107.0), (102.0, 105.0), (-7.0, 13.0), (94.0, 16.0), (0, 0), (87.0, 1.0), (-27.0, -18.0), (113.0, -13.0)]
[(51.0, 211.0), (40.0, 222.0), (59.0, 221.0), (-3.0, 206.0), (90.0, 208.0), (14.0, 148.0), (67.0, 144.0), (-17.0, 107.0), (102.0, 105.0), (-7.0, 13.0), (94.0, 16.0), (0, 0), (87.0, 1.0), (-27.0, -18.0), (113.0, -13.0)]
[(51.0, 211.0), (39.0, 223.0), (58.0, 222.0), (-3.0, 207.0), (90.0, 212.0), (14.0, 148.0), (67.0, 145.0), (-17.0, 106.0), (102.0, 102.0), (-7.0, 13.0), (94.0, 16.0), (0, 0), (87.0, 1.0), (-27.0, -18.0), (112.0, -13.0)]
[(50.0, 224.0), (38.0, 235.0), (58.0, 235.0), (-4.0, 215.0), (90.0, 219.0), (14.0, 151.0), (67.0, 147.0), (-17.0, 105.0), (102.0, 101.0), (-7.0, 13.0), (94.0, 16.0), (0, 0), (87.0, 1.0), (-27.0, -18.0), (112.0, -13.0)]
[(49.0, 226.0), (38.0, 237.0), (58.0, 237.0), (-4.0, 219.0), (90.0, 221.0), (14.0, 152.0), (67.0, 149.0), (-16.0, 105.0), (102.0, 100.0), (-7.0, 13.0), (94.0, 16.0), (0, 0), (87.0, 1.0), (-27.0, -18.0), (112.0, -13.0)]
[(49.0, 238.0), (38.0, 248.0), (58.0, 249.0), (-4.0, 227.0), (90.0, 225.0), (14.0, 155.0), (67.0, 152.0), (-16.0, 105.0), (101.0, 100.0), (-7.0, 13.0), (94.0, 16.0), (0, 0), (87.0, 1.0), (-27.0, -18.0), (111.0, -13.0)]
[(47.0, 268.0), (37.0, 277.0), (56.0, 277.0), (-5.0, 249.0), (90.0, 248.0), (14.0, 161.0), (67.0, 158.0), (-12.0, 104.0), (98.0, 100.0), (-7.0, 13.0), (94.0, 16.0), (0, 0), (87.0, 2.0), (-27.0, -18.0), (111.0, -13.0)]
[(46.0, 286.0), (36.0, 294.0), (56.0, 295.0), (-5.0, 259.0), (90.0, 257.0), (14.0, 166.0), (67.0, 164.0), (-10.0, 105.0), (95.0, 104.0), (-7.0, 13.0), (94.0, 15.0), (0, 0), (87.0, 2.0), (-25.0, -18.0), (111.0, -14.0)]
[(43.0, 318.0), (35.0, 326.0), (53.0, 326.0), (-5.0, 288.0), (88.0, 284.0), (15.0, 180.0), (67.0, 180.0), (-7.0, 105.0), (93.0, 105.0), (-7.0, 13.0), (94.0, 15.0), (0, 0), (87.0, 1.0), (-26.0, -18.0), (111.0, -14.0)]
[(44.0, 320.0), (35.0, 327.0), (53.0, 328.0), (-6.0, 289.0), (88.0, 285.0), (15.0, 182.0), (66.0, 182.0), (-6.0, 105.0), (92.0, 105.0), (-7.0, 14.0), (94.0, 15.0), (0, 0), (88.0, 2.0), (-26.0, -18.0), (111.0, -14.0)]
[(43.0, 337.0), (35.0, 344.0), (52.0, 344.0), (-6.0, 302.0), (88.0, 300.0), (15.0, 188.0), (66.0, 187.0), (-4.0, 106.0), (92.0, 107.0), (-6.0, 14.0), (94.0, 15.0), (0, 0), (88.0, 2.0), (-27.0, -19.0), (112.0, -14.0)]
[(43.0, 364.0), (35.0, 372.0), (52.0, 371.0), (-6.0, 324.0), (87.0, 321.0), (15.0, 195.0), (65.0, 193.0), (-2.0, 105.0), (91.0, 104.0), (-7.0, 12.0), (94.0, 13.0), (0, 0), (89.0, 0.0), (-28.0, -21.0), (113.0, -17.0)]