[(46.0, 396.0, 80.5), (36.0, 405.0, 80.5), (53.0, 404.0, 80.5), (-4.0, 345.0, 36), (85.0, 342.0, 47), (17.0, 214.0, 0), (67.0, 216.0, 0), (4.0, 109.0, 0), (87.0, 110.0, 0), (-7.0, 13.0, 0), (98.0, 15.0, 0), (0, 0, 0), (91.0, 2.0, 0), (-26.0, 0, 39), (120.0, 0, 36)]
[(45.0, 401.0, 62.0), (35.0, 409.0, 62.0), (53.0, 409.0, 62.0), (-6.0, 347.0, 31), (85.0, 343.0, 44), (17.0, 215.0, 0), (67.0, 216.0, 0), (6.0, 110.0, 0), (82.0, 111.0, 0), (-6.0, 14.0, 0), (97.0, 16.0, 0), (0, 0, 0), (92.0, 4.0, 0), (-25.0, 0, 39), (119.0, 0, 38)]
[(44.0, 401.0, 64.5), (34.0, 409.0, 64.5), (52.0, 409.0, 64.5), (-6.0, 349.0, 27), (85.0, 345.0, 41), (17.0, 216.0, 0), (67.0, 217.0, 0), (6.0, 110.0, 0), (81.0, 112.0, 0), (-6.0, 14.0, 0), (96.0, 16.0, 0), (0, 0, 0), (92.0, 4.0, 0), (-25.0, 0, 39), (118.0, 0, 38)]
[(44.0, 404.0, 29.5), (34.0, 412.0, 29.5), (52.0, 411.0, 29.5), (-6.0, 350.0, 0), (84.0, 349.0, 27), (17.0, 214.0, 0), (67.0, 217.0, 0), (7.0, 109.0, 0), (81.0, 112.0, 0), (-5.0, 14.0, 0), (96.0, 16.0, 0), (0, 0, 0), (92.0, 5.0, 0), (-24.0, 0, 40), (117.0, 0, 39)]
[(42.0, 404.0, 27.5), (33.0, 413.0, 27.5), (51.0, 412.0, 27.5), (-7.0, 350.0, 0), (83.0, 350.0, 21), (16.0, 214.0, 0), (66.0, 217.0, 0), (6.0, 109.0, 0), (79.0, 112.0, 0), (-6.0, 14.0, 0), (95.0, 16.0, 0), (0, 0, 0), (90.0, 5.0, 0), (-25.0, 0, 39), (116.0, 0, 38)]
[(42.0, 405.0, 24.5), (32.0, 413.0, 24.5), (51.0, 412.0, 24.5), (-7.0, 350.0, 0), (83.0, 350.0, 21), (16.0, 214.0, 0), (66.0, 217.0, 0), (6.0, 109.0, 0), (80.0, 111.0, 0), (-6.0, 14.0, 0), (95.0, 16.0, 0), (0, 0, 0), (90.0, 5.0, 0), (-25.0, 0, 39), (116.0, 0, 38)]
[(41.0, 405.0, 26.0), (32.0, 413.0, 26.0), (50.0, 412.0, 26.0), (-7.0, 350.0, 0), (82.0, 350.0, 24), (16.0, 214.0, 0), (66.0, 217.0, 2), (6.0, 109.0, 0), (80.0, 111.0, 2), (-6.0, 14.0, 0), (94.0, 16.0, 2), (0, 0, 0), (90.0, 6.0, 0), (-25.0, 0, 39), (116.0, 0, 38)]
[(41.0, 403.0, 40.0), (32.0, 412.0, 40.0), (50.0, 411.0, 40.0), (-7.0, 348.0, 14), (82.0, 348.0, 24), (16.0, 213.0, 0), (66.0, 215.0, 2), (6.0, 109.0, 0), (80.0, 110.0, 2), (-6.0, 14.0, 0), (94.0, 15.0, 2), (0, 0, 0), (90.0, 5.0, 0), (-25.0, 0, 39), (116.0, 0, 38)]
[(41.0, 401.0, 46.5), (32.0, 410.0, 46.5), (50.0, 409.0, 46.5), (-7.0, 348.0, 14), (82.0, 346.0, 29), (16.0, 213.0, 0), (66.0, 214.0, 2), (5.0, 109.0, 0), (80.0, 110.0, 2), (-6.0, 14.0, 0), (94.0, 15.0, 2), (0, 0, 0), (90.0, 5.0, 0), (-26.0, 0, 39), (116.0, 0, 38)]
[(41.0, 401.0, 52.0), (32.0, 409.0, 52.0), (50.0, 408.0, 52.0), (-7.0, 347.0, 21), (82.0, 345.0, 34), (16.0, 213.0, 0), (66.0, 214.0, 2), (5.0, 109.0, 0), (81.0, 110.0, 2), (-6.0, 14.0, 0), (94.0, 15.0, 2), (0, 0, 0), (90.0, 5.0, 0), (-26.0, 0, 39), (116.0, 0, 38)]
[(42.0, 398.0, 50.5), (32.0, 407.0, 50.5), (50.0, 406.0, 50.5), (-7.0, 346.0, 14), (82.0, 343.0, 35), (16.0, 211.0, 0), (66.0, 213.0, 0), (5.0, 109.0, 0), (81.0, 109.0, 0), (-6.0, 14.0, 0), (94.0, 15.0, 0), (0, 0, 0), (91.0, 4.0, 0), (-26.0, 0, 39), (116.0, 0, 39)]
[(42.0, 398.0, 55.0), (33.0, 406.0, 55.0), (50.0, 405.0, 55.0), (-7.0, 346.0, 20), (82.0, 343.0, 32), (16.0, 211.0, 6), (66.0, 212.0, 0), (5.0, 108.0, 6), (81.0, 109.0, 0), (-6.0, 14.0, 0), (94.0, 15.0, 0), (0, 0, 0), (91.0, 4.0, 0), (-26.0, 0, 39), (116.0, 0, 39)]
[(43.0, 398.0, 72.0), (34.0, 406.0, 72.0), (51.0, 404.0, 72.0), (-7.0, 345.0, 37), (84.0, 342.0, 38), (16.0, 212.0, 10), (66.0, 213.0, 0), (2.0, 109.0, 10), (84.0, 110.0, 0), (-6.0, 15.0, 0), (94.0, 16.0, 0), (0, 0, 0), (90.0, 5.0, 0), (-26.0, 0, 39), (116.0, 0, 38)]
[(45.0, 361.0, 68.5), (35.0, 370.0, 68.5), (52.0, 368.0, 68.5), (-7.0, 325.0, 13), (85.0, 318.0, 31), (14.0, 196.0, -30), (66.0, 196.0, -25), (-4.0, 108.0, 12), (94.0, 108.0, 16), (-6.0, 14.0, 0), (94.0, 15.0, 0), (0, 0, 0), (89.0, 3.0, 0), (-26.0, 0, 39), (117.0, 0, 37)]
[(45.0, 341.0, 83.5), (36.0, 351.0, 83.5), (52.0, 349.0, 83.5), (-7.0, 307.0, 23), (85.0, 298.0, 39), (14.0, 180.0, -25), (66.0, 181.0, -27), (-8.0, 102.0, 32), (102.0, 104.0, 27), (-6.0, 13.0, 0), (95.0, 14.0, 0), (0, 0, 0), (89.0, 2.0, 0), (-26.0, 0, 39), (118.0, 0, 36)]
[(45.0, 340.0, 85.0), (36.0, 349.0, 85.0), (52.0, 348.0, 85.0), (-6.0, 303.0, 27), (86.0, 294.0, 40), (14.0, 176.0, -22), (66.0, 176.0, -24), (-10.0, 100.0, 37), (105.0, 102.0, 32), (-6.0, 13.0, 0), (96.0, 14.0, 0), (0, 0, 0), (89.0, 2.0, 0), (-27.0, 0, 38), (118.0, 0, 36)]
[(46.0, 296.0, 86.5), (36.0, 307.0, 86.5), (54.0, 306.0, 86.5), (-5.0, 268.0, 25), (88.0, 264.0, 27), (19.0, 151.0, -43), (71.0, 154.0, -50), (-17.0, 101.0, 34), (108.0, 103.0, 29), (-7.0, 13.0, 0), (97.0, 14.0, 0), (0, 0, 0), (89.0, 2.0, 0), (-28.0, 0, 37), (117.0, 0, 37)]
[(47.0, 273.0, 117.5), (38.0, 283.0, 117.5), (55.0, 283.0, 117.5), (-2.0, 250.0, 46), (88.0, 250.0, 39), (20.0, 145.0, -40), (72.0, 148.0, -49), (-21.0, 99.0, 37), (109.0, 101.0, 32), (-8.0, 13.0, 0), (98.0, 13.0, 0), (0, 0, 0), (89.0, 1.0, 0), (-29.0, 0, 37), (118.0, 0, 37)]
[(48.0, 255.0, 141.5), (39.0, 265.0, 141.5), (56.0, 265.0, 141.5), (1.0, 234.0, 61), (90.0, 231.0, 57), (22.0, 136.0, -33), (74.0, 139.0, -41), (-22.0, 94.0, 45), (112.0, 96.0, 42), (-8.0, 12.0, 0), (99.0, 13.0, 0), (0, 0, 0), (90.0, 0.0, 0), (-30.0, 0, 36), (119.0, 0, 37)]
[(48.0, 256.0, 142.0), (39.0, 266.0, 142.0), (57.0, 266.0, 142.0), (1.0, 231.0, 64), (90.0, 228.0, 56), (23.0, 134.0, -31), (74.0, 136.0, -42), (-22.0, 93.0, 47), (112.0, 95.0, 42), (-8.0, 12.0, 0), (99.0, 12.0, 0), (0, 0, 0), (90.0, -1.0, 0), (-31.0, 0, 35), (120.0, 0, 36)]
[(48.0, 243.0, 147.5), (39.0, 252.0, 147.5), (56.0, 252.0, 147.5), (2.0, 220.0, 69), (90.0, 219.0, 55), (23.0, 128.0, -31), (74.0, 131.0, -47), (-22.0, 92.0, 49), (114.0, 96.0, 39), (-8.0, 12.0, 0), (98.0, 12.0, 0), (0, 0, 0), (89.0, -1.0, 0), (-31.0, 0, 35), (120.0, 0, 35)]
[(48.0, 242.0, 146.5), (39.0, 251.0, 146.5), (56.0, 251.0, 146.5), (2.0, 218.0, 67), (90.0, 217.0, 57), (23.0, 129.0, -35), (73.0, 132.0, -47), (-22.0, 93.0, 45), (115.0, 96.0, 37), (-8.0, 11.0, 0), (98.0, 11.0, 0), (0, 0, 0), (89.0, -1.0, 0), (-31.0, 0, 35), (120.0, 0, 35)]
[(49.0, 229.0, 146.0), (39.0, 239.0, 146.0), (57.0, 239.0, 146.0), (2.0, 207.0, 68), (90.0, 208.0, 52), (23.0, 119.0, -35), (73.0, 122.0, -51), (-23.0, 91.0, 48), (115.0, 96.0, 37), (-8.0, 11.0, 0), (98.0, 11.0, 0), (0, 0, 0), (88.0, -1.0, 0), (-31.0, 0, 35), (120.0, 0, 34)]
[(48.0, 209.0, 146.0), (38.0, 218.0, 146.0), (56.0, 218.0, 146.0), (1.0, 187.0, 69), (89.0, 188.0, 50), (25.0, 100.0, -34), (72.0, 101.0, -52), (-27.0, 90.0, 50), (116.0, 96.0, 38), (-9.0, 12.0, 0), (97.0, 12.0, 0), (0, 0, 0), (88.0, 2.0, 0), (-32.0, 0, 34), (117.0, 0, 36)]
[(48.0, 200.0, 149.0), (38.0, 211.0, 149.0), (56.0, 210.0, 149.0), (2.0, 183.0, 70), (89.0, 183.0, 50), (25.0, 94.0, -32), (73.0, 95.0, -52), (-27.0, 89.0, 52), (118.0, 96.0, 38), (-9.0, 12.0, 0), (98.0, 12.0, 0), (0, 0, 0), (88.0, 2.0, 0), (-31.0, 0, 35), (118.0, 0, 36)]
[(46.0, 202.0, 144.0), (37.0, 212.0, 144.0), (55.0, 212.0, 144.0), (1.0, 183.0, 68), (87.0, 183.0, 46), (25.0, 91.0, -31), (72.0, 89.0, -50), (-28.0, 89.0, 52), (117.0, 96.0, 40), (-10.0, 12.0, 0), (97.0, 13.0, 0), (0, 0, 0), (87.0, 2.0, 0), (-32.0, 0, 34), (117.0, 0, 36)]
[(45.0, 199.0, 142.0), (36.0, 210.0, 142.0), (55.0, 209.0, 142.0), (1.0, 182.0, 66), (87.0, 181.0, 44), (25.0, 89.0, -32), (71.0, 86.0, -51), (-30.0, 89.0, 50), (118.0, 96.0, 37), (-10.0, 11.0, 0), (97.0, 12.0, 0), (0, 0, 0), (87.0, 1.0, 0), (-31.0, 0, 35), (117.0, 0, 36)]
[(45.0, 208.0, 143.5), (36.0, 217.0, 143.5), (54.0, 218.0, 143.5), (1.0, 192.0, 66), (86.0, 189.0, 47), (24.0, 100.0, -33), (70.0, 98.0, -52), (-29.0, 89.0, 50), (117.0, 96.0, 37), (-10.0, 11.0, 0), (96.0, 12.0, 0), (0, 0, 0), (87.0, 2.0, 0), (-30.0, 0, 36), (116.0, 0, 36)]
[(45.0, 218.0, 138.0), (36.0, 227.0, 138.0), (54.0, 227.0, 138.0), (1.0, 199.0, 62), (85.0, 197.0, 46), (21.0, 103.0, -34), (69.0, 104.0, -51), (-29.0, 89.0, 50), (116.0, 96.0, 38), (-10.0, 11.0, 0), (96.0, 12.0, 0), (0, 0, 0), (87.0, 1.0, 0), (-29.0, 0, 37), (116.0, 0, 37)]
[(45.0, 221.0, 137.5), (36.0, 230.0, 137.5), (53.0, 231.0, 137.5), (1.0, 201.0, 61), (85.0, 200.0, 47), (19.0, 106.0, -37), (69.0, 107.0, -50), (-28.0, 90.0, 49), (116.0, 96.0, 38), (-10.0, 11.0, 0), (96.0, 12.0, 0), (0, 0, 0), (87.0, 1.0, 0), (-29.0, 0, 37), (116.0, 0, 37)]
[(44.0, 228.0, 148.5), (35.0, 236.0, 148.5), (51.0, 237.0, 148.5), (1.0, 209.0, 68), (85.0, 208.0, 55), (18.0, 119.0, -34), (68.0, 118.0, -45), (-27.0, 90.0, 49), (116.0, 95.0, 40), (-10.0, 11.0, 0), (96.0, 12.0, 0), (0, 0, 0), (87.0, 1.0, 0), (-28.0, 0, 37), (116.0, 0, 37)]
[(43.0, 232.0, 148.5), (35.0, 240.0, 148.5), (50.0, 241.0, 148.5), (1.0, 212.0, 68), (85.0, 211.0, 55), (16.0, 122.0, -35), (68.0, 121.0, -45), (-27.0, 91.0, 48), (115.0, 95.0, 40), (-10.0, 11.0, 0), (96.0, 12.0, 0), (0, 0, 0), (87.0, 1.0, 0), (-28.0, 0, 37), (117.0, 0, 36)]
[(42.0, 263.0, 151.0), (34.0, 273.0, 151.0), (50.0, 272.0, 151.0), (1.0, 240.0, 68), (84.0, 237.0, 64), (16.0, 140.0, -25), (67.0, 142.0, -31), (-24.0, 90.0, 50), (113.0, 94.0, 45), (-10.0, 11.0, 0), (96.0, 13.0, 0), (0, 0, 0), (87.0, 1.0, 0), (-28.0, 0, 37), (117.0, 0, 36)]
[(42.0, 283.0, 145.5), (34.0, 291.0, 145.5), (50.0, 291.0, 145.5), (1.0, 256.0, 65), (83.0, 256.0, 61), (16.0, 152.0, -23), (67.0, 153.0, -26), (-21.0, 93.0, 47), (111.0, 95.0, 44), (-9.0, 12.0, 0), (96.0, 13.0, 0), (0, 0, 0), (87.0, 2.0, 0), (-28.0, 0, 37), (117.0, 0, 36)]
[(41.0, 283.0, 149.5), (34.0, 291.0, 149.5), (50.0, 291.0, 149.5), (2.0, 256.0, 69), (82.0, 258.0, 61), (16.0, 154.0, -22), (68.0, 155.0, -26), (-19.0, 93.0, 48), (109.0, 95.0, 44), (-9.0, 12.0, 0), (96.0, 13.0, 0), (0, 0, 0), (87.0, 2.0, 0), (-29.0, 0, 37), (117.0, 0, 36)]
[(43.0, 301.0, 136.0), (35.0, 309.0, 136.0), (51.0, 309.0, 136.0), (3.0, 271.0, 61), (83.0, 269.0, 56), (17.0, 162.0, -21), (69.0, 163.0, -27), (-17.0, 95.0, 43), (107.0, 97.0, 39), (-8.0, 11.0, 0), (97.0, 12.0, 0), (0, 0, 0), (88.0, 1.0, 0), (-28.0, 0, 37), (118.0, 0, 36)]
[(43.0, 342.0, 153.0), (35.0, 350.0, 153.0), (51.0, 350.0, 153.0), (-0.0, 304.0, 76), (84.0, 299.0, 74), (16.0, 188.0, 4), (66.0, 188.0, -2), (-13.0, 99.0, 37), (101.0, 100.0, 33), (-8.0, 12.0, 0), (97.0, 12.0, 0), (0, 0, 0), (89.0, 1.0, 0), (-28.0, 0, 37), (118.0, 0, 37)]
[(44.0, 358.0, 144.0), (36.0, 367.0, 144.0), (52.0, 366.0, 144.0), (-3.0, 321.0, 69), (85.0, 315.0, 70), (16.0, 199.0, 9), (66.0, 199.0, 2), (-7.0, 104.0, 26), (98.0, 105.0, 21), (-7.0, 13.0, 0), (98.0, 13.0, 0), (0, 0, 0), (91.0, 2.0, 0), (-27.0, 0, 38), (119.0, 0, 37)]
[(43.0, 365.0, 89.0), (35.0, 372.0, 89.0), (51.0, 372.0, 89.0), (-4.0, 322.0, 34), (85.0, 315.0, 46), (16.0, 201.0, -28), (67.0, 202.0, -27), (-4.0, 108.0, 0), (96.0, 109.0, 0), (-7.0, 13.0, 0), (98.0, 14.0, 0), (0, 0, 0), (91.0, 2.0, 0), (-26.0, 0, 39), (119.0, 0, 37)]