[(38.0, 383.0, 74.0), (29.0, 392.0, 74.0), (45.0, 392.0, 74.0), (-8.0, 339.0, 22), (80.0, 334.0, 40), (16.0, 203.0, 22), (66.0, 204.0, 4), (-4.0, 104.0, 22), (91.0, 106.0, 4), (-8.0, 12.0, 0), (98.0, 12.0, 0), (0, 0, 0), (91.0, 0.0, 0), (-28.0, 0, 37), (120.0, 0, 37)]
[(39.0, 383.0, 82.5), (30.0, 391.0, 82.5), (46.0, 391.0, 82.5), (-8.0, 340.0, 26), (81.0, 336.0, 45), (16.0, 207.0, 0), (66.0, 209.0, 0), (-2.0, 108.0, 0), (91.0, 109.0, 0), (-7.0, 12.0, 0), (99.0, 12.0, 0), (0, 0, 0), (92.0, 0.0, 0), (-27.0, 0, 38), (121.0, 0, 37)]
[(37.0, 393.0, 55.0), (27.0, 402.0, 55.0), (44.0, 403.0, 55.0), (-10.0, 345.0, 10), (80.0, 344.0, 32), (15.0, 210.0, 0), (65.0, 213.0, 0), (1.0, 108.0, 0), (85.0, 110.0, 0), (-7.0, 12.0, 0), (97.0, 12.0, 0), (0, 0, 0), (91.0, 0.0, 0), (-28.0, 0, 37), (119.0, 0, 37)]
[(35.0, 401.0, 41.0), (25.0, 410.0, 41.0), (42.0, 411.0, 41.0), (-12.0, 344.0, 24), (79.0, 344.0, 32), (14.0, 211.0, 0), (64.0, 213.0, 0), (4.0, 108.0, 0), (79.0, 111.0, 0), (-7.0, 12.0, 0), (96.0, 12.0, 0), (0, 0, 0), (90.0, 1.0, 0), (-27.0, 0, 38), (118.0, 0, 37)]
[(34.0, 400.0, 45.0), (25.0, 410.0, 45.0), (42.0, 410.0, 45.0), (-11.0, 345.0, 19), (79.0, 347.0, 16), (14.0, 211.0, 0), (64.0, 213.0, 0), (5.0, 108.0, 0), (79.0, 110.0, 0), (-7.0, 12.0, 0), (95.0, 12.0, 0), (0, 0, 0), (90.0, 2.0, 0), (-27.0, 0, 38), (118.0, 0, 37)]
[(34.0, 401.0, 34.0), (25.0, 410.0, 34.0), (42.0, 410.0, 34.0), (-11.0, 346.0, 10), (79.0, 347.0, 16), (14.0, 211.0, 0), (64.0, 213.0, 0), (5.0, 108.0, 0), (79.0, 109.0, 0), (-7.0, 12.0, 0), (95.0, 12.0, 0), (0, 0, 0), (90.0, 2.0, 0), (-27.0, 0, 38), (118.0, 0, 37)]
[(34.0, 401.0, 21.0), (24.0, 410.0, 21.0), (43.0, 410.0, 21.0), (-11.0, 347.0, 0), (79.0, 349.0, 0), (14.0, 211.0, 0), (64.0, 214.0, 0), (6.0, 108.0, 0), (78.0, 110.0, 0), (-7.0, 12.0, 0), (95.0, 13.0, 0), (0, 0, 0), (90.0, 2.0, 0), (-27.0, 0, 38), (118.0, 0, 37)]
[(34.0, 401.0, 21.0), (24.0, 410.0, 21.0), (43.0, 410.0, 21.0), (-11.0, 347.0, 0), (79.0, 349.0, 0), (14.0, 211.0, 0), (64.0, 214.0, 0), (6.0, 107.0, 0), (78.0, 110.0, 0), (-7.0, 13.0, 0), (95.0, 13.0, 0), (0, 0, 0), (90.0, 2.0, 0), (-27.0, 0, 38), (118.0, 0, 37)]
[(34.0, 401.0, 34.5), (25.0, 410.0, 34.5), (43.0, 410.0, 34.5), (-11.0, 348.0, 5), (78.0, 348.0, 17), (14.0, 212.0, 5), (64.0, 214.0, 0), (5.0, 108.0, 5), (78.0, 110.0, 0), (-7.0, 14.0, 0), (95.0, 14.0, 0), (0, 0, 0), (90.0, 3.0, 0), (-27.0, 0, 38), (118.0, 0, 37)]
[(34.0, 400.0, 31.0), (25.0, 409.0, 31.0), (43.0, 409.0, 31.0), (-11.0, 348.0, 0), (78.0, 348.0, 16), (14.0, 212.0, 0), (63.0, 214.0, 0), (5.0, 109.0, 0), (78.0, 110.0, 0), (-7.0, 14.0, 0), (95.0, 14.0, 0), (0, 0, 0), (90.0, 3.0, 0), (-27.0, 0, 38), (118.0, 0, 37)]
[(34.0, 399.0, 33.0), (25.0, 408.0, 33.0), (43.0, 408.0, 33.0), (-10.0, 347.0, 0), (79.0, 346.0, 22), (14.0, 211.0, 0), (63.0, 213.0, 0), (4.0, 109.0, 0), (79.0, 110.0, 0), (-7.0, 14.0, 0), (95.0, 14.0, 0), (0, 0, 0), (90.0, 3.0, 0), (-28.0, 0, 37), (118.0, 0, 37)]
[(36.0, 395.0, 51.0), (26.0, 405.0, 51.0), (44.0, 404.0, 51.0), (-10.0, 346.0, 9), (79.0, 343.0, 32), (13.0, 210.0, 9), (63.0, 212.0, 0), (2.0, 108.0, 9), (80.0, 110.0, 0), (-7.0, 14.0, 0), (95.0, 14.0, 0), (0, 0, 0), (90.0, 3.0, 0), (-28.0, 0, 37), (118.0, 0, 37)]
[(37.0, 395.0, 53.5), (27.0, 404.0, 53.5), (45.0, 403.0, 53.5), (-10.0, 345.0, 14), (80.0, 342.0, 31), (13.0, 210.0, 0), (63.0, 211.0, 0), (1.0, 108.0, 0), (80.0, 109.0, 0), (-7.0, 13.0, 0), (95.0, 14.0, 0), (0, 0, 0), (90.0, 3.0, 0), (-28.0, 0, 37), (118.0, 0, 37)]
[(41.0, 372.0, 80.0), (30.0, 382.0, 80.0), (48.0, 380.0, 80.0), (-9.0, 333.0, 26), (82.0, 325.0, 34), (14.0, 198.0, 12), (64.0, 200.0, -16), (-6.0, 103.0, 32), (89.0, 107.0, 14), (-7.0, 14.0, 0), (96.0, 14.0, 0), (0, 0, 0), (91.0, 3.0, 0), (-28.0, 0, 37), (118.0, 0, 38)]
[(41.0, 352.0, 82.5), (32.0, 361.0, 82.5), (48.0, 359.0, 82.5), (-9.0, 315.0, 30), (84.0, 309.0, 25), (14.0, 184.0, -5), (65.0, 185.0, -27), (-11.0, 99.0, 39), (97.0, 104.0, 24), (-7.0, 13.0, 0), (96.0, 13.0, 0), (0, 0, 0), (91.0, 2.0, 0), (-28.0, 0, 37), (118.0, 0, 38)]
[(42.0, 349.0, 82.5), (33.0, 358.0, 82.5), (49.0, 357.0, 82.5), (-8.0, 311.0, 26), (85.0, 303.0, 37), (14.0, 180.0, -10), (65.0, 181.0, -19), (-12.0, 98.0, 39), (100.0, 101.0, 31), (-7.0, 12.0, 0), (96.0, 12.0, 0), (0, 0, 0), (90.0, 1.0, 0), (-28.0, 0, 37), (118.0, 0, 37)]
[(43.0, 327.0, 93.5), (35.0, 336.0, 93.5), (50.0, 335.0, 93.5), (-7.0, 294.0, 32), (85.0, 288.0, 35), (13.0, 168.0, -19), (65.0, 170.0, -29), (-15.0, 96.0, 43), (105.0, 100.0, 32), (-8.0, 12.0, 0), (96.0, 12.0, 0), (0, 0, 0), (90.0, 1.0, 0), (-28.0, 0, 37), (117.0, 0, 38)]
[(43.0, 282.0, 113.5), (34.0, 292.0, 113.5), (50.0, 291.0, 113.5), (-6.0, 257.0, 44), (85.0, 256.0, 39), (15.0, 148.0, -37), (68.0, 149.0, -42), (-21.0, 97.0, 40), (111.0, 99.0, 34), (-8.0, 12.0, 0), (98.0, 12.0, 0), (0, 0, 0), (90.0, 1.0, 0), (-28.0, 0, 37), (117.0, 0, 38)]
[(44.0, 263.0, 145.5), (34.0, 273.0, 145.5), (51.0, 273.0, 145.5), (-4.0, 237.0, 67), (86.0, 236.0, 57), (17.0, 139.0, -27), (69.0, 142.0, -39), (-23.0, 91.0, 50), (112.0, 96.0, 40), (-8.0, 12.0, 0), (98.0, 12.0, 0), (0, 0, 0), (90.0, 0.0, 0), (-28.0, 0, 37), (118.0, 0, 37)]
[(45.0, 262.0, 163.5), (36.0, 271.0, 163.5), (53.0, 271.0, 163.5), (-2.0, 237.0, 79), (87.0, 237.0, 67), (20.0, 140.0, -16), (71.0, 145.0, -31), (-23.0, 87.0, 56), (114.0, 94.0, 44), (-9.0, 12.0, 0), (99.0, 12.0, 0), (0, 0, 0), (91.0, 0.0, 0), (-28.0, 0, 37), (119.0, 0, 37)]
[(45.0, 243.0, 159.5), (35.0, 254.0, 159.5), (53.0, 253.0, 159.5), (-1.0, 221.0, 77), (88.0, 222.0, 61), (21.0, 129.0, -23), (72.0, 132.0, -39), (-23.0, 87.0, 55), (115.0, 93.0, 43), (-9.0, 11.0, 0), (99.0, 11.0, 0), (0, 0, 0), (91.0, 0.0, 0), (-28.0, 0, 37), (119.0, 0, 37)]
[(45.0, 244.0, 153.5), (35.0, 254.0, 153.5), (53.0, 254.0, 153.5), (-1.0, 220.0, 72), (88.0, 220.0, 61), (21.0, 128.0, -28), (71.0, 131.0, -40), (-22.0, 89.0, 52), (115.0, 94.0, 43), (-9.0, 11.0, 0), (99.0, 12.0, 0), (0, 0, 0), (91.0, 0.0, 0), (-29.0, 0, 37), (119.0, 0, 37)]
[(44.0, 217.0, 143.5), (34.0, 226.0, 143.5), (52.0, 227.0, 143.5), (-1.0, 196.0, 65), (87.0, 196.0, 51), (21.0, 105.0, -35), (70.0, 104.0, -47), (-26.0, 90.0, 51), (117.0, 95.0, 42), (-9.0, 12.0, 0), (98.0, 13.0, 0), (0, 0, 0), (89.0, 1.0, 0), (-31.0, 0, 35), (118.0, 0, 37)]
[(43.0, 206.0, 146.0), (33.0, 216.0, 146.0), (51.0, 216.0, 146.0), (-1.0, 187.0, 66), (86.0, 189.0, 52), (21.0, 97.0, -35), (69.0, 97.0, -46), (-27.0, 90.0, 51), (117.0, 95.0, 42), (-10.0, 12.0, 0), (97.0, 13.0, 0), (0, 0, 0), (88.0, 2.0, 0), (-30.0, 0, 36), (117.0, 0, 36)]
[(43.0, 204.0, 144.0), (33.0, 214.0, 144.0), (51.0, 214.0, 144.0), (1.0, 184.0, 66), (85.0, 185.0, 50), (21.0, 92.0, -34), (69.0, 90.0, -45), (-28.0, 89.0, 52), (118.0, 95.0, 43), (-10.0, 12.0, 0), (97.0, 14.0, 0), (0, 0, 0), (88.0, 3.0, 0), (-29.0, 0, 37), (117.0, 0, 36)]
[(42.0, 203.0, 144.5), (33.0, 214.0, 144.5), (51.0, 213.0, 144.5), (-0.0, 183.0, 66), (84.0, 185.0, 51), (21.0, 91.0, -34), (69.0, 89.0, -43), (-28.0, 88.0, 52), (120.0, 93.0, 44), (-9.0, 11.0, 0), (97.0, 13.0, 0), (0, 0, 0), (88.0, 2.0, 0), (-28.0, 0, 37), (117.0, 0, 36)]
[(42.0, 209.0, 150.0), (33.0, 219.0, 150.0), (51.0, 219.0, 150.0), (-0.0, 191.0, 68), (84.0, 191.0, 56), (22.0, 100.0, -32), (70.0, 100.0, -43), (-28.0, 88.0, 52), (118.0, 93.0, 45), (-9.0, 11.0, 0), (97.0, 13.0, 0), (0, 0, 0), (88.0, 2.0, 0), (-27.0, 0, 38), (117.0, 0, 36)]
[(42.0, 219.0, 148.0), (32.0, 228.0, 148.0), (50.0, 228.0, 148.0), (-1.0, 199.0, 68), (82.0, 201.0, 54), (20.0, 107.0, -32), (69.0, 107.0, -43), (-28.0, 88.0, 52), (116.0, 93.0, 45), (-10.0, 11.0, 0), (96.0, 13.0, 0), (0, 0, 0), (87.0, 2.0, 0), (-28.0, 0, 37), (116.0, 0, 36)]
[(41.0, 223.0, 158.0), (32.0, 234.0, 158.0), (49.0, 234.0, 158.0), (-1.0, 205.0, 73), (82.0, 206.0, 62), (18.0, 119.0, -32), (68.0, 119.0, -41), (-28.0, 89.0, 50), (116.0, 94.0, 44), (-10.0, 11.0, 0), (96.0, 13.0, 0), (0, 0, 0), (87.0, 1.0, 0), (-28.0, 0, 37), (117.0, 0, 36)]
[(41.0, 227.0, 159.5), (32.0, 238.0, 159.5), (48.0, 238.0, 159.5), (-1.0, 208.0, 74), (82.0, 209.0, 65), (16.0, 123.0, -32), (67.0, 123.0, -39), (-28.0, 90.0, 50), (116.0, 95.0, 44), (-10.0, 12.0, 0), (96.0, 14.0, 0), (0, 0, 0), (87.0, 2.0, 0), (-28.0, 0, 37), (117.0, 0, 36)]
[(40.0, 268.0, 152.5), (31.0, 276.0, 152.5), (48.0, 277.0, 152.5), (-1.0, 244.0, 72), (79.0, 245.0, 59), (15.0, 143.0, -20), (66.0, 144.0, -30), (-26.0, 90.0, 53), (112.0, 95.0, 45), (-10.0, 13.0, 0), (96.0, 14.0, 0), (0, 0, 0), (87.0, 2.0, 0), (-29.0, 0, 37), (118.0, 0, 35)]
[(40.0, 289.0, 157.0), (31.0, 296.0, 157.0), (48.0, 298.0, 157.0), (-0.0, 262.0, 75), (79.0, 265.0, 62), (16.0, 156.0, -11), (66.0, 158.0, -20), (-22.0, 90.0, 52), (109.0, 94.0, 45), (-9.0, 12.0, 0), (97.0, 12.0, 0), (0, 0, 0), (88.0, 1.0, 0), (-30.0, 0, 36), (120.0, 0, 34)]
[(38.0, 315.0, 140.0), (29.0, 322.0, 140.0), (45.0, 323.0, 140.0), (-1.0, 281.0, 66), (79.0, 278.0, 60), (15.0, 166.0, -7), (65.0, 167.0, -17), (-20.0, 92.0, 49), (105.0, 96.0, 42), (-9.0, 12.0, 0), (97.0, 12.0, 0), (0, 0, 0), (88.0, 0.0, 0), (-30.0, 0, 36), (119.0, 0, 35)]
[(39.0, 316.0, 142.5), (31.0, 324.0, 142.5), (47.0, 324.0, 142.5), (-0.0, 284.0, 67), (80.0, 281.0, 59), (16.0, 169.0, -6), (66.0, 169.0, -16), (-18.0, 93.0, 48), (105.0, 96.0, 42), (-8.0, 12.0, 0), (98.0, 12.0, 0), (0, 0, 0), (89.0, 0.0, 0), (-27.0, 0, 38), (120.0, 0, 35)]
[(38.0, 337.0, 137.0), (30.0, 345.0, 137.0), (46.0, 345.0, 137.0), (-3.0, 304.0, 64), (80.0, 301.0, 56), (15.0, 183.0, 1), (66.0, 183.0, -9), (-16.0, 98.0, 41), (102.0, 100.0, 36), (-8.0, 13.0, 0), (98.0, 13.0, 0), (0, 0, 0), (90.0, 1.0, 0), (-28.0, 0, 37), (120.0, 0, 36)]
[(40.0, 338.0, 133.5), (32.0, 346.0, 133.5), (47.0, 346.0, 133.5), (-3.0, 305.0, 60), (81.0, 299.0, 59), (15.0, 184.0, -3), (65.0, 184.0, -11), (-14.0, 99.0, 39), (102.0, 101.0, 33), (-7.0, 13.0, 0), (99.0, 13.0, 0), (0, 0, 0), (91.0, 1.0, 0), (-26.0, 0, 39), (121.0, 0, 36)]
[(39.0, 381.0, 112.5), (30.0, 390.0, 112.5), (46.0, 389.0, 112.5), (-7.0, 336.0, 53), (81.0, 332.0, 55), (16.0, 205.0, 18), (65.0, 207.0, 5), (-4.0, 106.0, 18), (93.0, 107.0, 5), (-7.0, 13.0, 0), (99.0, 13.0, 0), (0, 0, 0), (92.0, 1.0, 0), (-26.0, 0, 39), (121.0, 0, 37)]