[(34.0, 367.0, 135.5), (26.0, 376.0, 135.5), (41.0, 375.0, 135.5), (-13.0, 331.0, 74), (77.0, 326.0, 49), (10.0, 205.0, 25), (62.0, 206.0, -13), (-9.0, 103.0, 25), (85.0, 109.0, 0), (-8.0, 12.0, 0), (87.0, 13.0, 0), (0, 0, 0), (80.0, 1.0, 0), (-30.0, 0, 36), (109.0, 0, 36)]
[(33.0, 393.0, 84.0), (24.0, 402.0, 84.0), (41.0, 402.0, 84.0), (-14.0, 344.0, 44), (77.0, 342.0, 40), (11.0, 211.0, 20), (62.0, 213.0, 0), (-2.0, 104.0, 20), (77.0, 110.0, 0), (-8.0, 12.0, 0), (87.0, 13.0, 0), (0, 0, 0), (80.0, 1.0, 0), (-31.0, 0, 35), (109.0, 0, 36)]
[(33.0, 399.0, 22.5), (24.0, 409.0, 22.5), (41.0, 409.0, 22.5), (-16.0, 346.0, 0), (76.0, 345.0, 33), (11.0, 211.0, 0), (62.0, 214.0, 0), (1.0, 107.0, 0), (74.0, 110.0, 0), (-8.0, 12.0, 0), (87.0, 13.0, 0), (0, 0, 0), (80.0, 1.0, 0), (-31.0, 0, 35), (109.0, 0, 36)]
[(32.0, 400.0, 28.5), (23.0, 410.0, 28.5), (41.0, 409.0, 28.5), (-17.0, 346.0, 12), (76.0, 346.0, 33), (11.0, 212.0, 0), (62.0, 215.0, 0), (2.0, 108.0, 0), (72.0, 110.0, 0), (-7.0, 12.0, 0), (87.0, 13.0, 0), (0, 0, 0), (80.0, 2.0, 0), (-31.0, 0, 35), (109.0, 0, 36)]
[(31.0, 401.0, 28.5), (23.0, 410.0, 28.5), (40.0, 410.0, 28.5), (-17.0, 346.0, 12), (76.0, 346.0, 33), (11.0, 212.0, 0), (62.0, 215.0, 0), (3.0, 109.0, 0), (71.0, 110.0, 0), (-7.0, 12.0, 0), (87.0, 13.0, 0), (0, 0, 0), (80.0, 2.0, 0), (-31.0, 0, 35), (108.0, 0, 37)]
[(31.0, 401.0, 38.0), (22.0, 410.0, 38.0), (40.0, 409.0, 38.0), (-16.0, 347.0, 14), (75.0, 350.0, 24), (11.0, 213.0, 0), (61.0, 217.0, 0), (3.0, 108.0, 0), (70.0, 110.0, 0), (-7.0, 13.0, 0), (87.0, 13.0, 0), (0, 0, 0), (80.0, 2.0, 0), (-31.0, 0, 35), (108.0, 0, 37)]
[(31.0, 401.0, 23.0), (22.0, 410.0, 23.0), (39.0, 410.0, 23.0), (-16.0, 348.0, 0), (75.0, 350.0, 18), (11.0, 212.0, 0), (61.0, 216.0, 0), (3.0, 108.0, 0), (70.0, 111.0, 0), (-7.0, 13.0, 0), (87.0, 13.0, 0), (0, 0, 0), (80.0, 2.0, 0), (-31.0, 0, 35), (108.0, 0, 37)]
[(30.0, 401.0, 23.0), (22.0, 410.0, 23.0), (39.0, 409.0, 23.0), (-16.0, 348.0, 0), (74.0, 350.0, 18), (11.0, 212.0, 0), (61.0, 216.0, 0), (3.0, 108.0, 0), (70.0, 111.0, 0), (-7.0, 13.0, 0), (87.0, 13.0, 0), (0, 0, 0), (80.0, 2.0, 0), (-31.0, 0, 35), (108.0, 0, 37)]
[(31.0, 401.0, 20.5), (22.0, 410.0, 20.5), (40.0, 410.0, 20.5), (-15.0, 349.0, 0), (75.0, 350.0, 9), (12.0, 212.0, 0), (62.0, 215.0, 0), (4.0, 108.0, 0), (71.0, 111.0, 0), (-6.0, 13.0, 0), (87.0, 14.0, 0), (0, 0, 0), (81.0, 2.0, 0), (-30.0, 0, 36), (109.0, 0, 37)]
[(30.0, 401.0, 19.0), (21.0, 410.0, 19.0), (39.0, 409.0, 19.0), (-16.0, 348.0, 0), (74.0, 348.0, 18), (11.0, 211.0, 0), (60.0, 214.0, 0), (3.0, 108.0, 0), (70.0, 111.0, 0), (-7.0, 13.0, 0), (86.0, 14.0, 0), (0, 0, 0), (80.0, 2.0, 0), (-31.0, 0, 35), (108.0, 0, 37)]
[(30.0, 401.0, 19.0), (21.0, 410.0, 19.0), (39.0, 410.0, 19.0), (-16.0, 348.0, 0), (74.0, 347.0, 24), (11.0, 211.0, 0), (60.0, 214.0, 0), (3.0, 108.0, 0), (70.0, 111.0, 0), (-7.0, 13.0, 0), (86.0, 14.0, 0), (0, 0, 0), (80.0, 2.0, 0), (-31.0, 0, 35), (108.0, 0, 37)]
[(30.0, 401.0, 19.0), (21.0, 410.0, 19.0), (39.0, 410.0, 19.0), (-16.0, 348.0, 0), (74.0, 347.0, 24), (11.0, 211.0, 0), (60.0, 214.0, 0), (3.0, 108.0, 0), (70.0, 111.0, 0), (-7.0, 13.0, 0), (86.0, 14.0, 0), (0, 0, 0), (80.0, 2.0, 0), (-31.0, 0, 35), (108.0, 0, 37)]
[(30.0, 400.0, 23.5), (22.0, 410.0, 23.5), (39.0, 409.0, 23.5), (-15.0, 348.0, 0), (75.0, 347.0, 23), (11.0, 212.0, 0), (60.0, 214.0, 0), (2.0, 108.0, 0), (70.0, 111.0, 0), (-7.0, 13.0, 0), (86.0, 14.0, 0), (0, 0, 0), (80.0, 2.0, 0), (-31.0, 0, 35), (108.0, 0, 37)]
[(32.0, 398.0, 27.5), (22.0, 407.0, 27.5), (40.0, 407.0, 27.5), (-15.0, 347.0, 0), (76.0, 346.0, 23), (11.0, 211.0, 0), (60.0, 213.0, 0), (2.0, 108.0, 0), (71.0, 111.0, 0), (-7.0, 13.0, 0), (86.0, 14.0, 0), (0, 0, 0), (80.0, 2.0, 0), (-31.0, 0, 35), (108.0, 0, 37)]
[(33.0, 397.0, 37.0), (23.0, 406.0, 37.0), (41.0, 406.0, 37.0), (-14.0, 347.0, 7), (77.0, 346.0, 22), (11.0, 212.0, 0), (60.0, 213.0, 0), (1.0, 108.0, 0), (72.0, 110.0, 0), (-7.0, 13.0, 0), (86.0, 14.0, 0), (0, 0, 0), (80.0, 2.0, 0), (-32.0, 0, 34), (108.0, 0, 37)]
[(35.0, 395.0, 47.0), (25.0, 405.0, 47.0), (42.0, 404.0, 47.0), (-13.0, 346.0, 14), (78.0, 346.0, 22), (11.0, 211.0, 4), (61.0, 213.0, 0), (-0.0, 107.0, 4), (76.0, 109.0, 0), (-8.0, 13.0, 0), (86.0, 14.0, 0), (0, 0, 0), (79.0, 2.0, 0), (-32.0, 0, 34), (108.0, 0, 36)]
[(37.0, 382.0, 61.5), (26.0, 393.0, 61.5), (44.0, 391.0, 61.5), (-13.0, 342.0, 6), (78.0, 339.0, 43), (11.0, 203.0, 6), (62.0, 206.0, 20), (-4.0, 105.0, 20), (82.0, 106.0, 20), (-8.0, 13.0, 0), (86.0, 13.0, 0), (0, 0, 0), (79.0, 2.0, 0), (-32.0, 0, 34), (108.0, 0, 36)]
[(37.0, 377.0, 61.5), (27.0, 388.0, 61.5), (44.0, 386.0, 61.5), (-12.0, 340.0, 7), (78.0, 336.0, 35), (12.0, 200.0, 7), (62.0, 203.0, 12), (-5.0, 103.0, 25), (83.0, 105.0, 20), (-8.0, 12.0, 0), (87.0, 12.0, 0), (0, 0, 0), (79.0, 0.0, 0), (-32.0, 0, 34), (108.0, 0, 36)]
[(37.0, 350.0, 92.5), (28.0, 359.0, 92.5), (45.0, 357.0, 92.5), (-11.0, 319.0, 28), (79.0, 311.0, 47), (11.0, 187.0, -3), (62.0, 188.0, -8), (-9.0, 98.0, 38), (90.0, 101.0, 34), (-8.0, 12.0, 0), (87.0, 12.0, 0), (0, 0, 0), (79.0, 0.0, 0), (-32.0, 0, 34), (108.0, 0, 36)]
[(37.0, 330.0, 109.5), (28.0, 339.0, 109.5), (45.0, 339.0, 109.5), (-8.0, 301.0, 44), (81.0, 294.0, 45), (11.0, 176.0, -9), (63.0, 176.0, -20), (-13.0, 95.0, 44), (94.0, 99.0, 36), (-8.0, 12.0, 0), (87.0, 11.0, 0), (0, 0, 0), (79.0, 0.0, 0), (-33.0, 0, 33), (108.0, 0, 36)]
[(38.0, 305.0, 111.0), (30.0, 315.0, 111.0), (45.0, 316.0, 111.0), (-6.0, 283.0, 45), (81.0, 278.0, 36), (12.0, 165.0, -23), (63.0, 165.0, -37), (-18.0, 95.0, 42), (96.0, 100.0, 32), (-9.0, 11.0, 0), (86.0, 11.0, 0), (0, 0, 0), (78.0, 0.0, 0), (-35.0, 0, 31), (107.0, 0, 36)]
[(39.0, 268.0, 126.5), (31.0, 277.0, 126.5), (47.0, 277.0, 126.5), (-4.0, 249.0, 54), (81.0, 244.0, 47), (12.0, 143.0, -32), (64.0, 142.0, -41), (-23.0, 92.0, 46), (100.0, 95.0, 40), (-9.0, 11.0, 0), (86.0, 10.0, 0), (0, 0, 0), (78.0, 0.0, 0), (-35.0, 0, 31), (107.0, 0, 36)]
[(39.0, 268.0, 133.5), (31.0, 278.0, 133.5), (47.0, 277.0, 133.5), (-3.0, 249.0, 56), (81.0, 246.0, 57), (15.0, 144.0, -30), (65.0, 145.0, -32), (-23.0, 92.0, 46), (100.0, 93.0, 46), (-9.0, 11.0, 0), (86.0, 11.0, 0), (0, 0, 0), (78.0, 1.0, 0), (-35.0, 0, 31), (107.0, 0, 36)]
[(40.0, 250.0, 138.5), (32.0, 261.0, 138.5), (48.0, 260.0, 138.5), (-3.0, 234.0, 58), (82.0, 230.0, 61), (17.0, 135.0, -35), (66.0, 136.0, -35), (-23.0, 92.0, 46), (101.0, 93.0, 48), (-8.0, 11.0, 0), (87.0, 12.0, 0), (0, 0, 0), (79.0, 0.0, 0), (-33.0, 0, 33), (108.0, 0, 36)]
[(40.0, 233.0, 142.5), (32.0, 244.0, 142.5), (48.0, 243.0, 142.5), (-2.0, 219.0, 62), (83.0, 218.0, 57), (17.0, 126.0, -37), (66.0, 127.0, -42), (-24.0, 91.0, 47), (103.0, 93.0, 45), (-9.0, 11.0, 0), (87.0, 11.0, 0), (0, 0, 0), (79.0, -1.0, 0), (-33.0, 0, 33), (108.0, 0, 36)]
[(41.0, 214.0, 137.5), (32.0, 223.0, 137.5), (49.0, 223.0, 137.5), (-2.0, 196.0, 61), (83.0, 193.0, 53), (17.0, 108.0, -42), (65.0, 106.0, -49), (-27.0, 91.0, 46), (106.0, 95.0, 42), (-9.0, 11.0, 0), (87.0, 12.0, 0), (0, 0, 0), (78.0, 0.0, 0), (-33.0, 0, 33), (107.0, 0, 36)]
[(42.0, 213.0, 135.0), (32.0, 223.0, 135.0), (50.0, 223.0, 135.0), (-2.0, 195.0, 60), (83.0, 194.0, 50), (17.0, 105.0, -42), (65.0, 103.0, -49), (-28.0, 91.0, 46), (107.0, 95.0, 42), (-9.0, 11.0, 0), (87.0, 12.0, 0), (0, 0, 0), (78.0, 0.0, 0), (-30.0, 0, 36), (107.0, 0, 36)]
[(42.0, 199.0, 142.0), (32.0, 209.0, 142.0), (50.0, 209.0, 142.0), (-1.0, 184.0, 64), (82.0, 184.0, 54), (18.0, 95.0, -39), (65.0, 93.0, -45), (-29.0, 89.0, 49), (109.0, 94.0, 45), (-9.0, 11.0, 0), (87.0, 13.0, 0), (0, 0, 0), (78.0, 0.0, 0), (-30.0, 0, 36), (107.0, 0, 36)]
[(42.0, 199.0, 141.5), (32.0, 209.0, 141.5), (50.0, 208.0, 141.5), (-1.0, 183.0, 63), (82.0, 182.0, 55), (18.0, 93.0, -39), (65.0, 90.0, -43), (-30.0, 89.0, 48), (111.0, 93.0, 46), (-9.0, 11.0, 0), (87.0, 13.0, 0), (0, 0, 0), (78.0, 1.0, 0), (-30.0, 0, 36), (107.0, 0, 36)]
[(41.0, 201.0, 141.5), (32.0, 211.0, 141.5), (50.0, 211.0, 141.5), (-1.0, 186.0, 63), (82.0, 185.0, 55), (18.0, 97.0, -40), (65.0, 95.0, -45), (-30.0, 90.0, 47), (109.0, 94.0, 45), (-9.0, 11.0, 0), (87.0, 13.0, 0), (0, 0, 0), (78.0, 1.0, 0), (-30.0, 0, 36), (107.0, 0, 36)]
[(41.0, 202.0, 138.5), (32.0, 212.0, 138.5), (50.0, 211.0, 138.5), (-1.0, 187.0, 61), (82.0, 186.0, 53), (18.0, 96.0, -40), (65.0, 94.0, -45), (-30.0, 90.0, 47), (109.0, 94.0, 45), (-9.0, 11.0, 0), (87.0, 13.0, 0), (0, 0, 0), (78.0, 1.0, 0), (-30.0, 0, 36), (107.0, 0, 36)]
[(41.0, 216.0, 133.0), (32.0, 225.0, 133.0), (49.0, 226.0, 133.0), (-1.0, 199.0, 57), (82.0, 198.0, 50), (16.0, 104.0, -40), (64.0, 103.0, -45), (-30.0, 90.0, 47), (108.0, 94.0, 45), (-9.0, 11.0, 0), (87.0, 13.0, 0), (0, 0, 0), (78.0, 1.0, 0), (-30.0, 0, 36), (107.0, 0, 36)]
[(41.0, 225.0, 145.0), (32.0, 232.0, 145.0), (48.0, 234.0, 145.0), (-1.0, 208.0, 64), (81.0, 208.0, 60), (16.0, 118.0, -38), (64.0, 119.0, -41), (-29.0, 90.0, 47), (108.0, 94.0, 45), (-9.0, 11.0, 0), (87.0, 13.0, 0), (0, 0, 0), (78.0, 1.0, 0), (-29.0, 0, 36), (108.0, 0, 36)]
[(41.0, 229.0, 149.0), (32.0, 236.0, 149.0), (48.0, 239.0, 149.0), (-1.0, 211.0, 68), (81.0, 211.0, 62), (14.0, 122.0, -35), (64.0, 123.0, -40), (-29.0, 90.0, 49), (108.0, 94.0, 45), (-9.0, 12.0, 0), (87.0, 13.0, 0), (0, 0, 0), (77.0, 1.0, 0), (-29.0, 0, 36), (108.0, 0, 35)]
[(41.0, 249.0, 149.5), (32.0, 257.0, 149.5), (48.0, 258.0, 149.5), (-1.0, 227.0, 69), (81.0, 225.0, 65), (14.0, 133.0, -30), (64.0, 135.0, -35), (-27.0, 90.0, 50), (106.0, 94.0, 46), (-9.0, 12.0, 0), (87.0, 13.0, 0), (0, 0, 0), (78.0, 1.0, 0), (-30.0, 0, 36), (108.0, 0, 36)]
[(41.0, 249.0, 151.0), (32.0, 257.0, 151.0), (47.0, 258.0, 151.0), (-0.0, 229.0, 69), (80.0, 226.0, 66), (13.0, 135.0, -30), (64.0, 135.0, -33), (-26.0, 89.0, 50), (105.0, 92.0, 48), (-9.0, 11.0, 0), (87.0, 12.0, 0), (0, 0, 0), (78.0, 0.0, 0), (-30.0, 0, 36), (109.0, 0, 35)]
[(41.0, 267.0, 149.5), (32.0, 275.0, 149.5), (47.0, 275.0, 149.5), (-0.0, 244.0, 70), (79.0, 240.0, 65), (13.0, 144.0, -23), (64.0, 144.0, -30), (-23.0, 89.0, 52), (103.0, 93.0, 47), (-9.0, 12.0, 0), (87.0, 12.0, 0), (0, 0, 0), (78.0, 0.0, 0), (-30.0, 0, 36), (109.0, 0, 35)]
[(40.0, 310.0, 126.0), (32.0, 318.0, 126.0), (47.0, 317.0, 126.0), (-2.0, 278.0, 59), (80.0, 270.0, 54), (13.0, 167.0, -20), (64.0, 166.0, -32), (-19.0, 95.0, 41), (99.0, 99.0, 34), (-9.0, 11.0, 0), (87.0, 11.0, 0), (0, 0, 0), (78.0, -1.0, 0), (-30.0, 0, 36), (109.0, 0, 35)]
[(40.0, 335.0, 99.5), (31.0, 343.0, 99.5), (47.0, 343.0, 99.5), (-5.0, 300.0, 41), (80.0, 291.0, 45), (13.0, 179.0, -21), (62.0, 179.0, -29), (-16.0, 100.0, 33), (94.0, 102.0, 27), (-9.0, 12.0, 0), (87.0, 11.0, 0), (0, 0, 0), (79.0, -1.0, 0), (-29.0, 0, 36), (109.0, 0, 36)]
[(40.0, 336.0, 102.5), (31.0, 344.0, 102.5), (47.0, 344.0, 102.5), (-6.0, 302.0, 46), (80.0, 293.0, 39), (12.0, 181.0, -16), (61.0, 180.0, -34), (-15.0, 100.0, 36), (93.0, 105.0, 24), (-8.0, 13.0, 0), (87.0, 13.0, 0), (0, 0, 0), (80.0, 1.0, 0), (-29.0, 0, 36), (109.0, 0, 36)]
[(39.0, 357.0, 121.0), (31.0, 366.0, 121.0), (46.0, 365.0, 121.0), (-8.0, 320.0, 57), (80.0, 312.0, 58), (12.0, 194.0, 6), (61.0, 194.0, -6), (-12.0, 101.0, 34), (90.0, 104.0, 28), (-8.0, 13.0, 0), (87.0, 13.0, 0), (0, 0, 0), (80.0, 2.0, 0), (-29.0, 0, 36), (109.0, 0, 36)]
[(39.0, 388.0, 91.0), (30.0, 398.0, 91.0), (46.0, 397.0, 91.0), (-11.0, 341.0, 41), (80.0, 337.0, 56), (12.0, 208.0, 15), (61.0, 209.0, 15), (-4.0, 105.0, 15), (82.0, 107.0, 15), (-8.0, 12.0, 0), (87.0, 13.0, 0), (0, 0, 0), (80.0, 1.0, 0), (-30.0, 0, 36), (109.0, 0, 36)]