[(35.0, 371.0), (27.0, 380.0), (45.0, 379.0), (-4.0, 334.0), (78.0, 331.0), (12.0, 190.0), (63.0, 189.0), (-13.0, 97.0), (87.0, 95.0), (-9.0, 14.0), (96.0, 10.0), (0, 0), (92.0, -3.0), (-30.0, -22.0), (114.0, -18.0)]
[(35.0, 381.0), (27.0, 390.0), (45.0, 388.0), (-5.0, 341.0), (77.0, 339.0), (12.0, 196.0), (63.0, 196.0), (-10.0, 101.0), (85.0, 101.0), (-9.0, 14.0), (96.0, 11.0), (0, 0), (92.0, -3.0), (-30.0, -21.0), (115.0, -17.0)]
[(33.0, 393.0), (26.0, 402.0), (43.0, 401.0), (-6.0, 353.0), (76.0, 351.0), (12.0, 205.0), (62.0, 205.0), (-4.0, 105.0), (83.0, 105.0), (-9.0, 14.0), (96.0, 11.0), (0, 0), (92.0, -2.0), (-30.0, -21.0), (115.0, -17.0)]
[(31.0, 400.0), (24.0, 408.0), (42.0, 409.0), (-7.0, 357.0), (76.0, 356.0), (12.0, 209.0), (62.0, 210.0), (-2.0, 107.0), (81.0, 108.0), (-8.0, 14.0), (95.0, 12.0), (0, 0), (92.0, -1.0), (-30.0, -20.0), (115.0, -16.0)]
[(28.0, 399.0), (22.0, 407.0), (40.0, 408.0), (-7.0, 357.0), (76.0, 356.0), (12.0, 208.0), (62.0, 209.0), (-1.0, 107.0), (81.0, 109.0), (-8.0, 14.0), (95.0, 13.0), (0, 0), (91.0, 0.0), (-30.0, -20.0), (114.0, -16.0)]
[(27.0, 399.0), (20.0, 408.0), (38.0, 409.0), (-8.0, 358.0), (76.0, 357.0), (12.0, 209.0), (62.0, 210.0), (1.0, 108.0), (80.0, 109.0), (-8.0, 13.0), (94.0, 13.0), (0, 0), (91.0, 0.0), (-30.0, -21.0), (112.0, -16.0)]
[(27.0, 400.0), (20.0, 408.0), (39.0, 409.0), (-8.0, 358.0), (76.0, 357.0), (12.0, 209.0), (62.0, 210.0), (1.0, 108.0), (79.0, 108.0), (-8.0, 14.0), (94.0, 13.0), (0, 0), (91.0, 0.0), (-30.0, -21.0), (112.0, -16.0)]
[(28.0, 400.0), (21.0, 409.0), (39.0, 410.0), (-8.0, 358.0), (76.0, 357.0), (12.0, 209.0), (62.0, 210.0), (1.0, 107.0), (79.0, 108.0), (-8.0, 13.0), (94.0, 13.0), (0, 0), (91.0, 0.0), (-30.0, -21.0), (111.0, -17.0)]
[(29.0, 401.0), (22.0, 409.0), (40.0, 410.0), (-7.0, 358.0), (77.0, 357.0), (14.0, 209.0), (64.0, 210.0), (3.0, 107.0), (80.0, 107.0), (-7.0, 13.0), (94.0, 13.0), (0, 0), (92.0, 0.0), (-29.0, -21.0), (112.0, -17.0)]
[(29.0, 401.0), (22.0, 409.0), (40.0, 410.0), (-7.0, 358.0), (77.0, 357.0), (14.0, 209.0), (64.0, 211.0), (3.0, 106.0), (80.0, 107.0), (-7.0, 13.0), (94.0, 13.0), (0, 0), (92.0, 1.0), (-29.0, -21.0), (112.0, -17.0)]
[(29.0, 401.0), (22.0, 409.0), (40.0, 410.0), (-7.0, 358.0), (77.0, 357.0), (14.0, 209.0), (64.0, 211.0), (3.0, 106.0), (80.0, 107.0), (-7.0, 13.0), (94.0, 13.0), (0, 0), (92.0, 1.0), (-29.0, -21.0), (112.0, -17.0)]
[(29.0, 401.0), (22.0, 410.0), (40.0, 410.0), (-7.0, 358.0), (77.0, 357.0), (14.0, 208.0), (64.0, 210.0), (3.0, 106.0), (80.0, 107.0), (-7.0, 13.0), (94.0, 13.0), (0, 0), (92.0, 1.0), (-29.0, -21.0), (112.0, -17.0)]
[(29.0, 401.0), (22.0, 410.0), (40.0, 410.0), (-7.0, 358.0), (77.0, 357.0), (14.0, 208.0), (64.0, 210.0), (4.0, 106.0), (80.0, 107.0), (-7.0, 13.0), (94.0, 13.0), (0, 0), (92.0, 1.0), (-29.0, -21.0), (111.0, -17.0)]
[(29.0, 401.0), (22.0, 410.0), (40.0, 410.0), (-7.0, 358.0), (78.0, 357.0), (14.0, 208.0), (64.0, 210.0), (4.0, 106.0), (80.0, 107.0), (-7.0, 13.0), (94.0, 13.0), (0, 0), (92.0, 1.0), (-29.0, -21.0), (111.0, -17.0)]
[(29.0, 401.0), (22.0, 410.0), (40.0, 410.0), (-8.0, 358.0), (78.0, 357.0), (14.0, 208.0), (64.0, 210.0), (4.0, 106.0), (79.0, 107.0), (-7.0, 13.0), (94.0, 13.0), (0, 0), (91.0, 1.0), (-29.0, -21.0), (111.0, -17.0)]
[(29.0, 401.0), (22.0, 410.0), (41.0, 410.0), (-8.0, 358.0), (78.0, 356.0), (13.0, 208.0), (64.0, 209.0), (4.0, 106.0), (80.0, 107.0), (-7.0, 13.0), (94.0, 13.0), (0, 0), (91.0, 1.0), (-29.0, -21.0), (111.0, -17.0)]
[(29.0, 401.0), (22.0, 410.0), (41.0, 409.0), (-8.0, 358.0), (78.0, 356.0), (13.0, 208.0), (64.0, 209.0), (3.0, 106.0), (80.0, 107.0), (-7.0, 13.0), (94.0, 13.0), (0, 0), (91.0, 1.0), (-29.0, -21.0), (111.0, -17.0)]
[(31.0, 401.0), (23.0, 410.0), (42.0, 409.0), (-7.0, 358.0), (78.0, 357.0), (13.0, 208.0), (64.0, 209.0), (3.0, 106.0), (80.0, 107.0), (-7.0, 13.0), (94.0, 13.0), (0, 0), (91.0, 1.0), (-29.0, -21.0), (111.0, -17.0)]
[(32.0, 400.0), (24.0, 410.0), (43.0, 409.0), (-7.0, 358.0), (78.0, 357.0), (13.0, 208.0), (64.0, 209.0), (3.0, 106.0), (80.0, 107.0), (-7.0, 13.0), (94.0, 13.0), (0, 0), (91.0, 1.0), (-29.0, -21.0), (111.0, -17.0)]
[(32.0, 400.0), (24.0, 409.0), (43.0, 409.0), (-7.0, 358.0), (78.0, 357.0), (13.0, 208.0), (64.0, 209.0), (3.0, 106.0), (80.0, 106.0), (-7.0, 13.0), (94.0, 13.0), (0, 0), (91.0, 1.0), (-29.0, -21.0), (111.0, -17.0)]
[(33.0, 400.0), (24.0, 409.0), (44.0, 409.0), (-7.0, 358.0), (78.0, 356.0), (13.0, 208.0), (64.0, 209.0), (3.0, 106.0), (80.0, 105.0), (-7.0, 13.0), (94.0, 12.0), (0, 0), (91.0, 1.0), (-29.0, -21.0), (111.0, -17.0)]
[(35.0, 396.0), (26.0, 406.0), (46.0, 405.0), (-7.0, 356.0), (79.0, 353.0), (13.0, 205.0), (64.0, 206.0), (-1.0, 105.0), (83.0, 103.0), (-7.0, 12.0), (94.0, 12.0), (0, 0), (91.0, 1.0), (-29.0, -21.0), (111.0, -17.0)]
[(37.0, 386.0), (27.0, 396.0), (47.0, 395.0), (-8.0, 350.0), (79.0, 345.0), (13.0, 199.0), (63.0, 201.0), (-5.0, 103.0), (84.0, 102.0), (-8.0, 12.0), (93.0, 11.0), (0, 0), (90.0, 1.0), (-31.0, -21.0), (110.0, -17.0)]
[(40.0, 372.0), (29.0, 382.0), (50.0, 381.0), (-8.0, 339.0), (81.0, 335.0), (13.0, 190.0), (64.0, 192.0), (-9.0, 98.0), (88.0, 99.0), (-8.0, 12.0), (93.0, 10.0), (0, 0), (90.0, 1.0), (-31.0, -21.0), (110.0, -17.0)]
[(40.0, 371.0), (29.0, 381.0), (50.0, 379.0), (-7.0, 337.0), (81.0, 332.0), (13.0, 188.0), (64.0, 190.0), (-10.0, 96.0), (89.0, 98.0), (-8.0, 12.0), (94.0, 10.0), (0, 0), (90.0, 0.0), (-31.0, -21.0), (110.0, -17.0)]
[(43.0, 341.0), (32.0, 353.0), (53.0, 351.0), (-5.0, 313.0), (85.0, 310.0), (15.0, 167.0), (67.0, 169.0), (-14.0, 85.0), (101.0, 88.0), (-8.0, 11.0), (98.0, 11.0), (0, 0), (92.0, 1.0), (-29.0, -23.0), (112.0, -18.0)]
[(42.0, 318.0), (31.0, 329.0), (53.0, 328.0), (-5.0, 293.0), (86.0, 291.0), (16.0, 152.0), (68.0, 153.0), (-19.0, 76.0), (107.0, 72.0), (-8.0, 8.0), (99.0, 6.0), (0, 0), (94.0, -4.0), (-28.0, -27.0), (113.0, -23.0)]
[(43.0, 316.0), (32.0, 326.0), (53.0, 325.0), (-5.0, 292.0), (86.0, 289.0), (16.0, 151.0), (69.0, 152.0), (-20.0, 74.0), (108.0, 69.0), (-8.0, 8.0), (99.0, 6.0), (0, 0), (94.0, -4.0), (-28.0, -28.0), (114.0, -24.0)]
[(41.0, 305.0), (32.0, 314.0), (52.0, 314.0), (-4.0, 281.0), (87.0, 277.0), (17.0, 143.0), (69.0, 144.0), (-23.0, 68.0), (111.0, 68.0), (-8.0, 7.0), (100.0, 5.0), (0, 0), (94.0, -4.0), (-28.0, -28.0), (115.0, -25.0)]
[(42.0, 263.0), (33.0, 275.0), (53.0, 273.0), (-3.0, 253.0), (88.0, 243.0), (17.0, 120.0), (70.0, 120.0), (-28.0, 57.0), (114.0, 59.0), (-9.0, 4.0), (102.0, 2.0), (0, 0), (95.0, -7.0), (-27.0, -32.0), (116.0, -29.0)]
[(42.0, 246.0), (33.0, 257.0), (53.0, 256.0), (-2.0, 237.0), (87.0, 226.0), (17.0, 105.0), (70.0, 106.0), (-30.0, 52.0), (115.0, 53.0), (-10.0, 3.0), (102.0, 2.0), (0, 0), (95.0, -4.0), (-27.0, -34.0), (115.0, -30.0)]
[(42.0, 247.0), (33.0, 258.0), (53.0, 257.0), (-2.0, 233.0), (87.0, 222.0), (17.0, 103.0), (70.0, 103.0), (-31.0, 51.0), (115.0, 51.0), (-10.0, 2.0), (102.0, 2.0), (0, 0), (95.0, -3.0), (-26.0, -35.0), (114.0, -31.0)]
[(47.0, 230.0), (36.0, 241.0), (57.0, 241.0), (-0.0, 221.0), (89.0, 213.0), (18.0, 96.0), (70.0, 95.0), (-30.0, 48.0), (116.0, 50.0), (-9.0, 2.0), (103.0, 2.0), (0, 0), (96.0, -3.0), (-25.0, -36.0), (115.0, -31.0)]
[(49.0, 206.0), (39.0, 216.0), (59.0, 215.0), (1.0, 197.0), (89.0, 192.0), (16.0, 75.0), (69.0, 75.0), (-30.0, 47.0), (116.0, 51.0), (-9.0, 2.0), (102.0, 1.0), (0, 0), (96.0, -4.0), (-24.0, -36.0), (115.0, -33.0)]
[(49.0, 205.0), (38.0, 216.0), (58.0, 216.0), (-0.0, 195.0), (88.0, 190.0), (15.0, 73.0), (67.0, 73.0), (-33.0, 46.0), (115.0, 48.0), (-10.0, 2.0), (101.0, 2.0), (0, 0), (95.0, -3.0), (-25.0, -36.0), (114.0, -32.0)]
[(48.0, 196.0), (37.0, 206.0), (58.0, 206.0), (-0.0, 185.0), (88.0, 180.0), (15.0, 67.0), (66.0, 66.0), (-34.0, 43.0), (118.0, 46.0), (-10.0, 2.0), (102.0, 2.0), (0, 0), (95.0, -3.0), (-25.0, -36.0), (114.0, -33.0)]
[(49.0, 190.0), (38.0, 201.0), (59.0, 199.0), (1.0, 176.0), (89.0, 169.0), (15.0, 58.0), (66.0, 58.0), (-32.0, 43.0), (120.0, 47.0), (-9.0, 2.0), (103.0, 1.0), (0, 0), (96.0, -3.0), (-24.0, -36.0), (115.0, -33.0)]
[(49.0, 190.0), (38.0, 200.0), (59.0, 199.0), (2.0, 180.0), (89.0, 172.0), (15.0, 60.0), (66.0, 59.0), (-31.0, 46.0), (122.0, 50.0), (-8.0, 2.0), (103.0, 3.0), (0, 0), (96.0, -2.0), (-24.0, -34.0), (115.0, -31.0)]
[(48.0, 185.0), (38.0, 196.0), (58.0, 194.0), (3.0, 170.0), (89.0, 164.0), (15.0, 54.0), (65.0, 53.0), (-31.0, 47.0), (124.0, 50.0), (-8.0, 2.0), (103.0, 3.0), (0, 0), (96.0, -3.0), (-24.0, -34.0), (115.0, -31.0)]
[(48.0, 186.0), (39.0, 196.0), (59.0, 195.0), (3.0, 170.0), (89.0, 164.0), (15.0, 54.0), (65.0, 52.0), (-31.0, 47.0), (124.0, 49.0), (-8.0, 2.0), (102.0, 3.0), (0, 0), (95.0, -2.0), (-24.0, -33.0), (115.0, -31.0)]
[(48.0, 189.0), (39.0, 199.0), (59.0, 198.0), (4.0, 176.0), (89.0, 170.0), (15.0, 56.0), (65.0, 57.0), (-31.0, 47.0), (123.0, 49.0), (-8.0, 2.0), (103.0, 2.0), (0, 0), (96.0, -3.0), (-24.0, -33.0), (116.0, -31.0)]
[(49.0, 190.0), (39.0, 199.0), (59.0, 198.0), (4.0, 178.0), (89.0, 172.0), (15.0, 57.0), (65.0, 58.0), (-31.0, 47.0), (123.0, 49.0), (-8.0, 2.0), (103.0, 3.0), (0, 0), (96.0, -3.0), (-24.0, -33.0), (116.0, -31.0)]
[(49.0, 193.0), (39.0, 202.0), (59.0, 203.0), (4.0, 186.0), (89.0, 185.0), (17.0, 71.0), (66.0, 70.0), (-31.0, 48.0), (123.0, 51.0), (-8.0, 3.0), (103.0, 3.0), (0, 0), (96.0, -3.0), (-23.0, -33.0), (116.0, -31.0)]
[(48.0, 211.0), (39.0, 221.0), (58.0, 222.0), (3.0, 203.0), (88.0, 199.0), (16.0, 86.0), (66.0, 85.0), (-31.0, 51.0), (121.0, 56.0), (-9.0, 3.0), (102.0, 3.0), (0, 0), (95.0, -3.0), (-24.0, -33.0), (115.0, -31.0)]
[(46.0, 228.0), (38.0, 238.0), (55.0, 238.0), (2.0, 219.0), (87.0, 213.0), (17.0, 99.0), (67.0, 99.0), (-29.0, 54.0), (120.0, 59.0), (-9.0, 4.0), (102.0, 3.0), (0, 0), (95.0, -3.0), (-24.0, -33.0), (115.0, -31.0)]
[(44.0, 235.0), (38.0, 245.0), (54.0, 244.0), (2.0, 221.0), (88.0, 215.0), (17.0, 101.0), (68.0, 101.0), (-28.0, 55.0), (118.0, 59.0), (-10.0, 4.0), (103.0, 3.0), (0, 0), (95.0, -2.0), (-24.0, -33.0), (115.0, -30.0)]
[(42.0, 261.0), (36.0, 271.0), (52.0, 270.0), (2.0, 248.0), (87.0, 240.0), (17.0, 125.0), (68.0, 126.0), (-26.0, 63.0), (115.0, 64.0), (-10.0, 4.0), (103.0, 3.0), (0, 0), (96.0, -2.0), (-24.0, -33.0), (116.0, -30.0)]
[(39.0, 281.0), (34.0, 291.0), (49.0, 290.0), (2.0, 261.0), (86.0, 253.0), (17.0, 134.0), (67.0, 135.0), (-26.0, 69.0), (112.0, 70.0), (-10.0, 5.0), (103.0, 5.0), (0, 0), (96.0, -2.0), (-25.0, -33.0), (116.0, -30.0)]
[(38.0, 285.0), (33.0, 294.0), (49.0, 294.0), (1.0, 261.0), (86.0, 257.0), (17.0, 134.0), (68.0, 136.0), (-26.0, 71.0), (111.0, 70.0), (-10.0, 5.0), (103.0, 5.0), (0, 0), (96.0, -2.0), (-25.0, -33.0), (116.0, -30.0)]
[(38.0, 299.0), (34.0, 309.0), (49.0, 308.0), (1.0, 278.0), (85.0, 273.0), (18.0, 144.0), (68.0, 146.0), (-25.0, 73.0), (108.0, 73.0), (-10.0, 6.0), (103.0, 5.0), (0, 0), (96.0, -4.0), (-25.0, -33.0), (116.0, -30.0)]
[(38.0, 299.0), (33.0, 308.0), (49.0, 309.0), (-0.0, 281.0), (85.0, 275.0), (18.0, 145.0), (68.0, 146.0), (-25.0, 72.0), (108.0, 73.0), (-10.0, 6.0), (103.0, 5.0), (0, 0), (96.0, -4.0), (-25.0, -33.0), (115.0, -30.0)]
[(40.0, 319.0), (33.0, 328.0), (49.0, 329.0), (-0.0, 298.0), (85.0, 293.0), (17.0, 159.0), (68.0, 160.0), (-21.0, 81.0), (104.0, 85.0), (-9.0, 8.0), (103.0, 7.0), (0, 0), (96.0, -3.0), (-25.0, -31.0), (115.0, -27.0)]
[(42.0, 356.0), (34.0, 365.0), (51.0, 364.0), (-1.0, 323.0), (84.0, 316.0), (16.0, 181.0), (66.0, 183.0), (-14.0, 91.0), (95.0, 95.0), (-9.0, 9.0), (101.0, 8.0), (0, 0), (95.0, -3.0), (-26.0, -28.0), (114.0, -24.0)]