[(43.0, 388.0), (35.0, 397.0), (52.0, 396.0), (1.0, 346.0), (85.0, 344.0), (21.0, 201.0), (72.0, 203.0), (2.0, 104.0), (93.0, 104.0), (-7.0, 13.0), (105.0, 12.0), (0, 0), (99.0, -2.0), (-25.0, -20.0), (126.0, -18.0)]
[(41.0, 396.0), (32.0, 405.0), (51.0, 404.0), (-0.0, 354.0), (84.0, 352.0), (20.0, 207.0), (70.0, 208.0), (5.0, 107.0), (90.0, 108.0), (-7.0, 13.0), (103.0, 13.0), (0, 0), (98.0, 0.0), (-26.0, -20.0), (125.0, -17.0)]
[(38.0, 399.0), (31.0, 407.0), (49.0, 406.0), (-0.0, 353.0), (85.0, 354.0), (20.0, 208.0), (70.0, 209.0), (5.0, 107.0), (90.0, 110.0), (-7.0, 14.0), (103.0, 14.0), (0, 0), (98.0, 1.0), (-26.0, -19.0), (125.0, -16.0)]
[(36.0, 402.0), (30.0, 411.0), (48.0, 409.0), (-1.0, 356.0), (84.0, 356.0), (20.0, 209.0), (70.0, 211.0), (6.0, 108.0), (88.0, 110.0), (-6.0, 14.0), (102.0, 14.0), (0, 0), (98.0, 1.0), (-26.0, -20.0), (124.0, -16.0)]
[(36.0, 401.0), (29.0, 410.0), (48.0, 410.0), (-1.0, 357.0), (84.0, 357.0), (19.0, 209.0), (70.0, 210.0), (7.0, 108.0), (87.0, 109.0), (-6.0, 14.0), (102.0, 14.0), (0, 0), (98.0, 2.0), (-25.0, -19.0), (124.0, -15.0)]
[(36.0, 402.0), (29.0, 411.0), (48.0, 410.0), (-1.0, 357.0), (84.0, 357.0), (19.0, 208.0), (70.0, 209.0), (7.0, 107.0), (87.0, 108.0), (-6.0, 14.0), (101.0, 14.0), (0, 0), (98.0, 2.0), (-25.0, -19.0), (123.0, -15.0)]
[(36.0, 402.0), (29.0, 410.0), (48.0, 410.0), (-1.0, 357.0), (84.0, 357.0), (19.0, 208.0), (70.0, 209.0), (7.0, 106.0), (87.0, 108.0), (-6.0, 13.0), (101.0, 14.0), (0, 0), (97.0, 2.0), (-25.0, -20.0), (123.0, -15.0)]
[(36.0, 402.0), (29.0, 411.0), (48.0, 411.0), (-1.0, 358.0), (84.0, 358.0), (19.0, 211.0), (69.0, 212.0), (7.0, 108.0), (86.0, 109.0), (-6.0, 14.0), (101.0, 15.0), (0, 0), (97.0, 3.0), (-25.0, -19.0), (123.0, -14.0)]
[(36.0, 401.0), (29.0, 410.0), (48.0, 410.0), (-1.0, 357.0), (84.0, 357.0), (19.0, 210.0), (69.0, 210.0), (7.0, 108.0), (86.0, 108.0), (-6.0, 13.0), (101.0, 14.0), (0, 0), (97.0, 2.0), (-24.0, -20.0), (123.0, -15.0)]
[(35.0, 402.0), (28.0, 411.0), (47.0, 410.0), (-2.0, 357.0), (83.0, 357.0), (18.0, 210.0), (68.0, 211.0), (6.0, 109.0), (85.0, 109.0), (-7.0, 14.0), (100.0, 15.0), (0, 0), (96.0, 4.0), (-25.0, -19.0), (121.0, -14.0)]
[(35.0, 402.0), (28.0, 411.0), (47.0, 410.0), (-2.0, 357.0), (83.0, 357.0), (18.0, 210.0), (68.0, 211.0), (6.0, 109.0), (85.0, 109.0), (-7.0, 14.0), (100.0, 15.0), (0, 0), (96.0, 4.0), (-25.0, -19.0), (121.0, -13.0)]
[(35.0, 402.0), (28.0, 411.0), (47.0, 410.0), (-2.0, 357.0), (83.0, 357.0), (18.0, 211.0), (68.0, 212.0), (6.0, 110.0), (85.0, 110.0), (-7.0, 14.0), (100.0, 15.0), (0, 0), (96.0, 4.0), (-25.0, -19.0), (120.0, -13.0)]
[(35.0, 402.0), (28.0, 410.0), (47.0, 410.0), (-2.0, 358.0), (83.0, 357.0), (18.0, 211.0), (68.0, 212.0), (7.0, 110.0), (85.0, 110.0), (-7.0, 14.0), (100.0, 15.0), (0, 0), (96.0, 4.0), (-25.0, -19.0), (120.0, -13.0)]
[(35.0, 402.0), (28.0, 410.0), (47.0, 410.0), (-2.0, 358.0), (83.0, 357.0), (18.0, 211.0), (68.0, 212.0), (7.0, 110.0), (85.0, 110.0), (-7.0, 14.0), (100.0, 15.0), (0, 0), (96.0, 4.0), (-25.0, -20.0), (120.0, -13.0)]
[(35.0, 402.0), (28.0, 410.0), (47.0, 410.0), (-2.0, 358.0), (83.0, 357.0), (18.0, 211.0), (68.0, 213.0), (7.0, 110.0), (85.0, 111.0), (-7.0, 14.0), (100.0, 15.0), (0, 0), (96.0, 5.0), (-25.0, -20.0), (120.0, -13.0)]
[(35.0, 401.0), (28.0, 410.0), (47.0, 410.0), (-2.0, 358.0), (83.0, 358.0), (17.0, 212.0), (68.0, 213.0), (6.0, 110.0), (85.0, 111.0), (-7.0, 14.0), (100.0, 15.0), (0, 0), (96.0, 5.0), (-25.0, -19.0), (120.0, -13.0)]
[(37.0, 401.0), (29.0, 410.0), (49.0, 409.0), (-2.0, 358.0), (83.0, 357.0), (17.0, 211.0), (68.0, 212.0), (6.0, 110.0), (85.0, 111.0), (-7.0, 14.0), (100.0, 15.0), (0, 0), (96.0, 5.0), (-25.0, -20.0), (120.0, -13.0)]
[(38.0, 401.0), (30.0, 410.0), (50.0, 409.0), (-2.0, 358.0), (83.0, 357.0), (17.0, 211.0), (68.0, 212.0), (6.0, 110.0), (85.0, 110.0), (-7.0, 14.0), (100.0, 15.0), (0, 0), (96.0, 5.0), (-25.0, -20.0), (120.0, -13.0)]
[(39.0, 400.0), (31.0, 410.0), (50.0, 408.0), (-1.0, 358.0), (83.0, 357.0), (17.0, 212.0), (67.0, 213.0), (6.0, 110.0), (86.0, 111.0), (-7.0, 14.0), (100.0, 15.0), (0, 0), (96.0, 5.0), (-25.0, -19.0), (120.0, -13.0)]
[(40.0, 398.0), (31.0, 408.0), (50.0, 407.0), (-2.0, 358.0), (82.0, 356.0), (16.0, 211.0), (66.0, 213.0), (4.0, 110.0), (85.0, 111.0), (-8.0, 14.0), (99.0, 15.0), (0, 0), (95.0, 5.0), (-26.0, -19.0), (119.0, -13.0)]
[(40.0, 397.0), (31.0, 408.0), (51.0, 406.0), (-2.0, 358.0), (82.0, 356.0), (16.0, 211.0), (66.0, 213.0), (4.0, 110.0), (85.0, 111.0), (-8.0, 14.0), (99.0, 15.0), (0, 0), (95.0, 5.0), (-26.0, -19.0), (119.0, -13.0)]
[(43.0, 392.0), (33.0, 403.0), (53.0, 401.0), (-1.0, 355.0), (83.0, 351.0), (16.0, 209.0), (66.0, 208.0), (3.0, 109.0), (86.0, 108.0), (-7.0, 13.0), (99.0, 14.0), (0, 0), (95.0, 4.0), (-26.0, -20.0), (119.0, -14.0)]
[(46.0, 384.0), (35.0, 394.0), (55.0, 393.0), (-0.0, 350.0), (85.0, 346.0), (16.0, 205.0), (66.0, 205.0), (-0.0, 107.0), (88.0, 106.0), (-8.0, 13.0), (99.0, 13.0), (0, 0), (95.0, 3.0), (-26.0, -20.0), (120.0, -15.0)]
[(47.0, 382.0), (36.0, 391.0), (56.0, 390.0), (1.0, 347.0), (85.0, 342.0), (16.0, 203.0), (67.0, 203.0), (-2.0, 106.0), (89.0, 106.0), (-8.0, 13.0), (98.0, 13.0), (0, 0), (94.0, 3.0), (-26.0, -20.0), (120.0, -15.0)]
[(49.0, 364.0), (37.0, 374.0), (57.0, 372.0), (1.0, 334.0), (87.0, 331.0), (17.0, 192.0), (68.0, 193.0), (-3.0, 103.0), (93.0, 105.0), (-7.0, 13.0), (100.0, 13.0), (0, 0), (95.0, 3.0), (-26.0, -21.0), (121.0, -14.0)]
[(48.0, 352.0), (37.0, 360.0), (57.0, 359.0), (1.0, 319.0), (88.0, 317.0), (17.0, 181.0), (68.0, 181.0), (-6.0, 96.0), (98.0, 99.0), (-7.0, 12.0), (100.0, 12.0), (0, 0), (95.0, 2.0), (-27.0, -22.0), (121.0, -15.0)]
[(49.0, 337.0), (38.0, 347.0), (59.0, 346.0), (2.0, 308.0), (89.0, 305.0), (18.0, 168.0), (70.0, 169.0), (-8.0, 88.0), (103.0, 89.0), (-7.0, 12.0), (103.0, 12.0), (0, 0), (96.0, 2.0), (-27.0, -21.0), (122.0, -16.0)]
[(51.0, 334.0), (39.0, 345.0), (60.0, 343.0), (2.0, 306.0), (90.0, 302.0), (18.0, 168.0), (70.0, 169.0), (-8.0, 88.0), (104.0, 88.0), (-7.0, 12.0), (103.0, 12.0), (0, 0), (97.0, 1.0), (-27.0, -21.0), (123.0, -16.0)]
[(50.0, 308.0), (39.0, 319.0), (60.0, 319.0), (2.0, 287.0), (90.0, 284.0), (18.0, 155.0), (70.0, 156.0), (-13.0, 83.0), (107.0, 81.0), (-7.0, 11.0), (104.0, 11.0), (0, 0), (97.0, 0.0), (-26.0, -22.0), (124.0, -17.0)]
[(51.0, 294.0), (40.0, 304.0), (61.0, 303.0), (3.0, 273.0), (91.0, 269.0), (19.0, 145.0), (72.0, 146.0), (-17.0, 75.0), (112.0, 76.0), (-7.0, 9.0), (105.0, 9.0), (0, 0), (99.0, -1.0), (-25.0, -24.0), (125.0, -20.0)]
[(51.0, 278.0), (40.0, 289.0), (61.0, 289.0), (3.0, 263.0), (91.0, 260.0), (20.0, 138.0), (72.0, 140.0), (-19.0, 72.0), (115.0, 73.0), (-8.0, 9.0), (105.0, 9.0), (0, 0), (98.0, 0.0), (-26.0, -24.0), (125.0, -20.0)]
[(51.0, 280.0), (41.0, 289.0), (61.0, 288.0), (3.0, 262.0), (91.0, 259.0), (20.0, 139.0), (72.0, 140.0), (-19.0, 73.0), (115.0, 73.0), (-8.0, 9.0), (105.0, 10.0), (0, 0), (98.0, 1.0), (-25.0, -24.0), (125.0, -20.0)]
[(52.0, 252.0), (41.0, 263.0), (61.0, 261.0), (4.0, 244.0), (91.0, 237.0), (20.0, 126.0), (72.0, 126.0), (-22.0, 66.0), (117.0, 67.0), (-8.0, 7.0), (105.0, 9.0), (0, 0), (98.0, 1.0), (-25.0, -26.0), (125.0, -22.0)]
[(52.0, 240.0), (41.0, 251.0), (61.0, 249.0), (4.0, 233.0), (91.0, 228.0), (20.0, 116.0), (72.0, 117.0), (-24.0, 61.0), (118.0, 63.0), (-9.0, 7.0), (105.0, 8.0), (0, 0), (98.0, 1.0), (-25.0, -27.0), (125.0, -23.0)]
[(53.0, 239.0), (43.0, 250.0), (63.0, 249.0), (4.0, 231.0), (93.0, 225.0), (21.0, 114.0), (74.0, 113.0), (-23.0, 58.0), (120.0, 60.0), (-8.0, 6.0), (107.0, 7.0), (0, 0), (100.0, 0.0), (-24.0, -28.0), (126.0, -24.0)]
[(55.0, 227.0), (44.0, 238.0), (64.0, 238.0), (5.0, 221.0), (94.0, 217.0), (22.0, 107.0), (75.0, 106.0), (-22.0, 55.0), (122.0, 58.0), (-8.0, 5.0), (108.0, 7.0), (0, 0), (101.0, 1.0), (-23.0, -30.0), (126.0, -25.0)]
[(55.0, 226.0), (44.0, 237.0), (64.0, 236.0), (5.0, 221.0), (95.0, 218.0), (22.0, 106.0), (75.0, 106.0), (-22.0, 56.0), (122.0, 59.0), (-8.0, 6.0), (108.0, 8.0), (0, 0), (101.0, 1.0), (-23.0, -30.0), (126.0, -26.0)]
[(56.0, 217.0), (44.0, 228.0), (65.0, 228.0), (5.0, 212.0), (95.0, 209.0), (22.0, 99.0), (75.0, 99.0), (-23.0, 52.0), (123.0, 58.0), (-8.0, 5.0), (109.0, 7.0), (0, 0), (101.0, 0.0), (-23.0, -31.0), (126.0, -27.0)]
[(57.0, 202.0), (45.0, 214.0), (65.0, 213.0), (5.0, 196.0), (95.0, 197.0), (22.0, 88.0), (74.0, 89.0), (-25.0, 50.0), (125.0, 59.0), (-8.0, 5.0), (108.0, 7.0), (0, 0), (101.0, 0.0), (-22.0, -32.0), (126.0, -27.0)]
[(57.0, 195.0), (45.0, 206.0), (65.0, 205.0), (5.0, 186.0), (95.0, 184.0), (22.0, 79.0), (73.0, 80.0), (-26.0, 49.0), (126.0, 56.0), (-8.0, 3.0), (108.0, 5.0), (0, 0), (101.0, -2.0), (-22.0, -34.0), (125.0, -30.0)]
[(57.0, 193.0), (45.0, 204.0), (65.0, 204.0), (5.0, 184.0), (95.0, 182.0), (22.0, 77.0), (73.0, 76.0), (-27.0, 48.0), (127.0, 53.0), (-8.0, 3.0), (108.0, 3.0), (0, 0), (101.0, -3.0), (-22.0, -33.0), (125.0, -30.0)]
[(57.0, 186.0), (45.0, 198.0), (65.0, 198.0), (6.0, 177.0), (94.0, 173.0), (21.0, 73.0), (72.0, 72.0), (-27.0, 48.0), (127.0, 53.0), (-8.0, 4.0), (108.0, 4.0), (0, 0), (101.0, -2.0), (-22.0, -31.0), (125.0, -30.0)]
[(56.0, 187.0), (45.0, 198.0), (65.0, 197.0), (6.0, 178.0), (94.0, 173.0), (21.0, 73.0), (72.0, 71.0), (-28.0, 49.0), (126.0, 53.0), (-8.0, 4.0), (108.0, 4.0), (0, 0), (101.0, -2.0), (-22.0, -30.0), (123.0, -29.0)]
[(57.0, 190.0), (46.0, 200.0), (65.0, 199.0), (6.0, 180.0), (94.0, 176.0), (21.0, 73.0), (72.0, 72.0), (-29.0, 48.0), (126.0, 53.0), (-8.0, 3.0), (108.0, 3.0), (0, 0), (101.0, -3.0), (-22.0, -31.0), (123.0, -29.0)]
[(57.0, 191.0), (46.0, 201.0), (66.0, 200.0), (6.0, 181.0), (94.0, 176.0), (21.0, 73.0), (71.0, 72.0), (-29.0, 48.0), (125.0, 53.0), (-8.0, 3.0), (108.0, 3.0), (0, 0), (101.0, -3.0), (-22.0, -31.0), (123.0, -29.0)]
[(58.0, 194.0), (46.0, 206.0), (66.0, 204.0), (6.0, 184.0), (95.0, 187.0), (21.0, 81.0), (72.0, 77.0), (-29.0, 54.0), (125.0, 53.0), (-9.0, 4.0), (108.0, 3.0), (0, 0), (101.0, -2.0), (-22.0, -31.0), (123.0, -29.0)]
[(58.0, 205.0), (46.0, 215.0), (66.0, 215.0), (6.0, 196.0), (95.0, 198.0), (21.0, 91.0), (72.0, 88.0), (-29.0, 56.0), (125.0, 54.0), (-9.0, 4.0), (108.0, 3.0), (0, 0), (101.0, -2.0), (-22.0, -31.0), (123.0, -29.0)]
[(59.0, 210.0), (48.0, 220.0), (67.0, 220.0), (7.0, 201.0), (96.0, 200.0), (22.0, 93.0), (73.0, 91.0), (-28.0, 57.0), (125.0, 55.0), (-9.0, 5.0), (109.0, 3.0), (0, 0), (102.0, -2.0), (-21.0, -31.0), (124.0, -29.0)]
[(58.0, 220.0), (47.0, 230.0), (66.0, 230.0), (7.0, 212.0), (96.0, 209.0), (22.0, 101.0), (73.0, 99.0), (-27.0, 58.0), (124.0, 56.0), (-9.0, 5.0), (110.0, 3.0), (0, 0), (102.0, -3.0), (-21.0, -30.0), (125.0, -29.0)]
[(54.0, 253.0), (46.0, 263.0), (63.0, 262.0), (7.0, 238.0), (94.0, 231.0), (22.0, 123.0), (73.0, 124.0), (-26.0, 67.0), (122.0, 65.0), (-9.0, 7.0), (110.0, 5.0), (0, 0), (103.0, -2.0), (-22.0, -29.0), (126.0, -28.0)]
[(53.0, 272.0), (45.0, 282.0), (61.0, 280.0), (6.0, 254.0), (92.0, 249.0), (22.0, 133.0), (72.0, 134.0), (-25.0, 72.0), (119.0, 72.0), (-9.0, 8.0), (110.0, 6.0), (0, 0), (103.0, -2.0), (-22.0, -28.0), (126.0, -27.0)]
[(50.0, 276.0), (43.0, 285.0), (58.0, 284.0), (5.0, 256.0), (90.0, 252.0), (21.0, 134.0), (71.0, 135.0), (-26.0, 73.0), (117.0, 73.0), (-10.0, 8.0), (110.0, 6.0), (0, 0), (103.0, -2.0), (-23.0, -29.0), (125.0, -27.0)]
[(50.0, 290.0), (43.0, 299.0), (59.0, 298.0), (5.0, 265.0), (90.0, 263.0), (21.0, 141.0), (71.0, 143.0), (-25.0, 77.0), (114.0, 78.0), (-10.0, 8.0), (110.0, 6.0), (0, 0), (103.0, -3.0), (-23.0, -29.0), (126.0, -27.0)]
[(49.0, 327.0), (41.0, 336.0), (58.0, 335.0), (3.0, 293.0), (89.0, 293.0), (19.0, 164.0), (70.0, 166.0), (-18.0, 87.0), (107.0, 89.0), (-10.0, 11.0), (108.0, 9.0), (0, 0), (102.0, -2.0), (-24.0, -25.0), (125.0, -23.0)]
[(48.0, 348.0), (40.0, 356.0), (56.0, 355.0), (2.0, 311.0), (87.0, 311.0), (18.0, 180.0), (69.0, 182.0), (-11.0, 95.0), (101.0, 99.0), (-8.0, 12.0), (106.0, 12.0), (0, 0), (100.0, 1.0), (-25.0, -21.0), (125.0, -19.0)]
[(45.0, 349.0), (37.0, 357.0), (53.0, 357.0), (1.0, 313.0), (86.0, 314.0), (16.0, 181.0), (68.0, 181.0), (-10.0, 97.0), (98.0, 99.0), (-8.0, 13.0), (104.0, 13.0), (0, 0), (98.0, 1.0), (-26.0, -20.0), (126.0, -18.0)]
[(45.0, 364.0), (36.0, 372.0), (53.0, 373.0), (1.0, 323.0), (86.0, 324.0), (16.0, 189.0), (68.0, 189.0), (-7.0, 100.0), (95.0, 100.0), (-8.0, 13.0), (103.0, 12.0), (0, 0), (98.0, 0.0), (-27.0, -20.0), (126.0, -17.0)]