[(41.0, 374.0), (32.0, 383.0), (50.0, 382.0), (-3.0, 337.0), (81.0, 330.0), (12.0, 192.0), (62.0, 192.0), (-12.0, 98.0), (86.0, 97.0), (-9.0, 12.0), (97.0, 8.0), (0, 0), (92.0, -5.0), (-28.0, -25.0), (113.0, -22.0)]
[(41.0, 377.0), (31.0, 385.0), (49.0, 384.0), (-3.0, 340.0), (81.0, 336.0), (12.0, 197.0), (62.0, 196.0), (-10.0, 102.0), (86.0, 101.0), (-8.0, 13.0), (97.0, 10.0), (0, 0), (92.0, -4.0), (-29.0, -23.0), (115.0, -20.0)]
[(41.0, 395.0), (31.0, 403.0), (50.0, 402.0), (-3.0, 354.0), (81.0, 349.0), (12.0, 207.0), (61.0, 207.0), (-4.0, 107.0), (81.0, 107.0), (-8.0, 14.0), (96.0, 13.0), (0, 0), (92.0, 0.0), (-29.0, -20.0), (115.0, -16.0)]
[(41.0, 399.0), (31.0, 408.0), (50.0, 408.0), (-3.0, 357.0), (81.0, 353.0), (12.0, 209.0), (61.0, 209.0), (-1.0, 109.0), (80.0, 110.0), (-8.0, 14.0), (95.0, 14.0), (0, 0), (92.0, 1.0), (-29.0, -20.0), (115.0, -15.0)]
[(39.0, 403.0), (30.0, 412.0), (49.0, 411.0), (-3.0, 360.0), (81.0, 356.0), (12.0, 210.0), (61.0, 211.0), (2.0, 109.0), (80.0, 111.0), (-7.0, 14.0), (95.0, 15.0), (0, 0), (92.0, 2.0), (-30.0, -19.0), (114.0, -14.0)]
[(38.0, 402.0), (30.0, 411.0), (49.0, 410.0), (-4.0, 362.0), (81.0, 358.0), (12.0, 210.0), (61.0, 212.0), (2.0, 108.0), (80.0, 110.0), (-6.0, 13.0), (95.0, 15.0), (0, 0), (92.0, 2.0), (-30.0, -20.0), (113.0, -14.0)]
[(37.0, 403.0), (30.0, 412.0), (48.0, 411.0), (-4.0, 362.0), (81.0, 357.0), (12.0, 211.0), (61.0, 212.0), (4.0, 109.0), (80.0, 110.0), (-6.0, 13.0), (95.0, 15.0), (0, 0), (92.0, 2.0), (-31.0, -20.0), (113.0, -14.0)]
[(36.0, 404.0), (29.0, 412.0), (48.0, 412.0), (-4.0, 360.0), (81.0, 357.0), (12.0, 211.0), (62.0, 212.0), (5.0, 109.0), (79.0, 110.0), (-6.0, 13.0), (94.0, 15.0), (0, 0), (91.0, 2.0), (-31.0, -20.0), (112.0, -14.0)]
[(35.0, 403.0), (28.0, 412.0), (47.0, 412.0), (-4.0, 360.0), (81.0, 357.0), (13.0, 210.0), (62.0, 212.0), (5.0, 108.0), (79.0, 109.0), (-5.0, 12.0), (94.0, 15.0), (0, 0), (91.0, 3.0), (-31.0, -20.0), (112.0, -15.0)]
[(34.0, 404.0), (28.0, 413.0), (46.0, 412.0), (-4.0, 359.0), (81.0, 357.0), (13.0, 211.0), (62.0, 212.0), (5.0, 108.0), (79.0, 109.0), (-5.0, 12.0), (93.0, 14.0), (0, 0), (91.0, 2.0), (-31.0, -20.0), (112.0, -15.0)]
[(34.0, 405.0), (27.0, 413.0), (46.0, 413.0), (-4.0, 361.0), (81.0, 358.0), (13.0, 212.0), (63.0, 213.0), (6.0, 110.0), (79.0, 110.0), (-5.0, 13.0), (93.0, 15.0), (0, 0), (90.0, 3.0), (-31.0, -19.0), (111.0, -14.0)]
[(34.0, 405.0), (27.0, 413.0), (46.0, 413.0), (-4.0, 361.0), (81.0, 358.0), (13.0, 212.0), (63.0, 213.0), (6.0, 110.0), (79.0, 110.0), (-5.0, 13.0), (93.0, 15.0), (0, 0), (90.0, 3.0), (-31.0, -19.0), (111.0, -15.0)]
[(34.0, 404.0), (27.0, 413.0), (46.0, 413.0), (-4.0, 361.0), (81.0, 359.0), (13.0, 211.0), (63.0, 213.0), (5.0, 110.0), (79.0, 110.0), (-5.0, 13.0), (93.0, 15.0), (0, 0), (90.0, 3.0), (-31.0, -19.0), (111.0, -15.0)]
[(34.0, 404.0), (26.0, 413.0), (45.0, 413.0), (-4.0, 360.0), (80.0, 358.0), (13.0, 210.0), (63.0, 212.0), (5.0, 109.0), (79.0, 110.0), (-5.0, 13.0), (93.0, 15.0), (0, 0), (90.0, 3.0), (-31.0, -19.0), (111.0, -15.0)]
[(33.0, 404.0), (26.0, 412.0), (45.0, 412.0), (-5.0, 359.0), (80.0, 358.0), (13.0, 210.0), (63.0, 212.0), (4.0, 108.0), (78.0, 109.0), (-6.0, 12.0), (93.0, 14.0), (0, 0), (90.0, 2.0), (-30.0, -20.0), (111.0, -16.0)]
[(35.0, 403.0), (27.0, 412.0), (46.0, 412.0), (-4.0, 359.0), (81.0, 358.0), (14.0, 210.0), (64.0, 212.0), (5.0, 108.0), (79.0, 109.0), (-5.0, 12.0), (94.0, 14.0), (0, 0), (91.0, 2.0), (-28.0, -20.0), (112.0, -15.0)]
[(35.0, 403.0), (27.0, 412.0), (46.0, 411.0), (-4.0, 359.0), (81.0, 358.0), (13.0, 210.0), (64.0, 212.0), (5.0, 108.0), (79.0, 109.0), (-6.0, 12.0), (94.0, 14.0), (0, 0), (91.0, 3.0), (-28.0, -20.0), (112.0, -15.0)]
[(35.0, 403.0), (27.0, 411.0), (46.0, 411.0), (-4.0, 360.0), (81.0, 358.0), (13.0, 210.0), (64.0, 212.0), (5.0, 107.0), (79.0, 109.0), (-6.0, 12.0), (94.0, 14.0), (0, 0), (91.0, 3.0), (-27.0, -21.0), (112.0, -15.0)]
[(34.0, 403.0), (27.0, 411.0), (45.0, 411.0), (-4.0, 360.0), (81.0, 358.0), (13.0, 210.0), (64.0, 212.0), (5.0, 107.0), (79.0, 109.0), (-6.0, 12.0), (94.0, 14.0), (0, 0), (91.0, 3.0), (-27.0, -21.0), (112.0, -16.0)]
[(34.0, 402.0), (27.0, 411.0), (45.0, 411.0), (-5.0, 360.0), (81.0, 358.0), (13.0, 210.0), (64.0, 211.0), (5.0, 107.0), (79.0, 108.0), (-6.0, 13.0), (94.0, 14.0), (0, 0), (91.0, 3.0), (-27.0, -21.0), (113.0, -16.0)]
[(34.0, 402.0), (27.0, 411.0), (45.0, 411.0), (-5.0, 360.0), (80.0, 358.0), (13.0, 210.0), (64.0, 211.0), (5.0, 107.0), (79.0, 108.0), (-6.0, 13.0), (94.0, 14.0), (0, 0), (91.0, 3.0), (-27.0, -21.0), (112.0, -16.0)]
[(34.0, 401.0), (27.0, 410.0), (45.0, 410.0), (-5.0, 359.0), (80.0, 357.0), (13.0, 209.0), (64.0, 210.0), (4.0, 106.0), (80.0, 107.0), (-6.0, 12.0), (94.0, 13.0), (0, 0), (91.0, 2.0), (-27.0, -22.0), (112.0, -17.0)]
[(34.0, 401.0), (26.0, 410.0), (45.0, 410.0), (-5.0, 359.0), (80.0, 357.0), (13.0, 209.0), (64.0, 210.0), (3.0, 105.0), (80.0, 107.0), (-6.0, 12.0), (94.0, 13.0), (0, 0), (91.0, 2.0), (-27.0, -22.0), (111.0, -17.0)]
[(36.0, 396.0), (27.0, 406.0), (46.0, 406.0), (-5.0, 356.0), (80.0, 354.0), (14.0, 207.0), (64.0, 208.0), (1.0, 105.0), (82.0, 105.0), (-6.0, 12.0), (94.0, 12.0), (0, 0), (91.0, 1.0), (-27.0, -22.0), (111.0, -17.0)]
[(37.0, 389.0), (28.0, 398.0), (47.0, 397.0), (-5.0, 349.0), (81.0, 346.0), (14.0, 201.0), (64.0, 202.0), (-3.0, 101.0), (86.0, 103.0), (-6.0, 12.0), (94.0, 12.0), (0, 0), (91.0, 1.0), (-28.0, -22.0), (112.0, -17.0)]
[(41.0, 374.0), (29.0, 383.0), (50.0, 382.0), (-5.0, 339.0), (82.0, 335.0), (14.0, 190.0), (65.0, 191.0), (-7.0, 93.0), (90.0, 97.0), (-7.0, 11.0), (94.0, 11.0), (0, 0), (91.0, 0.0), (-29.0, -23.0), (112.0, -18.0)]
[(41.0, 373.0), (30.0, 382.0), (50.0, 382.0), (-4.0, 337.0), (82.0, 333.0), (14.0, 187.0), (65.0, 189.0), (-9.0, 91.0), (91.0, 95.0), (-7.0, 11.0), (95.0, 11.0), (0, 0), (91.0, 0.0), (-29.0, -23.0), (112.0, -18.0)]
[(43.0, 344.0), (32.0, 354.0), (52.0, 353.0), (-3.0, 316.0), (85.0, 311.0), (16.0, 166.0), (67.0, 168.0), (-14.0, 81.0), (102.0, 83.0), (-8.0, 10.0), (99.0, 9.0), (0, 0), (93.0, -2.0), (-27.0, -25.0), (114.0, -20.0)]
[(43.0, 322.0), (32.0, 333.0), (53.0, 332.0), (-3.0, 302.0), (87.0, 297.0), (16.0, 155.0), (67.0, 156.0), (-20.0, 76.0), (108.0, 74.0), (-9.0, 9.0), (100.0, 7.0), (0, 0), (94.0, -3.0), (-27.0, -26.0), (116.0, -21.0)]
[(45.0, 319.0), (34.0, 329.0), (55.0, 328.0), (-2.0, 301.0), (88.0, 294.0), (17.0, 154.0), (69.0, 154.0), (-20.0, 75.0), (110.0, 70.0), (-9.0, 8.0), (102.0, 6.0), (0, 0), (96.0, -3.0), (-26.0, -27.0), (117.0, -23.0)]
[(44.0, 302.0), (34.0, 313.0), (55.0, 312.0), (-1.0, 286.0), (89.0, 280.0), (18.0, 144.0), (70.0, 145.0), (-23.0, 70.0), (113.0, 68.0), (-9.0, 7.0), (103.0, 5.0), (0, 0), (96.0, -4.0), (-26.0, -29.0), (118.0, -24.0)]
[(44.0, 287.0), (34.0, 298.0), (55.0, 297.0), (-1.0, 270.0), (90.0, 263.0), (18.0, 133.0), (70.0, 133.0), (-26.0, 63.0), (114.0, 64.0), (-9.0, 6.0), (103.0, 6.0), (0, 0), (96.0, -3.0), (-26.0, -31.0), (117.0, -26.0)]
[(45.0, 282.0), (34.0, 292.0), (55.0, 291.0), (-1.0, 268.0), (90.0, 261.0), (18.0, 132.0), (70.0, 133.0), (-26.0, 61.0), (113.0, 62.0), (-9.0, 6.0), (103.0, 5.0), (0, 0), (96.0, -4.0), (-26.0, -32.0), (117.0, -28.0)]
[(44.0, 252.0), (34.0, 263.0), (55.0, 262.0), (-0.0, 244.0), (90.0, 233.0), (18.0, 111.0), (70.0, 111.0), (-30.0, 56.0), (114.0, 55.0), (-9.0, 4.0), (103.0, 3.0), (0, 0), (96.0, -4.0), (-26.0, -34.0), (116.0, -30.0)]
[(45.0, 237.0), (35.0, 248.0), (56.0, 246.0), (1.0, 224.0), (90.0, 215.0), (17.0, 96.0), (70.0, 96.0), (-32.0, 52.0), (115.0, 49.0), (-9.0, 3.0), (102.0, 2.0), (0, 0), (95.0, -2.0), (-25.0, -37.0), (114.0, -33.0)]
[(46.0, 223.0), (36.0, 235.0), (57.0, 233.0), (1.0, 213.0), (90.0, 206.0), (17.0, 87.0), (69.0, 86.0), (-32.0, 51.0), (117.0, 51.0), (-9.0, 3.0), (102.0, 2.0), (0, 0), (95.0, -3.0), (-24.0, -38.0), (112.0, -33.0)]
[(48.0, 223.0), (38.0, 233.0), (59.0, 232.0), (1.0, 211.0), (90.0, 204.0), (17.0, 87.0), (68.0, 86.0), (-32.0, 51.0), (116.0, 51.0), (-10.0, 3.0), (102.0, 2.0), (0, 0), (95.0, -4.0), (-24.0, -37.0), (112.0, -33.0)]
[(49.0, 203.0), (39.0, 215.0), (59.0, 213.0), (2.0, 192.0), (90.0, 188.0), (14.0, 70.0), (66.0, 69.0), (-32.0, 50.0), (115.0, 52.0), (-10.0, 3.0), (102.0, 2.0), (0, 0), (95.0, -4.0), (-24.0, -35.0), (113.0, -33.0)]
[(49.0, 196.0), (38.0, 207.0), (59.0, 206.0), (2.0, 183.0), (90.0, 178.0), (14.0, 65.0), (65.0, 64.0), (-33.0, 49.0), (116.0, 52.0), (-9.0, 3.0), (102.0, 2.0), (0, 0), (95.0, -4.0), (-23.0, -35.0), (113.0, -33.0)]
[(48.0, 196.0), (38.0, 206.0), (59.0, 205.0), (3.0, 183.0), (90.0, 175.0), (14.0, 64.0), (65.0, 63.0), (-32.0, 50.0), (117.0, 51.0), (-9.0, 3.0), (101.0, 2.0), (0, 0), (94.0, -4.0), (-23.0, -35.0), (112.0, -33.0)]
[(48.0, 192.0), (38.0, 202.0), (59.0, 200.0), (4.0, 177.0), (90.0, 168.0), (14.0, 59.0), (64.0, 58.0), (-32.0, 51.0), (118.0, 51.0), (-9.0, 3.0), (101.0, 1.0), (0, 0), (94.0, -6.0), (-22.0, -35.0), (113.0, -33.0)]
[(47.0, 189.0), (38.0, 199.0), (58.0, 199.0), (4.0, 174.0), (90.0, 167.0), (14.0, 57.0), (64.0, 55.0), (-34.0, 51.0), (120.0, 52.0), (-9.0, 3.0), (101.0, 1.0), (0, 0), (94.0, -5.0), (-23.0, -34.0), (113.0, -32.0)]
[(47.0, 191.0), (38.0, 200.0), (58.0, 200.0), (4.0, 176.0), (90.0, 169.0), (14.0, 58.0), (64.0, 58.0), (-35.0, 52.0), (120.0, 52.0), (-8.0, 4.0), (101.0, 1.0), (0, 0), (94.0, -5.0), (-23.0, -34.0), (114.0, -32.0)]
[(47.0, 190.0), (38.0, 200.0), (58.0, 199.0), (4.0, 176.0), (89.0, 169.0), (14.0, 58.0), (64.0, 58.0), (-36.0, 51.0), (120.0, 51.0), (-8.0, 3.0), (101.0, 0.0), (0, 0), (94.0, -6.0), (-23.0, -35.0), (115.0, -33.0)]
[(47.0, 199.0), (38.0, 209.0), (58.0, 208.0), (4.0, 184.0), (89.0, 169.0), (14.0, 60.0), (64.0, 61.0), (-36.0, 52.0), (120.0, 53.0), (-9.0, 3.0), (102.0, 0.0), (0, 0), (95.0, -6.0), (-23.0, -35.0), (116.0, -33.0)]
[(46.0, 211.0), (38.0, 222.0), (56.0, 221.0), (4.0, 197.0), (89.0, 185.0), (14.0, 76.0), (64.0, 74.0), (-36.0, 55.0), (119.0, 57.0), (-9.0, 4.0), (103.0, 0.0), (0, 0), (95.0, -7.0), (-22.0, -34.0), (116.0, -33.0)]
[(43.0, 230.0), (37.0, 241.0), (52.0, 239.0), (3.0, 214.0), (87.0, 203.0), (15.0, 92.0), (65.0, 91.0), (-36.0, 57.0), (119.0, 59.0), (-10.0, 4.0), (103.0, 0.0), (0, 0), (95.0, -7.0), (-22.0, -34.0), (116.0, -33.0)]
[(42.0, 234.0), (37.0, 244.0), (51.0, 243.0), (3.0, 219.0), (86.0, 209.0), (15.0, 96.0), (65.0, 95.0), (-36.0, 58.0), (118.0, 59.0), (-10.0, 4.0), (103.0, 0.0), (0, 0), (96.0, -6.0), (-22.0, -34.0), (116.0, -32.0)]
[(40.0, 249.0), (35.0, 259.0), (49.0, 258.0), (3.0, 233.0), (84.0, 222.0), (15.0, 107.0), (65.0, 108.0), (-34.0, 58.0), (117.0, 61.0), (-10.0, 4.0), (104.0, 1.0), (0, 0), (97.0, -6.0), (-23.0, -34.0), (116.0, -32.0)]
[(39.0, 252.0), (34.0, 262.0), (48.0, 261.0), (2.0, 235.0), (83.0, 225.0), (16.0, 108.0), (65.0, 109.0), (-34.0, 58.0), (116.0, 61.0), (-10.0, 4.0), (105.0, 1.0), (0, 0), (98.0, -4.0), (-24.0, -34.0), (116.0, -32.0)]
[(39.0, 287.0), (34.0, 295.0), (49.0, 295.0), (2.0, 259.0), (84.0, 252.0), (16.0, 128.0), (66.0, 131.0), (-32.0, 65.0), (115.0, 67.0), (-10.0, 4.0), (105.0, 1.0), (0, 0), (98.0, -4.0), (-24.0, -35.0), (117.0, -32.0)]
[(39.0, 307.0), (34.0, 316.0), (49.0, 314.0), (1.0, 278.0), (83.0, 271.0), (16.0, 141.0), (66.0, 144.0), (-30.0, 71.0), (113.0, 75.0), (-10.0, 5.0), (105.0, 4.0), (0, 0), (99.0, -4.0), (-24.0, -35.0), (117.0, -32.0)]
[(40.0, 309.0), (34.0, 318.0), (49.0, 317.0), (-0.0, 279.0), (83.0, 275.0), (16.0, 143.0), (67.0, 145.0), (-29.0, 73.0), (113.0, 76.0), (-10.0, 5.0), (105.0, 5.0), (0, 0), (99.0, -3.0), (-24.0, -34.0), (117.0, -31.0)]
[(39.0, 325.0), (33.0, 333.0), (49.0, 333.0), (-0.0, 296.0), (83.0, 292.0), (16.0, 154.0), (67.0, 156.0), (-26.0, 76.0), (110.0, 81.0), (-10.0, 5.0), (106.0, 5.0), (0, 0), (100.0, -3.0), (-24.0, -35.0), (117.0, -31.0)]
[(39.0, 365.0), (32.0, 373.0), (48.0, 373.0), (-1.0, 328.0), (82.0, 323.0), (15.0, 182.0), (66.0, 183.0), (-14.0, 95.0), (101.0, 93.0), (-9.0, 10.0), (103.0, 7.0), (0, 0), (98.0, -4.0), (-25.0, -30.0), (116.0, -26.0)]