[(45.0, 377.0), (35.0, 387.0), (54.0, 385.0), (-2.0, 331.0), (85.0, 328.0), (16.0, 207.0), (68.0, 206.0), (2.0, 111.0), (88.0, 111.0), (-6.0, 13.0), (100.0, 14.0), (0, 0), (95.0, 2.0), (-25.0, -22.0), (117.0, -15.0)]
[(45.0, 384.0), (34.0, 394.0), (54.0, 393.0), (-2.0, 338.0), (84.0, 336.0), (16.0, 208.0), (68.0, 208.0), (3.0, 110.0), (86.0, 110.0), (-6.0, 13.0), (100.0, 14.0), (0, 0), (95.0, 3.0), (-25.0, -22.0), (116.0, -15.0)]
[(43.0, 393.0), (32.0, 403.0), (52.0, 402.0), (-3.0, 344.0), (83.0, 345.0), (15.0, 211.0), (67.0, 210.0), (3.0, 110.0), (84.0, 111.0), (-7.0, 14.0), (98.0, 15.0), (0, 0), (94.0, 4.0), (-26.0, -21.0), (115.0, -14.0)]
[(42.0, 394.0), (32.0, 403.0), (51.0, 402.0), (-3.0, 345.0), (82.0, 346.0), (15.0, 212.0), (67.0, 211.0), (3.0, 110.0), (82.0, 112.0), (-7.0, 14.0), (97.0, 15.0), (0, 0), (94.0, 4.0), (-26.0, -21.0), (115.0, -14.0)]
[(42.0, 398.0), (31.0, 408.0), (51.0, 407.0), (-3.0, 350.0), (81.0, 350.0), (14.0, 213.0), (66.0, 212.0), (4.0, 109.0), (81.0, 110.0), (-7.0, 14.0), (97.0, 15.0), (0, 0), (94.0, 4.0), (-26.0, -21.0), (114.0, -15.0)]
[(40.0, 399.0), (30.0, 409.0), (50.0, 408.0), (-3.0, 351.0), (81.0, 351.0), (14.0, 212.0), (65.0, 212.0), (4.0, 109.0), (81.0, 110.0), (-7.0, 13.0), (97.0, 15.0), (0, 0), (94.0, 4.0), (-26.0, -21.0), (113.0, -15.0)]
[(39.0, 400.0), (30.0, 410.0), (49.0, 409.0), (-4.0, 351.0), (80.0, 351.0), (13.0, 213.0), (65.0, 212.0), (5.0, 109.0), (80.0, 110.0), (-7.0, 13.0), (97.0, 15.0), (0, 0), (94.0, 4.0), (-25.0, -22.0), (113.0, -15.0)]
[(39.0, 401.0), (29.0, 410.0), (49.0, 409.0), (-4.0, 352.0), (80.0, 352.0), (13.0, 213.0), (64.0, 213.0), (5.0, 109.0), (79.0, 110.0), (-7.0, 14.0), (97.0, 15.0), (0, 0), (94.0, 4.0), (-25.0, -22.0), (113.0, -15.0)]
[(39.0, 401.0), (29.0, 410.0), (49.0, 410.0), (-4.0, 352.0), (80.0, 352.0), (13.0, 213.0), (64.0, 212.0), (5.0, 108.0), (80.0, 110.0), (-6.0, 14.0), (97.0, 15.0), (0, 0), (94.0, 4.0), (-25.0, -22.0), (113.0, -15.0)]
[(39.0, 400.0), (29.0, 410.0), (49.0, 409.0), (-5.0, 352.0), (80.0, 351.0), (13.0, 211.0), (64.0, 211.0), (5.0, 107.0), (80.0, 109.0), (-6.0, 13.0), (97.0, 14.0), (0, 0), (94.0, 3.0), (-25.0, -23.0), (113.0, -16.0)]
[(39.0, 400.0), (29.0, 409.0), (49.0, 408.0), (-5.0, 352.0), (80.0, 351.0), (12.0, 212.0), (64.0, 212.0), (5.0, 107.0), (79.0, 108.0), (-6.0, 12.0), (97.0, 14.0), (0, 0), (94.0, 3.0), (-25.0, -24.0), (113.0, -16.0)]
[(39.0, 400.0), (29.0, 409.0), (49.0, 409.0), (-5.0, 352.0), (80.0, 351.0), (12.0, 211.0), (64.0, 212.0), (5.0, 107.0), (79.0, 108.0), (-6.0, 12.0), (97.0, 14.0), (0, 0), (94.0, 3.0), (-25.0, -24.0), (113.0, -16.0)]
[(39.0, 400.0), (29.0, 409.0), (49.0, 408.0), (-6.0, 352.0), (80.0, 351.0), (12.0, 212.0), (64.0, 212.0), (5.0, 107.0), (79.0, 109.0), (-6.0, 12.0), (97.0, 14.0), (0, 0), (94.0, 3.0), (-25.0, -24.0), (113.0, -16.0)]
[(39.0, 400.0), (29.0, 409.0), (49.0, 408.0), (-6.0, 352.0), (80.0, 351.0), (12.0, 212.0), (64.0, 212.0), (5.0, 107.0), (79.0, 109.0), (-6.0, 12.0), (97.0, 14.0), (0, 0), (94.0, 4.0), (-25.0, -24.0), (113.0, -16.0)]
[(39.0, 400.0), (29.0, 409.0), (49.0, 408.0), (-6.0, 352.0), (80.0, 351.0), (13.0, 212.0), (65.0, 212.0), (5.0, 107.0), (79.0, 109.0), (-6.0, 13.0), (97.0, 14.0), (0, 0), (94.0, 3.0), (-25.0, -24.0), (114.0, -17.0)]
[(38.0, 400.0), (28.0, 409.0), (48.0, 408.0), (-6.0, 351.0), (80.0, 351.0), (13.0, 212.0), (65.0, 212.0), (5.0, 107.0), (79.0, 109.0), (-6.0, 13.0), (97.0, 14.0), (0, 0), (94.0, 3.0), (-25.0, -24.0), (114.0, -17.0)]
[(38.0, 399.0), (28.0, 409.0), (48.0, 407.0), (-6.0, 351.0), (80.0, 350.0), (13.0, 212.0), (65.0, 212.0), (5.0, 107.0), (80.0, 109.0), (-6.0, 13.0), (97.0, 14.0), (0, 0), (94.0, 3.0), (-25.0, -24.0), (114.0, -17.0)]
[(38.0, 399.0), (28.0, 409.0), (48.0, 407.0), (-6.0, 351.0), (80.0, 350.0), (13.0, 212.0), (65.0, 212.0), (5.0, 107.0), (80.0, 109.0), (-6.0, 13.0), (97.0, 14.0), (0, 0), (94.0, 3.0), (-25.0, -24.0), (114.0, -17.0)]
[(38.0, 399.0), (28.0, 409.0), (48.0, 407.0), (-6.0, 351.0), (80.0, 350.0), (13.0, 212.0), (65.0, 212.0), (5.0, 107.0), (80.0, 109.0), (-6.0, 13.0), (97.0, 14.0), (0, 0), (94.0, 3.0), (-25.0, -24.0), (114.0, -17.0)]
[(38.0, 399.0), (28.0, 409.0), (48.0, 408.0), (-6.0, 351.0), (80.0, 350.0), (13.0, 212.0), (65.0, 212.0), (5.0, 107.0), (80.0, 109.0), (-6.0, 13.0), (96.0, 14.0), (0, 0), (94.0, 3.0), (-25.0, -24.0), (114.0, -17.0)]
[(40.0, 399.0), (30.0, 409.0), (50.0, 407.0), (-5.0, 351.0), (81.0, 350.0), (14.0, 212.0), (66.0, 212.0), (6.0, 107.0), (81.0, 109.0), (-5.0, 13.0), (97.0, 14.0), (0, 0), (95.0, 3.0), (-24.0, -24.0), (115.0, -17.0)]
[(42.0, 398.0), (31.0, 408.0), (51.0, 406.0), (-5.0, 350.0), (82.0, 350.0), (14.0, 212.0), (66.0, 212.0), (6.0, 107.0), (81.0, 109.0), (-5.0, 13.0), (97.0, 14.0), (0, 0), (95.0, 3.0), (-25.0, -24.0), (115.0, -17.0)]
[(43.0, 397.0), (31.0, 408.0), (52.0, 406.0), (-5.0, 350.0), (82.0, 350.0), (14.0, 212.0), (66.0, 212.0), (6.0, 107.0), (81.0, 109.0), (-5.0, 13.0), (97.0, 14.0), (0, 0), (95.0, 3.0), (-25.0, -24.0), (115.0, -17.0)]
[(43.0, 396.0), (32.0, 406.0), (52.0, 404.0), (-5.0, 349.0), (82.0, 349.0), (14.0, 212.0), (66.0, 212.0), (6.0, 108.0), (81.0, 109.0), (-5.0, 13.0), (97.0, 14.0), (0, 0), (94.0, 3.0), (-25.0, -24.0), (115.0, -17.0)]
[(43.0, 386.0), (32.0, 396.0), (52.0, 395.0), (-5.0, 343.0), (82.0, 340.0), (14.0, 212.0), (66.0, 212.0), (4.0, 107.0), (83.0, 109.0), (-6.0, 13.0), (97.0, 13.0), (0, 0), (94.0, 2.0), (-26.0, -24.0), (115.0, -17.0)]
[(43.0, 381.0), (32.0, 391.0), (52.0, 389.0), (-4.0, 336.0), (83.0, 332.0), (14.0, 209.0), (66.0, 208.0), (2.0, 107.0), (85.0, 109.0), (-6.0, 13.0), (97.0, 13.0), (0, 0), (94.0, 2.0), (-26.0, -24.0), (115.0, -17.0)]
[(43.0, 379.0), (32.0, 388.0), (53.0, 387.0), (-4.0, 334.0), (83.0, 330.0), (14.0, 207.0), (66.0, 206.0), (2.0, 107.0), (86.0, 109.0), (-6.0, 13.0), (97.0, 14.0), (0, 0), (94.0, 2.0), (-26.0, -24.0), (116.0, -17.0)]
[(43.0, 372.0), (32.0, 381.0), (53.0, 380.0), (-4.0, 329.0), (83.0, 325.0), (14.0, 204.0), (66.0, 204.0), (-0.0, 107.0), (87.0, 108.0), (-6.0, 13.0), (97.0, 14.0), (0, 0), (94.0, 3.0), (-26.0, -23.0), (116.0, -17.0)]
[(44.0, 358.0), (33.0, 368.0), (53.0, 367.0), (-4.0, 318.0), (83.0, 311.0), (14.0, 196.0), (66.0, 195.0), (-2.0, 108.0), (89.0, 108.0), (-6.0, 14.0), (98.0, 15.0), (0, 0), (94.0, 4.0), (-24.0, -22.0), (115.0, -15.0)]
[(45.0, 348.0), (33.0, 359.0), (54.0, 356.0), (-4.0, 309.0), (83.0, 303.0), (14.0, 190.0), (66.0, 189.0), (-5.0, 107.0), (90.0, 107.0), (-6.0, 14.0), (98.0, 15.0), (0, 0), (95.0, 3.0), (-23.0, -22.0), (115.0, -15.0)]
[(45.0, 347.0), (34.0, 357.0), (55.0, 355.0), (-4.0, 307.0), (83.0, 302.0), (13.0, 188.0), (66.0, 187.0), (-6.0, 106.0), (91.0, 107.0), (-6.0, 15.0), (99.0, 15.0), (0, 0), (95.0, 3.0), (-23.0, -21.0), (115.0, -15.0)]
[(46.0, 341.0), (35.0, 350.0), (56.0, 350.0), (-3.0, 300.0), (84.0, 296.0), (14.0, 184.0), (67.0, 183.0), (-5.0, 106.0), (93.0, 106.0), (-6.0, 15.0), (100.0, 15.0), (0, 0), (96.0, 3.0), (-22.0, -21.0), (116.0, -15.0)]
[(46.0, 324.0), (35.0, 335.0), (56.0, 333.0), (-4.0, 285.0), (84.0, 280.0), (14.0, 170.0), (66.0, 170.0), (-6.0, 98.0), (95.0, 100.0), (-6.0, 15.0), (100.0, 15.0), (0, 0), (96.0, 3.0), (-22.0, -21.0), (116.0, -15.0)]
[(46.0, 315.0), (35.0, 326.0), (56.0, 324.0), (-5.0, 278.0), (84.0, 271.0), (13.0, 165.0), (66.0, 166.0), (-9.0, 88.0), (98.0, 94.0), (-6.0, 13.0), (101.0, 15.0), (0, 0), (96.0, 3.0), (-22.0, -22.0), (117.0, -15.0)]
[(46.0, 312.0), (35.0, 323.0), (56.0, 321.0), (-5.0, 275.0), (84.0, 271.0), (13.0, 164.0), (66.0, 163.0), (-10.0, 89.0), (99.0, 92.0), (-6.0, 13.0), (101.0, 14.0), (0, 0), (96.0, 2.0), (-22.0, -22.0), (118.0, -16.0)]
[(46.0, 297.0), (35.0, 309.0), (56.0, 306.0), (-6.0, 261.0), (84.0, 257.0), (13.0, 154.0), (66.0, 153.0), (-14.0, 84.0), (103.0, 82.0), (-7.0, 10.0), (101.0, 11.0), (0, 0), (96.0, -1.0), (-22.0, -25.0), (118.0, -19.0)]
[(46.0, 289.0), (35.0, 301.0), (56.0, 299.0), (-6.0, 255.0), (84.0, 250.0), (13.0, 151.0), (66.0, 150.0), (-17.0, 83.0), (104.0, 80.0), (-7.0, 11.0), (101.0, 11.0), (0, 0), (96.0, -1.0), (-22.0, -24.0), (118.0, -19.0)]
[(46.0, 287.0), (35.0, 298.0), (56.0, 297.0), (-6.0, 253.0), (84.0, 249.0), (13.0, 149.0), (66.0, 148.0), (-18.0, 82.0), (104.0, 76.0), (-7.0, 10.0), (101.0, 10.0), (0, 0), (96.0, -1.0), (-22.0, -25.0), (118.0, -20.0)]
[(47.0, 279.0), (36.0, 290.0), (57.0, 289.0), (-5.0, 246.0), (85.0, 243.0), (14.0, 147.0), (67.0, 146.0), (-18.0, 80.0), (105.0, 75.0), (-7.0, 9.0), (102.0, 9.0), (0, 0), (97.0, -2.0), (-23.0, -25.0), (119.0, -21.0)]
[(47.0, 273.0), (36.0, 284.0), (57.0, 282.0), (-5.0, 240.0), (85.0, 234.0), (14.0, 143.0), (67.0, 142.0), (-19.0, 77.0), (105.0, 74.0), (-7.0, 9.0), (102.0, 8.0), (0, 0), (97.0, -3.0), (-24.0, -26.0), (119.0, -22.0)]
[(47.0, 271.0), (37.0, 281.0), (57.0, 280.0), (-5.0, 238.0), (85.0, 232.0), (15.0, 142.0), (67.0, 140.0), (-20.0, 76.0), (105.0, 74.0), (-7.0, 8.0), (102.0, 7.0), (0, 0), (97.0, -3.0), (-24.0, -26.0), (119.0, -23.0)]
[(47.0, 261.0), (37.0, 272.0), (57.0, 270.0), (-5.0, 229.0), (86.0, 219.0), (15.0, 138.0), (67.0, 137.0), (-21.0, 74.0), (108.0, 74.0), (-7.0, 8.0), (102.0, 7.0), (0, 0), (97.0, -3.0), (-24.0, -26.0), (119.0, -23.0)]
[(47.0, 254.0), (38.0, 266.0), (57.0, 263.0), (-5.0, 223.0), (86.0, 211.0), (14.0, 134.0), (67.0, 133.0), (-21.0, 73.0), (110.0, 74.0), (-7.0, 8.0), (102.0, 7.0), (0, 0), (97.0, -3.0), (-24.0, -26.0), (118.0, -23.0)]
[(47.0, 254.0), (38.0, 265.0), (57.0, 262.0), (-5.0, 223.0), (85.0, 211.0), (14.0, 133.0), (66.0, 132.0), (-21.0, 73.0), (110.0, 74.0), (-7.0, 9.0), (102.0, 8.0), (0, 0), (97.0, -2.0), (-24.0, -25.0), (118.0, -22.0)]
[(48.0, 243.0), (39.0, 254.0), (58.0, 252.0), (-4.0, 213.0), (85.0, 205.0), (14.0, 127.0), (66.0, 127.0), (-23.0, 69.0), (112.0, 72.0), (-8.0, 8.0), (103.0, 7.0), (0, 0), (97.0, -3.0), (-24.0, -26.0), (118.0, -23.0)]
[(49.0, 237.0), (40.0, 248.0), (59.0, 246.0), (-3.0, 208.0), (86.0, 201.0), (14.0, 122.0), (66.0, 122.0), (-24.0, 67.0), (113.0, 71.0), (-8.0, 7.0), (103.0, 6.0), (0, 0), (96.0, -4.0), (-23.0, -27.0), (118.0, -24.0)]
[(50.0, 232.0), (41.0, 243.0), (59.0, 241.0), (-2.0, 203.0), (86.0, 197.0), (15.0, 117.0), (66.0, 118.0), (-24.0, 66.0), (114.0, 68.0), (-8.0, 8.0), (103.0, 6.0), (0, 0), (96.0, -3.0), (-23.0, -27.0), (118.0, -23.0)]
[(50.0, 230.0), (41.0, 241.0), (59.0, 240.0), (-2.0, 202.0), (86.0, 194.0), (15.0, 116.0), (66.0, 115.0), (-25.0, 65.0), (114.0, 66.0), (-8.0, 8.0), (103.0, 6.0), (0, 0), (96.0, -3.0), (-24.0, -27.0), (118.0, -24.0)]
[(51.0, 223.0), (43.0, 234.0), (60.0, 232.0), (-1.0, 195.0), (87.0, 188.0), (15.0, 111.0), (66.0, 110.0), (-26.0, 64.0), (115.0, 65.0), (-8.0, 8.0), (103.0, 6.0), (0, 0), (96.0, -2.0), (-23.0, -26.0), (118.0, -24.0)]
[(52.0, 219.0), (44.0, 230.0), (62.0, 228.0), (-0.0, 191.0), (88.0, 184.0), (17.0, 108.0), (67.0, 107.0), (-26.0, 62.0), (117.0, 65.0), (-8.0, 7.0), (105.0, 6.0), (0, 0), (97.0, -2.0), (-22.0, -26.0), (118.0, -24.0)]
[(52.0, 212.0), (43.0, 224.0), (62.0, 222.0), (-0.0, 185.0), (87.0, 179.0), (16.0, 102.0), (66.0, 101.0), (-27.0, 57.0), (116.0, 61.0), (-9.0, 5.0), (104.0, 3.0), (0, 0), (96.0, -5.0), (-23.0, -29.0), (118.0, -27.0)]
[(52.0, 209.0), (44.0, 222.0), (62.0, 220.0), (-0.0, 184.0), (87.0, 178.0), (16.0, 98.0), (66.0, 97.0), (-28.0, 55.0), (116.0, 59.0), (-9.0, 5.0), (104.0, 3.0), (0, 0), (96.0, -6.0), (-23.0, -30.0), (118.0, -28.0)]
[(52.0, 206.0), (44.0, 219.0), (62.0, 217.0), (-0.0, 182.0), (87.0, 175.0), (17.0, 93.0), (66.0, 92.0), (-28.0, 54.0), (117.0, 58.0), (-9.0, 5.0), (104.0, 4.0), (0, 0), (96.0, -4.0), (-23.0, -30.0), (117.0, -28.0)]
[(52.0, 206.0), (44.0, 218.0), (62.0, 216.0), (-0.0, 181.0), (88.0, 175.0), (18.0, 90.0), (66.0, 89.0), (-29.0, 54.0), (117.0, 57.0), (-9.0, 5.0), (104.0, 4.0), (0, 0), (96.0, -4.0), (-23.0, -30.0), (117.0, -28.0)]
[(53.0, 207.0), (45.0, 219.0), (63.0, 217.0), (-0.0, 181.0), (88.0, 174.0), (18.0, 89.0), (66.0, 88.0), (-29.0, 55.0), (118.0, 59.0), (-9.0, 6.0), (104.0, 5.0), (0, 0), (96.0, -3.0), (-23.0, -29.0), (117.0, -27.0)]
[(54.0, 207.0), (45.0, 218.0), (64.0, 217.0), (-0.0, 181.0), (88.0, 175.0), (18.0, 89.0), (66.0, 88.0), (-29.0, 55.0), (118.0, 59.0), (-9.0, 6.0), (104.0, 5.0), (0, 0), (96.0, -2.0), (-25.0, -29.0), (117.0, -27.0)]
[(54.0, 209.0), (45.0, 220.0), (64.0, 219.0), (-0.0, 182.0), (88.0, 176.0), (18.0, 91.0), (67.0, 90.0), (-29.0, 56.0), (118.0, 60.0), (-9.0, 6.0), (104.0, 6.0), (0, 0), (96.0, -2.0), (-25.0, -28.0), (116.0, -26.0)]
[(54.0, 210.0), (45.0, 221.0), (64.0, 220.0), (-0.0, 183.0), (89.0, 177.0), (17.0, 94.0), (67.0, 92.0), (-29.0, 58.0), (117.0, 60.0), (-9.0, 6.0), (104.0, 6.0), (0, 0), (96.0, -2.0), (-25.0, -28.0), (116.0, -26.0)]
[(54.0, 210.0), (45.0, 221.0), (64.0, 220.0), (-0.0, 184.0), (89.0, 178.0), (17.0, 95.0), (68.0, 93.0), (-29.0, 59.0), (117.0, 60.0), (-9.0, 6.0), (104.0, 6.0), (0, 0), (96.0, -2.0), (-25.0, -28.0), (116.0, -26.0)]
[(55.0, 211.0), (46.0, 222.0), (64.0, 221.0), (2.0, 185.0), (90.0, 179.0), (18.0, 98.0), (69.0, 95.0), (-28.0, 62.0), (118.0, 60.0), (-9.0, 6.0), (105.0, 7.0), (0, 0), (97.0, -1.0), (-24.0, -29.0), (117.0, -26.0)]
[(54.0, 220.0), (46.0, 231.0), (64.0, 229.0), (2.0, 190.0), (90.0, 181.0), (18.0, 105.0), (69.0, 102.0), (-28.0, 65.0), (116.0, 61.0), (-9.0, 6.0), (105.0, 7.0), (0, 0), (98.0, -2.0), (-24.0, -29.0), (117.0, -26.0)]
[(54.0, 223.0), (46.0, 234.0), (64.0, 232.0), (2.0, 192.0), (90.0, 183.0), (18.0, 108.0), (69.0, 105.0), (-28.0, 66.0), (116.0, 61.0), (-9.0, 7.0), (105.0, 7.0), (0, 0), (98.0, -2.0), (-24.0, -29.0), (117.0, -26.0)]
[(53.0, 246.0), (45.0, 256.0), (63.0, 256.0), (1.0, 207.0), (90.0, 201.0), (18.0, 119.0), (69.0, 116.0), (-25.0, 73.0), (113.0, 66.0), (-9.0, 7.0), (105.0, 7.0), (0, 0), (98.0, -2.0), (-23.0, -29.0), (117.0, -26.0)]
[(52.0, 261.0), (44.0, 271.0), (63.0, 270.0), (2.0, 220.0), (91.0, 215.0), (19.0, 130.0), (70.0, 127.0), (-22.0, 77.0), (111.0, 70.0), (-8.0, 8.0), (107.0, 8.0), (0, 0), (99.0, -1.0), (-22.0, -28.0), (119.0, -25.0)]
[(52.0, 261.0), (44.0, 272.0), (62.0, 270.0), (2.0, 224.0), (90.0, 214.0), (19.0, 132.0), (70.0, 128.0), (-21.0, 80.0), (110.0, 70.0), (-8.0, 8.0), (107.0, 8.0), (0, 0), (99.0, -1.0), (-22.0, -28.0), (119.0, -25.0)]
[(51.0, 293.0), (43.0, 304.0), (62.0, 302.0), (2.0, 249.0), (90.0, 244.0), (19.0, 150.0), (70.0, 147.0), (-18.0, 87.0), (106.0, 83.0), (-7.0, 10.0), (106.0, 10.0), (0, 0), (99.0, 0.0), (-22.0, -25.0), (119.0, -22.0)]
[(50.0, 310.0), (42.0, 321.0), (60.0, 319.0), (1.0, 266.0), (89.0, 260.0), (18.0, 159.0), (69.0, 156.0), (-14.0, 94.0), (103.0, 91.0), (-7.0, 11.0), (105.0, 10.0), (0, 0), (98.0, -1.0), (-23.0, -25.0), (118.0, -21.0)]
[(49.0, 329.0), (41.0, 340.0), (59.0, 338.0), (1.0, 283.0), (89.0, 277.0), (17.0, 175.0), (68.0, 172.0), (-11.0, 100.0), (99.0, 95.0), (-6.0, 11.0), (102.0, 10.0), (0, 0), (97.0, -1.0), (-23.0, -23.0), (117.0, -19.0)]
[(49.0, 327.0), (40.0, 338.0), (59.0, 336.0), (-0.0, 284.0), (88.0, 279.0), (16.0, 178.0), (67.0, 175.0), (-11.0, 98.0), (98.0, 95.0), (-7.0, 11.0), (101.0, 10.0), (0, 0), (95.0, -3.0), (-24.0, -25.0), (117.0, -20.0)]
[(50.0, 355.0), (40.0, 365.0), (59.0, 363.0), (1.0, 310.0), (88.0, 303.0), (16.0, 191.0), (67.0, 189.0), (-6.0, 107.0), (94.0, 102.0), (-6.0, 12.0), (101.0, 12.0), (0, 0), (95.0, -1.0), (-24.0, -23.0), (118.0, -18.0)]
[(50.0, 366.0), (40.0, 376.0), (59.0, 375.0), (2.0, 324.0), (88.0, 318.0), (16.0, 199.0), (67.0, 197.0), (-3.0, 112.0), (92.0, 105.0), (-6.0, 13.0), (101.0, 13.0), (0, 0), (95.0, 0.0), (-26.0, -22.0), (118.0, -17.0)]