[(57.0, 369.0), (49.0, 377.0), (64.0, 377.0), (8.0, 312.0), (99.0, 310.0), (27.0, 185.0), (78.0, 183.0), (12.0, 88.0), (89.0, 88.0), (-1.0, 12.0), (92.0, 16.0), (0, 0), (87.0, 7.0), (0.0, -20.0), (103.0, -17.0)]
[(57.0, 374.0), (49.0, 383.0), (64.0, 382.0), (6.0, 317.0), (99.0, 313.0), (27.0, 187.0), (78.0, 186.0), (11.0, 91.0), (89.0, 91.0), (-1.0, 12.0), (92.0, 16.0), (0, 0), (87.0, 7.0), (-2.0, -20.0), (103.0, -17.0)]
[(57.0, 380.0), (49.0, 388.0), (65.0, 388.0), (6.0, 322.0), (99.0, 318.0), (26.0, 190.0), (77.0, 189.0), (11.0, 95.0), (90.0, 94.0), (-0.0, 13.0), (93.0, 17.0), (0, 0), (88.0, 7.0), (-2.0, -18.0), (103.0, -16.0)]
[(57.0, 382.0), (49.0, 391.0), (65.0, 391.0), (5.0, 324.0), (99.0, 321.0), (26.0, 191.0), (78.0, 191.0), (11.0, 97.0), (91.0, 95.0), (-0.0, 13.0), (93.0, 16.0), (0, 0), (88.0, 6.0), (-2.0, -19.0), (103.0, -17.0)]
[(56.0, 385.0), (47.0, 394.0), (64.0, 394.0), (4.0, 325.0), (98.0, 322.0), (24.0, 192.0), (77.0, 193.0), (11.0, 98.0), (91.0, 98.0), (-1.0, 14.0), (92.0, 16.0), (0, 0), (87.0, 7.0), (-3.0, -19.0), (103.0, -17.0)]
[(56.0, 386.0), (47.0, 395.0), (64.0, 394.0), (4.0, 326.0), (98.0, 324.0), (24.0, 195.0), (77.0, 196.0), (11.0, 101.0), (91.0, 104.0), (-1.0, 15.0), (92.0, 18.0), (0, 0), (87.0, 8.0), (-3.0, -19.0), (103.0, -16.0)]
[(55.0, 386.0), (46.0, 395.0), (63.0, 395.0), (3.0, 328.0), (96.0, 325.0), (22.0, 197.0), (74.0, 197.0), (9.0, 103.0), (89.0, 107.0), (-2.0, 16.0), (91.0, 19.0), (0, 0), (86.0, 10.0), (-6.0, -17.0), (102.0, -15.0)]
[(55.0, 384.0), (46.0, 393.0), (63.0, 393.0), (3.0, 325.0), (96.0, 323.0), (21.0, 194.0), (74.0, 195.0), (9.0, 100.0), (89.0, 103.0), (-1.0, 14.0), (91.0, 18.0), (0, 0), (86.0, 8.0), (-3.0, -20.0), (102.0, -17.0)]
[(53.0, 384.0), (44.0, 393.0), (62.0, 393.0), (2.0, 324.0), (95.0, 323.0), (19.0, 194.0), (72.0, 193.0), (8.0, 100.0), (87.0, 102.0), (-2.0, 14.0), (89.0, 17.0), (0, 0), (82.0, 7.0), (-3.0, -21.0), (101.0, -18.0)]
[(53.0, 384.0), (44.0, 393.0), (62.0, 393.0), (2.0, 324.0), (94.0, 323.0), (19.0, 193.0), (72.0, 193.0), (7.0, 99.0), (87.0, 101.0), (-2.0, 14.0), (88.0, 18.0), (0, 0), (82.0, 8.0), (-3.0, -21.0), (99.0, -18.0)]
[(53.0, 383.0), (43.0, 392.0), (61.0, 392.0), (2.0, 324.0), (94.0, 323.0), (19.0, 193.0), (72.0, 192.0), (6.0, 99.0), (87.0, 101.0), (-2.0, 14.0), (88.0, 17.0), (0, 0), (82.0, 8.0), (-4.0, -22.0), (99.0, -18.0)]
[(52.0, 382.0), (43.0, 391.0), (61.0, 391.0), (2.0, 323.0), (94.0, 321.0), (19.0, 191.0), (72.0, 190.0), (6.0, 97.0), (87.0, 99.0), (-1.0, 13.0), (88.0, 16.0), (0, 0), (82.0, 7.0), (-4.0, -23.0), (98.0, -19.0)]
[(52.0, 381.0), (43.0, 390.0), (61.0, 390.0), (2.0, 322.0), (94.0, 320.0), (19.0, 190.0), (72.0, 189.0), (5.0, 96.0), (86.0, 97.0), (-1.0, 13.0), (88.0, 15.0), (0, 0), (82.0, 7.0), (-4.0, -23.0), (97.0, -20.0)]
[(51.0, 381.0), (42.0, 390.0), (60.0, 390.0), (1.0, 322.0), (93.0, 320.0), (18.0, 189.0), (71.0, 189.0), (4.0, 96.0), (85.0, 97.0), (-2.0, 13.0), (87.0, 15.0), (0, 0), (81.0, 6.0), (-5.0, -24.0), (97.0, -20.0)]
[(51.0, 381.0), (41.0, 389.0), (60.0, 389.0), (1.0, 321.0), (93.0, 320.0), (18.0, 189.0), (71.0, 189.0), (4.0, 96.0), (85.0, 97.0), (-2.0, 13.0), (87.0, 14.0), (0, 0), (82.0, 6.0), (-5.0, -24.0), (96.0, -20.0)]
[(51.0, 380.0), (41.0, 389.0), (60.0, 389.0), (1.0, 321.0), (93.0, 320.0), (18.0, 189.0), (71.0, 189.0), (4.0, 96.0), (85.0, 98.0), (-2.0, 13.0), (87.0, 14.0), (0, 0), (82.0, 6.0), (-5.0, -24.0), (96.0, -20.0)]
[(51.0, 380.0), (41.0, 389.0), (60.0, 389.0), (1.0, 321.0), (93.0, 319.0), (18.0, 190.0), (71.0, 189.0), (4.0, 96.0), (84.0, 98.0), (-2.0, 13.0), (87.0, 15.0), (0, 0), (82.0, 6.0), (-6.0, -24.0), (96.0, -20.0)]
[(51.0, 380.0), (41.0, 389.0), (60.0, 389.0), (1.0, 321.0), (93.0, 319.0), (17.0, 189.0), (71.0, 189.0), (5.0, 96.0), (84.0, 98.0), (-2.0, 13.0), (87.0, 14.0), (0, 0), (82.0, 6.0), (-5.0, -24.0), (96.0, -20.0)]
[(50.0, 380.0), (41.0, 389.0), (60.0, 389.0), (-0.0, 321.0), (93.0, 320.0), (17.0, 189.0), (71.0, 189.0), (5.0, 96.0), (83.0, 98.0), (-2.0, 12.0), (87.0, 14.0), (0, 0), (83.0, 6.0), (-6.0, -24.0), (96.0, -20.0)]
[(50.0, 380.0), (41.0, 388.0), (59.0, 389.0), (-0.0, 321.0), (93.0, 320.0), (18.0, 189.0), (72.0, 189.0), (6.0, 96.0), (83.0, 98.0), (-1.0, 12.0), (87.0, 14.0), (0, 0), (83.0, 6.0), (-6.0, -24.0), (96.0, -20.0)]
[(50.0, 379.0), (40.0, 387.0), (59.0, 388.0), (-0.0, 320.0), (93.0, 319.0), (18.0, 188.0), (72.0, 188.0), (7.0, 95.0), (82.0, 97.0), (-1.0, 13.0), (87.0, 14.0), (0, 0), (82.0, 5.0), (-6.0, -24.0), (95.0, -21.0)]
[(49.0, 378.0), (40.0, 386.0), (58.0, 387.0), (-0.0, 319.0), (93.0, 318.0), (17.0, 186.0), (71.0, 186.0), (7.0, 93.0), (82.0, 95.0), (-1.0, 12.0), (87.0, 13.0), (0, 0), (82.0, 4.0), (-6.0, -25.0), (96.0, -22.0)]
[(49.0, 378.0), (39.0, 386.0), (58.0, 387.0), (-0.0, 319.0), (92.0, 319.0), (18.0, 185.0), (71.0, 186.0), (6.0, 93.0), (84.0, 94.0), (-1.0, 11.0), (87.0, 12.0), (0, 0), (82.0, 3.0), (-6.0, -25.0), (96.0, -23.0)]
[(48.0, 381.0), (39.0, 389.0), (57.0, 389.0), (-1.0, 322.0), (91.0, 322.0), (18.0, 188.0), (70.0, 189.0), (6.0, 95.0), (85.0, 96.0), (-2.0, 12.0), (87.0, 15.0), (0, 0), (82.0, 6.0), (-6.0, -22.0), (96.0, -21.0)]
[(48.0, 381.0), (39.0, 390.0), (57.0, 390.0), (-0.0, 324.0), (90.0, 323.0), (19.0, 188.0), (70.0, 190.0), (6.0, 96.0), (85.0, 97.0), (-2.0, 13.0), (87.0, 16.0), (0, 0), (82.0, 7.0), (-7.0, -21.0), (97.0, -20.0)]
[(48.0, 380.0), (39.0, 388.0), (57.0, 389.0), (-0.0, 324.0), (90.0, 323.0), (19.0, 188.0), (70.0, 190.0), (6.0, 94.0), (85.0, 95.0), (-2.0, 13.0), (87.0, 15.0), (0, 0), (82.0, 6.0), (-10.0, -20.0), (97.0, -21.0)]
[(48.0, 378.0), (39.0, 386.0), (57.0, 386.0), (-0.0, 325.0), (90.0, 322.0), (19.0, 185.0), (70.0, 187.0), (6.0, 93.0), (85.0, 93.0), (-2.0, 13.0), (87.0, 15.0), (0, 0), (82.0, 7.0), (-10.0, -20.0), (97.0, -20.0)]
[(48.0, 373.0), (39.0, 381.0), (57.0, 382.0), (-0.0, 323.0), (90.0, 319.0), (19.0, 183.0), (70.0, 184.0), (6.0, 90.0), (85.0, 91.0), (-2.0, 12.0), (87.0, 14.0), (0, 0), (82.0, 5.0), (-8.0, -21.0), (98.0, -20.0)]
[(49.0, 372.0), (40.0, 380.0), (58.0, 381.0), (2.0, 324.0), (91.0, 318.0), (20.0, 180.0), (71.0, 182.0), (7.0, 89.0), (86.0, 90.0), (-1.0, 13.0), (88.0, 14.0), (0, 0), (84.0, 6.0), (-8.0, -18.0), (99.0, -18.0)]
[(48.0, 366.0), (39.0, 374.0), (57.0, 374.0), (1.0, 321.0), (89.0, 314.0), (19.0, 177.0), (70.0, 179.0), (6.0, 88.0), (85.0, 89.0), (-2.0, 13.0), (87.0, 14.0), (0, 0), (83.0, 5.0), (-9.0, -17.0), (98.0, -18.0)]
[(48.0, 360.0), (39.0, 369.0), (56.0, 369.0), (1.0, 316.0), (89.0, 310.0), (20.0, 174.0), (70.0, 176.0), (7.0, 85.0), (85.0, 85.0), (-1.0, 13.0), (88.0, 13.0), (0, 0), (84.0, 5.0), (-9.0, -17.0), (98.0, -18.0)]
[(47.0, 354.0), (39.0, 364.0), (56.0, 364.0), (1.0, 311.0), (89.0, 304.0), (20.0, 171.0), (70.0, 174.0), (8.0, 82.0), (85.0, 84.0), (-1.0, 12.0), (88.0, 13.0), (0, 0), (85.0, 5.0), (-9.0, -18.0), (98.0, -18.0)]
[(47.0, 350.0), (39.0, 359.0), (56.0, 359.0), (1.0, 308.0), (89.0, 300.0), (20.0, 167.0), (70.0, 169.0), (9.0, 81.0), (85.0, 83.0), (-1.0, 12.0), (88.0, 13.0), (0, 0), (85.0, 4.0), (-9.0, -17.0), (98.0, -17.0)]
[(47.0, 345.0), (39.0, 353.0), (55.0, 353.0), (2.0, 302.0), (89.0, 296.0), (21.0, 165.0), (71.0, 167.0), (9.0, 80.0), (85.0, 82.0), (-1.0, 12.0), (88.0, 12.0), (0, 0), (85.0, 4.0), (-9.0, -16.0), (98.0, -17.0)]
[(47.0, 339.0), (39.0, 348.0), (55.0, 348.0), (2.0, 296.0), (89.0, 290.0), (22.0, 161.0), (71.0, 162.0), (10.0, 77.0), (83.0, 79.0), (-1.0, 11.0), (88.0, 12.0), (0, 0), (85.0, 4.0), (-9.0, -16.0), (97.0, -17.0)]
[(48.0, 334.0), (39.0, 342.0), (55.0, 342.0), (2.0, 290.0), (89.0, 287.0), (22.0, 160.0), (72.0, 162.0), (10.0, 76.0), (83.0, 76.0), (-2.0, 10.0), (87.0, 12.0), (0, 0), (84.0, 5.0), (-9.0, -17.0), (97.0, -17.0)]
[(49.0, 329.0), (41.0, 337.0), (56.0, 338.0), (3.0, 286.0), (90.0, 284.0), (23.0, 159.0), (73.0, 160.0), (11.0, 78.0), (84.0, 76.0), (-2.0, 11.0), (88.0, 13.0), (0, 0), (85.0, 5.0), (-9.0, -15.0), (98.0, -15.0)]
[(50.0, 320.0), (42.0, 329.0), (57.0, 329.0), (5.0, 281.0), (91.0, 276.0), (24.0, 158.0), (73.0, 157.0), (13.0, 79.0), (86.0, 75.0), (-1.0, 11.0), (89.0, 13.0), (0, 0), (86.0, 5.0), (-7.0, -15.0), (99.0, -15.0)]
[(50.0, 313.0), (42.0, 323.0), (57.0, 323.0), (5.0, 276.0), (91.0, 271.0), (23.0, 159.0), (73.0, 157.0), (13.0, 78.0), (86.0, 74.0), (-1.0, 10.0), (89.0, 13.0), (0, 0), (85.0, 5.0), (-6.0, -16.0), (99.0, -15.0)]
[(51.0, 305.0), (42.0, 313.0), (58.0, 313.0), (6.0, 268.0), (90.0, 263.0), (24.0, 151.0), (73.0, 151.0), (14.0, 75.0), (87.0, 72.0), (-1.0, 8.0), (88.0, 12.0), (0, 0), (84.0, 5.0), (-4.0, -18.0), (99.0, -17.0)]
[(51.0, 294.0), (42.0, 303.0), (59.0, 304.0), (8.0, 262.0), (92.0, 255.0), (24.0, 149.0), (73.0, 148.0), (15.0, 73.0), (88.0, 71.0), (-1.0, 9.0), (89.0, 12.0), (0, 0), (85.0, 5.0), (-2.0, -17.0), (100.0, -16.0)]
[(53.0, 286.0), (44.0, 295.0), (61.0, 295.0), (10.0, 255.0), (94.0, 249.0), (26.0, 147.0), (75.0, 147.0), (19.0, 71.0), (90.0, 70.0), (1.0, 8.0), (91.0, 13.0), (0, 0), (86.0, 7.0), (1.0, -19.0), (102.0, -17.0)]
[(53.0, 277.0), (44.0, 286.0), (61.0, 287.0), (11.0, 247.0), (94.0, 240.0), (26.0, 145.0), (75.0, 145.0), (20.0, 71.0), (90.0, 72.0), (1.0, 8.0), (90.0, 13.0), (0, 0), (85.0, 7.0), (1.0, -20.0), (102.0, -18.0)]
[(52.0, 266.0), (44.0, 276.0), (61.0, 276.0), (11.0, 236.0), (95.0, 230.0), (26.0, 137.0), (74.0, 136.0), (20.0, 68.0), (90.0, 66.0), (1.0, 8.0), (90.0, 10.0), (0, 0), (85.0, 4.0), (2.0, -21.0), (102.0, -21.0)]
[(53.0, 256.0), (44.0, 266.0), (61.0, 266.0), (11.0, 223.0), (96.0, 219.0), (27.0, 132.0), (74.0, 130.0), (20.0, 63.0), (89.0, 61.0), (1.0, 6.0), (91.0, 5.0), (0, 0), (86.0, -1.0), (3.0, -26.0), (101.0, -26.0)]
[(53.0, 247.0), (44.0, 256.0), (61.0, 257.0), (11.0, 216.0), (96.0, 213.0), (27.0, 127.0), (74.0, 124.0), (20.0, 62.0), (90.0, 56.0), (1.0, 6.0), (91.0, 4.0), (0, 0), (86.0, -2.0), (5.0, -27.0), (100.0, -27.0)]
[(53.0, 240.0), (44.0, 249.0), (61.0, 250.0), (10.0, 210.0), (96.0, 206.0), (27.0, 123.0), (74.0, 120.0), (20.0, 60.0), (90.0, 55.0), (1.0, 6.0), (91.0, 4.0), (0, 0), (86.0, -2.0), (5.0, -27.0), (101.0, -27.0)]
[(53.0, 231.0), (44.0, 241.0), (61.0, 242.0), (10.0, 203.0), (97.0, 200.0), (27.0, 119.0), (74.0, 114.0), (21.0, 62.0), (90.0, 54.0), (1.0, 4.0), (91.0, 2.0), (0, 0), (87.0, -4.0), (5.0, -30.0), (100.0, -29.0)]
[(53.0, 217.0), (44.0, 226.0), (62.0, 228.0), (10.0, 192.0), (97.0, 189.0), (27.0, 112.0), (75.0, 108.0), (19.0, 62.0), (92.0, 55.0), (2.0, 5.0), (91.0, 3.0), (0, 0), (87.0, -3.0), (5.0, -29.0), (100.0, -28.0)]
[(53.0, 216.0), (44.0, 225.0), (62.0, 227.0), (10.0, 193.0), (97.0, 190.0), (27.0, 113.0), (75.0, 108.0), (19.0, 63.0), (92.0, 57.0), (2.0, 6.0), (91.0, 4.0), (0, 0), (87.0, -2.0), (5.0, -29.0), (100.0, -27.0)]
[(55.0, 216.0), (45.0, 225.0), (64.0, 227.0), (11.0, 191.0), (98.0, 189.0), (28.0, 111.0), (76.0, 106.0), (22.0, 66.0), (94.0, 57.0), (3.0, 5.0), (92.0, 5.0), (0, 0), (88.0, -1.0), (6.0, -29.0), (101.0, -27.0)]
[(55.0, 220.0), (46.0, 230.0), (65.0, 232.0), (12.0, 196.0), (99.0, 193.0), (29.0, 115.0), (77.0, 109.0), (24.0, 71.0), (95.0, 62.0), (3.0, 8.0), (93.0, 9.0), (0, 0), (88.0, 3.0), (7.0, -25.0), (102.0, -23.0)]
[(54.0, 222.0), (45.0, 232.0), (64.0, 233.0), (12.0, 198.0), (98.0, 195.0), (29.0, 115.0), (76.0, 110.0), (23.0, 91.0), (96.0, 71.0), (2.0, 8.0), (92.0, 9.0), (0, 0), (87.0, 3.0), (6.0, -25.0), (100.0, -23.0)]
[(54.0, 226.0), (45.0, 235.0), (64.0, 237.0), (11.0, 200.0), (98.0, 197.0), (29.0, 117.0), (76.0, 111.0), (23.0, 86.0), (96.0, 65.0), (2.0, 7.0), (92.0, 9.0), (0, 0), (87.0, 3.0), (6.0, -26.0), (100.0, -23.0)]
[(55.0, 228.0), (45.0, 237.0), (64.0, 239.0), (12.0, 201.0), (98.0, 198.0), (29.0, 117.0), (76.0, 112.0), (23.0, 70.0), (94.0, 61.0), (2.0, 8.0), (92.0, 8.0), (0, 0), (87.0, 2.0), (6.0, -27.0), (100.0, -24.0)]
[(55.0, 231.0), (47.0, 240.0), (64.0, 242.0), (13.0, 204.0), (99.0, 202.0), (30.0, 120.0), (77.0, 115.0), (25.0, 70.0), (94.0, 63.0), (3.0, 10.0), (93.0, 11.0), (0, 0), (89.0, 4.0), (7.0, -25.0), (101.0, -23.0)]
[(56.0, 240.0), (47.0, 248.0), (65.0, 250.0), (13.0, 208.0), (99.0, 203.0), (29.0, 122.0), (77.0, 117.0), (25.0, 68.0), (93.0, 62.0), (3.0, 10.0), (93.0, 11.0), (0, 0), (89.0, 4.0), (7.0, -25.0), (102.0, -23.0)]
[(57.0, 248.0), (48.0, 256.0), (65.0, 257.0), (14.0, 215.0), (100.0, 211.0), (30.0, 125.0), (78.0, 120.0), (26.0, 61.0), (93.0, 59.0), (3.0, 9.0), (94.0, 10.0), (0, 0), (90.0, 4.0), (8.0, -25.0), (103.0, -23.0)]
[(58.0, 254.0), (49.0, 263.0), (66.0, 264.0), (15.0, 220.0), (101.0, 217.0), (31.0, 129.0), (79.0, 124.0), (27.0, 62.0), (93.0, 58.0), (4.0, 9.0), (95.0, 9.0), (0, 0), (91.0, 3.0), (9.0, -26.0), (105.0, -23.0)]
[(59.0, 263.0), (50.0, 272.0), (67.0, 273.0), (15.0, 227.0), (102.0, 224.0), (31.0, 133.0), (80.0, 127.0), (28.0, 63.0), (94.0, 58.0), (5.0, 9.0), (96.0, 10.0), (0, 0), (92.0, 3.0), (10.0, -26.0), (106.0, -24.0)]
[(59.0, 267.0), (50.0, 276.0), (67.0, 277.0), (15.0, 228.0), (102.0, 225.0), (31.0, 132.0), (80.0, 126.0), (28.0, 58.0), (93.0, 53.0), (5.0, 8.0), (96.0, 5.0), (0, 0), (92.0, -2.0), (10.0, -29.0), (105.0, -29.0)]
[(58.0, 277.0), (50.0, 286.0), (67.0, 286.0), (15.0, 235.0), (102.0, 231.0), (31.0, 134.0), (79.0, 130.0), (26.0, 59.0), (92.0, 53.0), (5.0, 8.0), (96.0, 5.0), (0, 0), (92.0, -2.0), (9.0, -28.0), (105.0, -29.0)]
[(58.0, 285.0), (50.0, 294.0), (67.0, 295.0), (14.0, 242.0), (102.0, 239.0), (31.0, 139.0), (80.0, 135.0), (25.0, 59.0), (91.0, 56.0), (5.0, 7.0), (96.0, 5.0), (0, 0), (93.0, -2.0), (9.0, -28.0), (105.0, -29.0)]
[(58.0, 294.0), (50.0, 302.0), (66.0, 303.0), (13.0, 249.0), (101.0, 245.0), (29.0, 141.0), (78.0, 137.0), (24.0, 61.0), (90.0, 56.0), (4.0, 7.0), (95.0, 4.0), (0, 0), (91.0, -3.0), (7.0, -27.0), (105.0, -29.0)]
[(58.0, 304.0), (50.0, 312.0), (66.0, 313.0), (13.0, 257.0), (100.0, 253.0), (28.0, 144.0), (77.0, 140.0), (24.0, 62.0), (90.0, 58.0), (3.0, 7.0), (95.0, 3.0), (0, 0), (91.0, -4.0), (6.0, -27.0), (105.0, -30.0)]
[(57.0, 315.0), (49.0, 324.0), (65.0, 323.0), (11.0, 268.0), (99.0, 263.0), (26.0, 152.0), (76.0, 148.0), (22.0, 67.0), (89.0, 63.0), (2.0, 8.0), (93.0, 4.0), (0, 0), (90.0, -3.0), (4.0, -25.0), (104.0, -28.0)]
[(57.0, 324.0), (49.0, 333.0), (65.0, 333.0), (10.0, 274.0), (99.0, 271.0), (27.0, 157.0), (76.0, 154.0), (21.0, 72.0), (89.0, 69.0), (2.0, 8.0), (94.0, 5.0), (0, 0), (91.0, -2.0), (4.0, -25.0), (104.0, -27.0)]
[(57.0, 332.0), (49.0, 342.0), (65.0, 341.0), (9.0, 280.0), (99.0, 280.0), (27.0, 164.0), (77.0, 161.0), (20.0, 76.0), (89.0, 73.0), (2.0, 9.0), (94.0, 7.0), (0, 0), (91.0, 0.0), (4.0, -24.0), (105.0, -25.0)]
[(55.0, 341.0), (47.0, 351.0), (63.0, 351.0), (6.0, 289.0), (97.0, 287.0), (25.0, 169.0), (76.0, 167.0), (17.0, 79.0), (87.0, 76.0), (1.0, 9.0), (92.0, 8.0), (0, 0), (90.0, 1.0), (2.0, -23.0), (103.0, -23.0)]