[(30.0, 350.0, 84.5), (22.0, 358.0, 84.5), (36.0, 358.0, 84.5), (-14.0, 309.0, 30), (66.0, 308.0, 41), (1.0, 186.0, -24), (48.0, 186.0, -14), (-12.0, 97.0, 0), (54.0, 97.0, 0), (-8.0, 15.0, 0), (56.0, 15.0, 0), (0, 0, 0), (52.0, 3.0, 0), (-34.0, 0, 28), (64.0, 0, 42)]
[(30.0, 359.0, 87.5), (22.0, 367.0, 87.5), (36.0, 367.0, 87.5), (-16.0, 312.0, 36), (65.0, 312.0, 51), (1.0, 188.0, -15), (48.0, 188.0, 0), (-12.0, 97.0, 0), (54.0, 97.0, 0), (-8.0, 15.0, 0), (57.0, 16.0, 0), (0, 0, 0), (53.0, 4.0, 0), (-36.0, 0, 25), (64.0, 0, 42)]
[(30.0, 363.0, 85.0), (21.0, 371.0, 85.0), (36.0, 371.0, 85.0), (-18.0, 316.0, 36), (65.0, 317.0, 46), (-0.0, 190.0, -10), (48.0, 191.0, 0), (-11.0, 98.0, 0), (54.0, 99.0, 0), (-8.0, 15.0, 0), (57.0, 17.0, 0), (0, 0, 0), (53.0, 5.0, 0), (-36.0, 0, 25), (64.0, 0, 42)]
[(29.0, 367.0, 91.5), (21.0, 375.0, 91.5), (36.0, 375.0, 91.5), (-18.0, 318.0, 46), (65.0, 320.0, 43), (-0.0, 192.0, 0), (48.0, 193.0, 0), (-11.0, 99.0, 0), (55.0, 100.0, 0), (-8.0, 15.0, 0), (57.0, 18.0, 0), (0, 0, 0), (53.0, 5.0, 0), (-36.0, 0, 25), (65.0, 0, 42)]
[(29.0, 371.0, 77.0), (20.0, 378.0, 77.0), (36.0, 378.0, 77.0), (-18.0, 318.0, 38), (65.0, 322.0, 46), (1.0, 193.0, -10), (49.0, 196.0, 0), (-10.0, 101.0, 0), (56.0, 104.0, 0), (-8.0, 15.0, 0), (58.0, 19.0, 0), (0, 0, 0), (55.0, 6.0, 0), (-37.0, 0, 24), (65.0, 0, 42)]
[(30.0, 371.0, 70.5), (21.0, 379.0, 70.5), (37.0, 379.0, 70.5), (-17.0, 318.0, 31), (66.0, 324.0, 41), (3.0, 193.0, -16), (51.0, 196.0, 0), (-9.0, 102.0, 0), (57.0, 105.0, 0), (-8.0, 15.0, 0), (59.0, 19.0, 0), (0, 0, 0), (56.0, 6.0, 0), (-37.0, 0, 24), (66.0, 0, 42)]
[(29.0, 369.0, 72.5), (21.0, 377.0, 72.5), (37.0, 377.0, 72.5), (-17.0, 316.0, 36), (66.0, 324.0, 29), (3.0, 193.0, -16), (51.0, 194.0, -5), (-9.0, 102.0, 0), (57.0, 104.0, 0), (-9.0, 15.0, 0), (59.0, 18.0, 0), (0, 0, 0), (56.0, 6.0, 0), (-37.0, 0, 24), (66.0, 0, 42)]
[(29.0, 369.0, 57.5), (20.0, 377.0, 57.5), (37.0, 377.0, 57.5), (-17.0, 316.0, 29), (66.0, 323.0, 15), (3.0, 192.0, -21), (51.0, 193.0, -19), (-8.0, 102.0, 0), (57.0, 105.0, 0), (-9.0, 15.0, 0), (59.0, 17.0, 0), (0, 0, 0), (56.0, 5.0, 0), (-37.0, 0, 24), (66.0, 0, 42)]
[(27.0, 369.0, 64.5), (19.0, 377.0, 64.5), (36.0, 377.0, 64.5), (-17.0, 317.0, 30), (66.0, 322.0, 27), (3.0, 192.0, -17), (51.0, 194.0, -14), (-7.0, 101.0, 0), (57.0, 105.0, 0), (-9.0, 15.0, 0), (59.0, 18.0, 0), (0, 0, 0), (55.0, 6.0, 0), (-37.0, 0, 24), (67.0, 0, 42)]
[(25.0, 367.0, 55.0), (18.0, 375.0, 55.0), (34.0, 375.0, 55.0), (-17.0, 314.0, 25), (66.0, 321.0, 18), (3.0, 190.0, -25), (50.0, 192.0, -19), (-7.0, 101.0, 0), (55.0, 104.0, 0), (-9.0, 15.0, 0), (59.0, 17.0, 0), (0, 0, 0), (55.0, 5.0, 0), (-37.0, 0, 24), (67.0, 0, 42)]
[(25.0, 365.0, 61.5), (17.0, 373.0, 61.5), (33.0, 374.0, 61.5), (-17.0, 312.0, 30), (65.0, 320.0, 19), (3.0, 190.0, -25), (50.0, 191.0, -19), (-7.0, 101.0, 0), (56.0, 103.0, 0), (-9.0, 15.0, 0), (59.0, 16.0, 0), (0, 0, 0), (55.0, 5.0, 0), (-36.0, 0, 25), (67.0, 0, 42)]
[(24.0, 365.0, 55.5), (16.0, 373.0, 55.5), (32.0, 374.0, 55.5), (-17.0, 311.0, 28), (65.0, 321.0, 11), (3.0, 190.0, -29), (50.0, 191.0, -23), (-7.0, 102.0, 0), (56.0, 104.0, 0), (-9.0, 15.0, 0), (60.0, 16.0, 0), (0, 0, 0), (55.0, 5.0, 0), (-36.0, 0, 25), (69.0, 0, 41)]
[(23.0, 364.0, 59.5), (16.0, 372.0, 59.5), (31.0, 373.0, 59.5), (-17.0, 310.0, 30), (65.0, 320.0, 15), (3.0, 190.0, -29), (50.0, 191.0, -23), (-7.0, 102.0, 0), (56.0, 104.0, 0), (-9.0, 15.0, 0), (60.0, 16.0, 0), (0, 0, 0), (55.0, 5.0, 0), (-36.0, 0, 25), (69.0, 0, 41)]
[(25.0, 365.0, 50.0), (17.0, 372.0, 50.0), (32.0, 374.0, 50.0), (-17.0, 310.0, 25), (65.0, 319.0, 12), (4.0, 189.0, -31), (51.0, 190.0, -26), (-6.0, 102.0, 0), (58.0, 104.0, 0), (-8.0, 15.0, 0), (61.0, 16.0, 0), (0, 0, 0), (56.0, 6.0, 0), (-35.0, 0, 27), (70.0, 0, 41)]
[(25.0, 364.0, 53.5), (17.0, 372.0, 53.5), (32.0, 373.0, 53.5), (-17.0, 310.0, 25), (65.0, 319.0, 15), (4.0, 189.0, -31), (51.0, 190.0, -23), (-6.0, 102.0, 0), (58.0, 103.0, 0), (-9.0, 15.0, 0), (61.0, 16.0, 0), (0, 0, 0), (56.0, 5.0, 0), (-35.0, 0, 27), (70.0, 0, 41)]
[(25.0, 363.0, 52.5), (18.0, 371.0, 52.5), (33.0, 372.0, 52.5), (-16.0, 309.0, 24), (66.0, 318.0, 15), (5.0, 188.0, -32), (52.0, 189.0, -23), (-4.0, 101.0, 0), (59.0, 102.0, 0), (-8.0, 14.0, 0), (62.0, 15.0, 0), (0, 0, 0), (57.0, 4.0, 0), (-32.0, 0, 30), (69.0, 0, 42)]
[(25.0, 363.0, 56.0), (18.0, 371.0, 56.0), (33.0, 372.0, 56.0), (-16.0, 308.0, 26), (66.0, 317.0, 22), (5.0, 188.0, -32), (52.0, 189.0, -19), (-4.0, 101.0, 0), (59.0, 101.0, 0), (-8.0, 15.0, 0), (61.0, 15.0, 0), (0, 0, 0), (56.0, 4.0, 0), (-32.0, 0, 30), (70.0, 0, 41)]
[(25.0, 363.0, 59.0), (17.0, 370.0, 59.0), (33.0, 372.0, 59.0), (-16.0, 308.0, 26), (66.0, 317.0, 28), (5.0, 188.0, -32), (52.0, 189.0, -13), (-4.0, 101.0, 0), (59.0, 100.0, 0), (-8.0, 15.0, 0), (62.0, 15.0, 0), (0, 0, 0), (57.0, 4.0, 0), (-33.0, 0, 29), (69.0, 0, 42)]
[(25.0, 363.0, 55.0), (17.0, 370.0, 55.0), (33.0, 372.0, 55.0), (-16.0, 309.0, 24), (66.0, 317.0, 22), (5.0, 188.0, -32), (52.0, 189.0, -19), (-4.0, 101.0, 0), (59.0, 101.0, 0), (-8.0, 15.0, 0), (61.0, 15.0, 0), (0, 0, 0), (56.0, 5.0, 0), (-33.0, 0, 29), (68.0, 0, 42)]
[(25.0, 363.0, 51.5), (17.0, 370.0, 51.5), (32.0, 372.0, 51.5), (-16.0, 309.0, 22), (66.0, 317.0, 19), (5.0, 187.0, -32), (52.0, 188.0, -19), (-4.0, 100.0, 0), (58.0, 100.0, 0), (-8.0, 15.0, 0), (61.0, 14.0, 0), (0, 0, 0), (58.0, 5.0, 0), (-33.0, 0, 29), (66.0, 0, 43)]
[(24.0, 363.0, 52.5), (16.0, 370.0, 52.5), (31.0, 372.0, 52.5), (-17.0, 309.0, 23), (65.0, 317.0, 19), (5.0, 187.0, -31), (51.0, 188.0, -19), (-5.0, 100.0, 0), (58.0, 100.0, 0), (-9.0, 15.0, 0), (60.0, 14.0, 0), (0, 0, 0), (57.0, 4.0, 0), (-34.0, 0, 28), (65.0, 0, 43)]
[(24.0, 363.0, 52.5), (16.0, 370.0, 52.5), (31.0, 372.0, 52.5), (-16.0, 309.0, 23), (66.0, 317.0, 19), (5.0, 187.0, -31), (51.0, 188.0, -19), (-5.0, 100.0, 0), (58.0, 100.0, 0), (-9.0, 15.0, 0), (60.0, 13.0, 0), (0, 0, 0), (57.0, 4.0, 0), (-34.0, 0, 28), (65.0, 0, 43)]
[(23.0, 363.0, 49.5), (16.0, 370.0, 49.5), (31.0, 372.0, 49.5), (-16.0, 309.0, 22), (66.0, 317.0, 15), (6.0, 187.0, -32), (52.0, 188.0, -23), (-3.0, 100.0, 0), (58.0, 101.0, 0), (-9.0, 15.0, 0), (60.0, 14.0, 0), (0, 0, 0), (56.0, 4.0, 0), (-34.0, 0, 28), (65.0, 0, 43)]
[(23.0, 363.0, 49.5), (16.0, 370.0, 49.5), (31.0, 372.0, 49.5), (-16.0, 309.0, 22), (66.0, 317.0, 15), (6.0, 187.0, -32), (52.0, 188.0, -23), (-3.0, 100.0, 0), (59.0, 101.0, 0), (-9.0, 14.0, 0), (60.0, 14.0, 0), (0, 0, 0), (54.0, 4.0, 0), (-34.0, 0, 28), (65.0, 0, 42)]
[(23.0, 364.0, 57.5), (16.0, 371.0, 57.5), (31.0, 373.0, 57.5), (-16.0, 310.0, 25), (66.0, 318.0, 25), (6.0, 188.0, -29), (52.0, 189.0, -13), (-3.0, 100.0, 0), (60.0, 100.0, 0), (-9.0, 15.0, 0), (60.0, 14.0, 0), (0, 0, 0), (54.0, 4.0, 0), (-33.0, 0, 29), (66.0, 0, 42)]
[(23.0, 364.0, 64.0), (16.0, 371.0, 64.0), (31.0, 373.0, 64.0), (-16.0, 310.0, 25), (66.0, 318.0, 38), (6.0, 188.0, -29), (53.0, 189.0, 0), (-3.0, 100.0, 0), (61.0, 98.0, 0), (-8.0, 14.0, 0), (60.0, 13.0, 0), (0, 0, 0), (54.0, 3.0, 0), (-33.0, 0, 29), (67.0, 0, 42)]
[(22.0, 364.0, 59.0), (15.0, 371.0, 59.0), (30.0, 373.0, 59.0), (-17.0, 310.0, 20), (65.0, 318.0, 38), (5.0, 187.0, -32), (52.0, 189.0, 0), (-3.0, 100.0, 0), (60.0, 98.0, 0), (-9.0, 14.0, 0), (60.0, 13.0, 0), (0, 0, 0), (54.0, 3.0, 0), (-34.0, 0, 28), (65.0, 0, 42)]
[(22.0, 363.0, 61.0), (15.0, 371.0, 61.0), (30.0, 372.0, 61.0), (-16.0, 310.0, 20), (65.0, 318.0, 38), (6.0, 187.0, -32), (52.0, 189.0, 0), (-3.0, 100.0, 0), (61.0, 98.0, 0), (-9.0, 14.0, 0), (60.0, 13.0, 0), (0, 0, 0), (55.0, 3.0, 0), (-34.0, 0, 28), (65.0, 0, 43)]
[(23.0, 363.0, 62.5), (15.0, 371.0, 62.5), (30.0, 372.0, 62.5), (-16.0, 310.0, 21), (65.0, 318.0, 39), (6.0, 187.0, -31), (53.0, 189.0, 0), (-4.0, 100.0, 0), (61.0, 98.0, 0), (-9.0, 14.0, 0), (60.0, 13.0, 0), (0, 0, 0), (55.0, 3.0, 0), (-34.0, 0, 28), (65.0, 0, 43)]
[(23.0, 364.0, 55.0), (15.0, 372.0, 55.0), (31.0, 373.0, 55.0), (-16.0, 311.0, 20), (65.0, 319.0, 26), (7.0, 188.0, -31), (53.0, 190.0, -13), (-4.0, 101.0, 0), (61.0, 101.0, 0), (-9.0, 14.0, 0), (60.0, 14.0, 0), (0, 0, 0), (54.0, 4.0, 0), (-34.0, 0, 28), (65.0, 0, 42)]
[(23.0, 364.0, 58.0), (15.0, 372.0, 58.0), (31.0, 373.0, 58.0), (-16.0, 312.0, 23), (65.0, 320.0, 22), (7.0, 189.0, -28), (53.0, 190.0, -13), (-4.0, 101.0, 0), (61.0, 101.0, 0), (-8.0, 14.0, 0), (60.0, 14.0, 0), (0, 0, 0), (53.0, 4.0, 0), (-33.0, 0, 29), (65.0, 0, 42)]
[(23.0, 364.0, 65.5), (15.0, 372.0, 65.5), (31.0, 373.0, 65.5), (-15.0, 312.0, 24), (66.0, 320.0, 35), (7.0, 189.0, -28), (53.0, 190.0, 0), (-4.0, 101.0, 0), (61.0, 100.0, 0), (-8.0, 13.0, 0), (60.0, 14.0, 0), (0, 0, 0), (53.0, 4.0, 0), (-31.0, 0, 31), (64.0, 0, 42)]
[(24.0, 364.0, 59.0), (15.0, 372.0, 59.0), (31.0, 373.0, 59.0), (-15.0, 312.0, 24), (66.0, 320.0, 22), (7.0, 189.0, -28), (53.0, 190.0, -13), (-4.0, 101.0, 0), (61.0, 101.0, 0), (-8.0, 13.0, 0), (60.0, 14.0, 0), (0, 0, 0), (54.0, 6.0, 0), (-30.0, 0, 32), (64.0, 0, 42)]
[(24.0, 365.0, 69.5), (15.0, 373.0, 69.5), (31.0, 375.0, 69.5), (-15.0, 312.0, 29), (66.0, 321.0, 35), (6.0, 190.0, -25), (53.0, 191.0, 0), (-4.0, 101.0, 0), (61.0, 101.0, 0), (-8.0, 13.0, 0), (60.0, 15.0, 0), (0, 0, 0), (53.0, 7.0, 0), (-30.0, 0, 32), (64.0, 0, 42)]
[(24.0, 365.0, 78.5), (15.0, 373.0, 78.5), (32.0, 375.0, 78.5), (-15.0, 312.0, 38), (66.0, 321.0, 35), (6.0, 190.0, -16), (53.0, 191.0, 0), (-5.0, 99.0, 0), (61.0, 100.0, 0), (-9.0, 13.0, 0), (60.0, 15.0, 0), (0, 0, 0), (54.0, 7.0, 0), (-29.0, 0, 33), (64.0, 0, 42)]
[(32.0, 362.0, 77.0), (23.0, 371.0, 77.0), (40.0, 372.0, 77.0), (-8.0, 309.0, 39), (74.0, 318.0, 30), (12.0, 186.0, -13), (60.0, 187.0, 0), (3.0, 95.0, 4), (69.0, 95.0, 0), (-5.0, 10.0, 4), (68.0, 12.0, 0), (0, 0, 0), (61.0, 4.0, 0), (-18.0, 0, 40), (72.0, 0, 42)]
[(34.0, 362.0, 83.0), (25.0, 371.0, 83.0), (41.0, 372.0, 83.0), (-6.0, 308.0, 47), (76.0, 317.0, 30), (14.0, 185.0, -5), (62.0, 186.0, 0), (4.0, 93.0, 6), (71.0, 94.0, 0), (-5.0, 9.0, 6), (70.0, 11.0, 0), (0, 0, 0), (63.0, 4.0, 0), (-15.0, 0, 41), (74.0, 0, 42)]
[(34.0, 363.0, 82.0), (26.0, 371.0, 82.0), (42.0, 373.0, 82.0), (-6.0, 308.0, 48), (77.0, 317.0, 30), (13.0, 185.0, -5), (62.0, 186.0, 0), (4.0, 93.0, 6), (72.0, 93.0, 0), (-5.0, 9.0, 6), (70.0, 11.0, 0), (0, 0, 0), (63.0, 4.0, 0), (-13.0, 0, 42), (75.0, 0, 42)]
[(33.0, 365.0, 72.0), (25.0, 374.0, 72.0), (41.0, 375.0, 72.0), (-7.0, 309.0, 43), (76.0, 317.0, 30), (13.0, 185.0, -7), (61.0, 186.0, 0), (4.0, 93.0, 4), (71.0, 93.0, 0), (-5.0, 10.0, 4), (69.0, 12.0, 0), (0, 0, 0), (61.0, 4.0, 0), (-13.0, 0, 42), (75.0, 0, 41)]
[(31.0, 364.0, 86.0), (23.0, 372.0, 86.0), (39.0, 373.0, 86.0), (-8.0, 308.0, 57), (74.0, 315.0, 34), (11.0, 184.0, 7), (59.0, 185.0, 0), (3.0, 91.0, 7), (70.0, 91.0, 0), (-5.0, 8.0, 7), (69.0, 10.0, 0), (0, 0, 0), (61.0, 3.0, 0), (-13.0, 0, 42), (76.0, 0, 41)]
[(31.0, 364.0, 85.0), (22.0, 372.0, 85.0), (39.0, 373.0, 85.0), (-10.0, 308.0, 56), (73.0, 315.0, 34), (10.0, 184.0, 6), (59.0, 185.0, 0), (4.0, 91.0, 6), (71.0, 91.0, 0), (-4.0, 9.0, 6), (70.0, 10.0, 0), (0, 0, 0), (62.0, 2.0, 0), (-12.0, 0, 42), (77.0, 0, 41)]
[(29.0, 363.0, 85.0), (20.0, 372.0, 85.0), (37.0, 372.0, 85.0), (-14.0, 307.0, 56), (70.0, 314.0, 34), (8.0, 183.0, 7), (56.0, 184.0, 0), (1.0, 90.0, 7), (68.0, 90.0, 0), (-5.0, 8.0, 7), (69.0, 9.0, 0), (0, 0, 0), (61.0, 1.0, 0), (-13.0, 0, 42), (76.0, 0, 41)]
[(27.0, 363.0, 77.0), (19.0, 371.0, 77.0), (35.0, 372.0, 77.0), (-16.0, 307.0, 50), (68.0, 313.0, 34), (6.0, 182.0, 4), (54.0, 183.0, 0), (1.0, 89.0, 7), (68.0, 90.0, 0), (-5.0, 8.0, 7), (69.0, 9.0, 0), (0, 0, 0), (61.0, 1.0, 0), (-13.0, 0, 42), (76.0, 0, 41)]
[(27.0, 363.0, 78.5), (18.0, 371.0, 78.5), (34.0, 372.0, 78.5), (-17.0, 308.0, 47), (66.0, 314.0, 35), (6.0, 182.0, 4), (53.0, 184.0, 0), (1.0, 89.0, 7), (67.0, 90.0, 0), (-5.0, 8.0, 7), (69.0, 9.0, 0), (0, 0, 0), (62.0, 1.0, 0), (-13.0, 0, 42), (76.0, 0, 41)]
[(26.0, 363.0, 76.5), (18.0, 371.0, 76.5), (34.0, 372.0, 76.5), (-18.0, 308.0, 45), (65.0, 314.0, 35), (5.0, 182.0, 2), (53.0, 184.0, 0), (1.0, 89.0, 6), (67.0, 90.0, 0), (-5.0, 9.0, 6), (68.0, 9.0, 0), (0, 0, 0), (61.0, 1.0, 0), (-13.0, 0, 42), (77.0, 0, 41)]
[(25.0, 363.0, 77.5), (17.0, 371.0, 77.5), (33.0, 372.0, 77.5), (-20.0, 308.0, 46), (65.0, 314.0, 35), (5.0, 182.0, 4), (53.0, 184.0, 0), (-0.0, 89.0, 7), (67.0, 92.0, 0), (-5.0, 8.0, 7), (68.0, 9.0, 0), (0, 0, 0), (61.0, 1.0, 0), (-13.0, 0, 42), (77.0, 0, 41)]
[(24.0, 363.0, 62.5), (16.0, 371.0, 62.5), (32.0, 372.0, 62.5), (-20.0, 308.0, 33), (65.0, 313.0, 35), (4.0, 181.0, -7), (53.0, 183.0, 0), (-0.0, 89.0, 7), (67.0, 91.0, 0), (-5.0, 8.0, 7), (68.0, 10.0, 0), (0, 0, 0), (61.0, 2.0, 0), (-13.0, 0, 42), (77.0, 0, 41)]
[(25.0, 364.0, 71.5), (16.0, 372.0, 71.5), (32.0, 373.0, 71.5), (-20.0, 309.0, 42), (65.0, 314.0, 35), (4.0, 182.0, 2), (53.0, 184.0, 0), (-1.0, 89.0, 5), (67.0, 92.0, 0), (-6.0, 9.0, 5), (68.0, 11.0, 0), (0, 0, 0), (62.0, 3.0, 0), (-13.0, 0, 42), (77.0, 0, 41)]
[(26.0, 364.0, 69.5), (17.0, 372.0, 69.5), (33.0, 373.0, 69.5), (-19.0, 309.0, 40), (66.0, 314.0, 35), (5.0, 181.0, 4), (54.0, 184.0, 0), (-0.0, 88.0, 7), (68.0, 90.0, 0), (-5.0, 8.0, 7), (70.0, 11.0, 0), (0, 0, 0), (65.0, 3.0, 0), (-11.0, 0, 42), (78.0, 0, 42)]
[(26.0, 364.0, 76.0), (17.0, 372.0, 76.0), (33.0, 373.0, 76.0), (-19.0, 309.0, 40), (66.0, 314.0, 48), (5.0, 181.0, 4), (54.0, 183.0, 17), (-0.0, 88.0, 7), (68.0, 88.0, 17), (-5.0, 8.0, 7), (72.0, 11.0, 0), (0, 0, 0), (67.0, 3.0, 0), (-11.0, 0, 42), (78.0, 0, 42)]
[(26.0, 365.0, 77.0), (17.0, 373.0, 77.0), (34.0, 374.0, 77.0), (-19.0, 309.0, 46), (67.0, 315.0, 42), (5.0, 182.0, 6), (55.0, 184.0, 11), (-1.0, 89.0, 6), (68.0, 89.0, 11), (-5.0, 9.0, 6), (72.0, 11.0, 0), (0, 0, 0), (66.0, 4.0, 0), (-12.0, 0, 42), (78.0, 0, 42)]
[(29.0, 365.0, 64.0), (20.0, 373.0, 64.0), (37.0, 374.0, 64.0), (-17.0, 309.0, 47), (71.0, 313.0, 34), (5.0, 182.0, 6), (55.0, 183.0, 0), (-1.0, 89.0, 6), (68.0, 90.0, 0), (-5.0, 9.0, 6), (72.0, 11.0, 0), (0, 0, 0), (66.0, 3.0, 0), (-12.0, 0, 42), (78.0, 0, 42)]
[(32.0, 365.0, 65.5), (23.0, 373.0, 65.5), (40.0, 374.0, 65.5), (-13.0, 309.0, 48), (74.0, 313.0, 33), (6.0, 182.0, 6), (56.0, 183.0, 0), (-1.0, 89.0, 6), (70.0, 90.0, 0), (-4.0, 9.0, 6), (72.0, 11.0, 0), (0, 0, 0), (66.0, 3.0, 0), (-11.0, 0, 42), (78.0, 0, 42)]
[(33.0, 365.0, 50.5), (24.0, 373.0, 50.5), (41.0, 374.0, 50.5), (-11.0, 309.0, 35), (76.0, 312.0, 31), (7.0, 181.0, -5), (56.0, 182.0, 0), (-2.0, 89.0, 6), (72.0, 90.0, 0), (-5.0, 9.0, 6), (71.0, 11.0, 0), (0, 0, 0), (65.0, 4.0, 0), (-12.0, 0, 42), (77.0, 0, 42)]
[(39.0, 365.0, 49.5), (29.0, 374.0, 49.5), (46.0, 374.0, 49.5), (-5.0, 309.0, 28), (81.0, 312.0, 43), (11.0, 181.0, -12), (60.0, 182.0, 12), (-1.0, 90.0, 4), (75.0, 90.0, 12), (-5.0, 10.0, 4), (72.0, 12.0, 0), (0, 0, 0), (66.0, 4.0, 0), (-19.0, 0, 39), (78.0, 0, 42)]
[(44.0, 366.0, 32.5), (34.0, 374.0, 32.5), (52.0, 374.0, 32.5), (-0.0, 310.0, 17), (87.0, 312.0, 31), (16.0, 181.0, -20), (66.0, 182.0, 0), (3.0, 91.0, 0), (79.0, 92.0, 0), (-5.0, 11.0, 0), (76.0, 13.0, 0), (0, 0, 0), (71.0, 5.0, 0), (-19.0, 0, 39), (82.0, 0, 42)]
[(47.0, 366.0, 39.0), (37.0, 374.0, 39.0), (55.0, 374.0, 39.0), (3.0, 310.0, 26), (90.0, 312.0, 26), (19.0, 182.0, -14), (70.0, 183.0, -9), (5.0, 91.0, 0), (82.0, 94.0, 0), (-5.0, 11.0, 0), (80.0, 13.0, 0), (0, 0, 0), (74.0, 5.0, 0), (-21.0, 0, 38), (86.0, 0, 42)]
[(49.0, 368.0, 35.0), (40.0, 376.0, 35.0), (57.0, 376.0, 35.0), (5.0, 312.0, 21), (91.0, 314.0, 28), (21.0, 184.0, -19), (71.0, 185.0, -7), (7.0, 94.0, 0), (84.0, 96.0, 1), (-5.0, 13.0, 0), (82.0, 15.0, 1), (0, 0, 0), (78.0, 7.0, 0), (-22.0, 0, 38), (88.0, 0, 42)]
[(49.0, 369.0, 55.0), (39.0, 377.0, 55.0), (57.0, 377.0, 55.0), (5.0, 313.0, 38), (91.0, 315.0, 34), (21.0, 186.0, -5), (71.0, 187.0, -5), (7.0, 94.0, 0), (85.0, 98.0, 1), (-6.0, 13.0, 0), (83.0, 16.0, 1), (0, 0, 0), (79.0, 8.0, 0), (-23.0, 0, 37), (89.0, 0, 42)]
[(48.0, 368.0, 42.5), (39.0, 377.0, 42.5), (56.0, 377.0, 42.5), (4.0, 313.0, 29), (90.0, 315.0, 25), (21.0, 186.0, -14), (71.0, 187.0, -14), (7.0, 95.0, 0), (84.0, 99.0, 1), (-6.0, 14.0, 0), (83.0, 17.0, 1), (0, 0, 0), (79.0, 9.0, 0), (-23.0, 0, 37), (89.0, 0, 42)]
[(47.0, 368.0, 40.0), (38.0, 376.0, 40.0), (55.0, 377.0, 40.0), (2.0, 313.0, 27), (87.0, 315.0, 26), (18.0, 186.0, -16), (69.0, 187.0, -14), (7.0, 95.0, 0), (83.0, 99.0, 0), (-6.0, 13.0, 0), (83.0, 17.0, 0), (0, 0, 0), (78.0, 9.0, 0), (-23.0, 0, 37), (89.0, 0, 41)]
[(44.0, 369.0, 44.5), (35.0, 378.0, 44.5), (51.0, 378.0, 44.5), (-3.0, 314.0, 31), (84.0, 316.0, 27), (15.0, 187.0, -12), (66.0, 188.0, -13), (7.0, 95.0, 0), (81.0, 100.0, 0), (-6.0, 13.0, 0), (83.0, 18.0, 0), (0, 0, 0), (78.0, 9.0, 0), (-23.0, 0, 37), (89.0, 0, 41)]
[(41.0, 368.0, 33.5), (33.0, 377.0, 33.5), (49.0, 377.0, 33.5), (-6.0, 313.0, 20), (80.0, 315.0, 27), (13.0, 185.0, -19), (64.0, 187.0, -13), (7.0, 94.0, 0), (79.0, 99.0, 0), (-6.0, 13.0, 0), (83.0, 17.0, 0), (0, 0, 0), (79.0, 8.0, 0), (-22.0, 0, 38), (89.0, 0, 42)]
[(40.0, 368.0, 30.0), (31.0, 376.0, 30.0), (48.0, 376.0, 30.0), (-7.0, 312.0, 20), (79.0, 314.0, 20), (12.0, 184.0, -19), (64.0, 185.0, -18), (7.0, 93.0, 0), (78.0, 98.0, 1), (-6.0, 12.0, 0), (83.0, 16.0, 1), (0, 0, 0), (79.0, 8.0, 0), (-22.0, 0, 38), (89.0, 0, 42)]
[(37.0, 367.0, 33.5), (29.0, 376.0, 33.5), (45.0, 376.0, 33.5), (-10.0, 312.0, 19), (77.0, 314.0, 29), (11.0, 184.0, -19), (62.0, 186.0, -12), (6.0, 93.0, 0), (77.0, 98.0, 1), (-6.0, 12.0, 0), (83.0, 16.0, 1), (0, 0, 0), (79.0, 8.0, 0), (-22.0, 0, 38), (89.0, 0, 42)]
[(36.0, 367.0, 38.0), (27.0, 376.0, 38.0), (44.0, 376.0, 38.0), (-10.0, 312.0, 19), (76.0, 315.0, 26), (11.0, 184.0, -19), (62.0, 186.0, -12), (7.0, 93.0, 0), (77.0, 98.0, 1), (-5.0, 12.0, 0), (84.0, 16.0, 1), (0, 0, 0), (80.0, 8.0, 0), (-21.0, 0, 38), (90.0, 0, 42)]
[(35.0, 368.0, 37.0), (26.0, 376.0, 37.0), (43.0, 376.0, 37.0), (-13.0, 312.0, 18), (74.0, 315.0, 38), (10.0, 184.0, -19), (61.0, 186.0, 0), (6.0, 93.0, 0), (76.0, 97.0, 4), (-6.0, 12.0, 0), (84.0, 16.0, 4), (0, 0, 0), (80.0, 9.0, 0), (-21.0, 0, 38), (89.0, 0, 42)]
[(33.0, 368.0, 41.5), (24.0, 376.0, 41.5), (41.0, 376.0, 41.5), (-14.0, 311.0, 21), (72.0, 315.0, 41), (11.0, 184.0, -18), (61.0, 186.0, 2), (4.0, 93.0, 0), (75.0, 96.0, 2), (-6.0, 12.0, 0), (83.0, 16.0, 2), (0, 0, 0), (80.0, 8.0, 0), (-21.0, 0, 38), (88.0, 0, 42)]
[(34.0, 368.0, 49.0), (25.0, 376.0, 49.0), (42.0, 376.0, 49.0), (-13.0, 311.0, 29), (74.0, 315.0, 40), (11.0, 184.0, -11), (61.0, 186.0, 2), (2.0, 92.0, 0), (76.0, 96.0, 2), (-6.0, 11.0, 0), (85.0, 16.0, 2), (0, 0, 0), (82.0, 8.0, 0), (-19.0, 0, 39), (89.0, 0, 42)]
[(33.0, 368.0, 48.5), (23.0, 376.0, 48.5), (40.0, 376.0, 48.5), (-14.0, 311.0, 28), (73.0, 315.0, 41), (11.0, 184.0, -11), (61.0, 186.0, 2), (2.0, 92.0, 0), (75.0, 96.0, 2), (-6.0, 11.0, 0), (84.0, 16.0, 2), (0, 0, 0), (81.0, 8.0, 0), (-19.0, 0, 39), (89.0, 0, 42)]
[(33.0, 368.0, 48.0), (23.0, 376.0, 48.0), (41.0, 376.0, 48.0), (-14.0, 311.0, 28), (73.0, 315.0, 40), (11.0, 184.0, -11), (61.0, 186.0, 1), (1.0, 92.0, 0), (74.0, 95.0, 1), (-7.0, 11.0, 0), (84.0, 16.0, 1), (0, 0, 0), (80.0, 8.0, 0), (-19.0, 0, 39), (88.0, 0, 42)]
[(33.0, 368.0, 50.0), (24.0, 376.0, 50.0), (41.0, 376.0, 50.0), (-13.0, 311.0, 30), (73.0, 315.0, 40), (11.0, 184.0, -10), (61.0, 186.0, 1), (-0.0, 92.0, 0), (73.0, 95.0, 1), (-7.0, 11.0, 0), (83.0, 15.0, 1), (0, 0, 0), (79.0, 7.0, 0), (-19.0, 0, 39), (88.0, 0, 42)]
[(33.0, 368.0, 52.5), (24.0, 376.0, 52.5), (41.0, 376.0, 52.5), (-13.0, 311.0, 27), (73.0, 315.0, 51), (10.0, 183.0, -10), (61.0, 185.0, 16), (-1.0, 91.0, 0), (74.0, 92.0, 16), (-7.0, 11.0, 0), (83.0, 15.0, 1), (0, 0, 0), (79.0, 7.0, 0), (-19.0, 0, 39), (88.0, 0, 42)]
[(34.0, 369.0, 63.0), (25.0, 377.0, 63.0), (42.0, 377.0, 63.0), (-12.0, 312.0, 38), (74.0, 316.0, 50), (10.0, 184.0, 0), (62.0, 186.0, 15), (-4.0, 91.0, 0), (75.0, 93.0, 15), (-7.0, 12.0, 0), (84.0, 16.0, 0), (0, 0, 0), (79.0, 7.0, 0), (-19.0, 0, 39), (89.0, 0, 42)]
[(34.0, 369.0, 63.0), (25.0, 377.0, 63.0), (42.0, 377.0, 63.0), (-11.0, 312.0, 38), (74.0, 316.0, 50), (10.0, 184.0, 0), (62.0, 186.0, 15), (-4.0, 91.0, 0), (76.0, 93.0, 15), (-7.0, 11.0, 0), (84.0, 16.0, 0), (0, 0, 0), (79.0, 7.0, 0), (-19.0, 0, 39), (89.0, 0, 42)]
[(34.0, 368.0, 65.5), (25.0, 376.0, 65.5), (42.0, 376.0, 65.5), (-11.0, 311.0, 38), (74.0, 315.0, 55), (10.0, 183.0, 0), (62.0, 185.0, 20), (-5.0, 90.0, 0), (76.0, 91.0, 20), (-7.0, 10.0, 0), (84.0, 15.0, 0), (0, 0, 0), (80.0, 6.0, 0), (-19.0, 0, 39), (89.0, 0, 42)]
[(33.0, 369.0, 59.0), (24.0, 377.0, 59.0), (41.0, 377.0, 59.0), (-11.0, 314.0, 31), (73.0, 316.0, 56), (9.0, 184.0, 0), (61.0, 186.0, 21), (-5.0, 91.0, 0), (76.0, 91.0, 21), (-8.0, 11.0, 0), (83.0, 15.0, 1), (0, 0, 0), (79.0, 7.0, 0), (-20.0, 0, 39), (89.0, 0, 42)]
[(34.0, 369.0, 67.5), (25.0, 377.0, 67.5), (42.0, 377.0, 67.5), (-10.0, 316.0, 28), (73.0, 317.0, 55), (9.0, 185.0, 0), (61.0, 186.0, 24), (-5.0, 91.0, 0), (77.0, 90.0, 24), (-8.0, 11.0, 0), (83.0, 15.0, 0), (0, 0, 0), (78.0, 6.0, 0), (-19.0, 0, 39), (89.0, 0, 42)]
[(35.0, 369.0, 52.5), (26.0, 377.0, 52.5), (43.0, 377.0, 52.5), (-7.0, 320.0, 6), (74.0, 319.0, 51), (11.0, 186.0, 0), (62.0, 187.0, 24), (-3.0, 91.0, 0), (80.0, 90.0, 24), (-7.0, 11.0, 0), (84.0, 15.0, 0), (0, 0, 0), (79.0, 6.0, 0), (-19.0, 0, 39), (90.0, 0, 42)]
[(35.0, 368.0, 47.0), (26.0, 376.0, 47.0), (43.0, 377.0, 47.0), (-5.0, 320.0, 10), (74.0, 321.0, 24), (11.0, 186.0, 0), (63.0, 186.0, 24), (-3.0, 91.0, 0), (81.0, 90.0, 24), (-7.0, 11.0, 0), (84.0, 15.0, 0), (0, 0, 0), (79.0, 6.0, 0), (-18.0, 0, 40), (90.0, 0, 42)]
[(35.0, 368.0, 47.0), (26.0, 376.0, 47.0), (43.0, 376.0, 47.0), (-4.0, 320.0, 10), (74.0, 321.0, 24), (12.0, 186.0, 0), (64.0, 186.0, 24), (-3.0, 91.0, 0), (82.0, 90.0, 24), (-7.0, 11.0, 0), (84.0, 15.0, 0), (0, 0, 0), (79.0, 6.0, 0), (-19.0, 0, 39), (90.0, 0, 42)]
[(36.0, 366.0, 59.5), (26.0, 374.0, 59.5), (44.0, 374.0, 59.5), (-4.0, 319.0, 18), (74.0, 321.0, 27), (13.0, 186.0, 0), (64.0, 185.0, 27), (-3.0, 91.0, 0), (82.0, 88.0, 27), (-7.0, 11.0, 0), (84.0, 14.0, 0), (0, 0, 0), (79.0, 6.0, 0), (-20.0, 0, 39), (90.0, 0, 42)]
[(36.0, 365.0, 50.5), (26.0, 373.0, 50.5), (44.0, 373.0, 50.5), (-4.0, 319.0, 8), (74.0, 321.0, 27), (13.0, 185.0, 0), (64.0, 184.0, 27), (-3.0, 91.0, 0), (83.0, 88.0, 27), (-7.0, 12.0, 0), (84.0, 14.0, 0), (0, 0, 0), (79.0, 6.0, 0), (-20.0, 0, 39), (90.0, 0, 42)]
[(37.0, 364.0, 42.0), (27.0, 372.0, 42.0), (45.0, 371.0, 42.0), (-4.0, 319.0, 0), (74.0, 320.0, 24), (14.0, 183.0, 0), (65.0, 183.0, 24), (-3.0, 91.0, 0), (83.0, 88.0, 24), (-7.0, 12.0, 0), (84.0, 13.0, 0), (0, 0, 0), (79.0, 5.0, 0), (-21.0, 0, 38), (90.0, 0, 42)]
[(37.0, 362.0, 62.5), (28.0, 369.0, 62.5), (45.0, 369.0, 62.5), (-4.0, 318.0, 17), (74.0, 318.0, 29), (15.0, 181.0, 17), (65.0, 181.0, 29), (-3.0, 89.0, 17), (83.0, 87.0, 29), (-7.0, 12.0, 0), (84.0, 13.0, 2), (0, 0, 0), (79.0, 6.0, 0), (-21.0, 0, 38), (90.0, 0, 42)]
[(37.0, 359.0, 57.0), (28.0, 367.0, 57.0), (45.0, 366.0, 57.0), (-5.0, 316.0, 7), (74.0, 315.0, 38), (15.0, 178.0, 7), (66.0, 179.0, 38), (-4.0, 88.0, 21), (83.0, 84.0, 38), (-7.0, 12.0, 0), (84.0, 13.0, 4), (0, 0, 0), (80.0, 6.0, 0), (-22.0, 0, 38), (90.0, 0, 42)]
[(38.0, 358.0, 53.0), (28.0, 365.0, 53.0), (45.0, 364.0, 53.0), (-6.0, 315.0, 4), (75.0, 313.0, 36), (15.0, 176.0, 4), (66.0, 177.0, 36), (-4.0, 87.0, 24), (83.0, 84.0, 36), (-6.0, 12.0, 0), (85.0, 13.0, 2), (0, 0, 0), (80.0, 6.0, 0), (-22.0, 0, 38), (90.0, 0, 42)]
[(37.0, 354.0, 54.5), (28.0, 362.0, 54.5), (45.0, 361.0, 54.5), (-6.0, 313.0, 0), (75.0, 311.0, 43), (15.0, 175.0, 0), (66.0, 176.0, 40), (-4.0, 87.0, 24), (83.0, 84.0, 40), (-6.0, 12.0, 0), (85.0, 14.0, 4), (0, 0, 0), (81.0, 7.0, 0), (-22.0, 0, 38), (90.0, 0, 42)]
[(37.0, 350.0, 62.5), (28.0, 358.0, 62.5), (45.0, 357.0, 62.5), (-7.0, 308.0, -2), (75.0, 306.0, 65), (15.0, 172.0, -2), (66.0, 173.0, 42), (-5.0, 86.0, 27), (83.0, 83.0, 42), (-7.0, 12.0, 0), (85.0, 14.0, 4), (0, 0, 0), (81.0, 7.0, 0), (-22.0, 0, 38), (90.0, 0, 42)]
[(38.0, 347.0, 58.5), (29.0, 355.0, 58.5), (46.0, 354.0, 58.5), (-6.0, 305.0, -5), (76.0, 303.0, 63), (16.0, 169.0, -5), (68.0, 171.0, 35), (-4.0, 85.0, 30), (86.0, 83.0, 44), (-6.0, 12.0, 0), (88.0, 14.0, 6), (0, 0, 0), (85.0, 8.0, 0), (-22.0, 0, 38), (91.0, 0, 43)]
[(38.0, 341.0, 72.0), (29.0, 348.0, 72.0), (46.0, 347.0, 72.0), (-6.0, 299.0, 11), (76.0, 298.0, 56), (16.0, 166.0, -1), (68.0, 166.0, 28), (-7.0, 83.0, 34), (87.0, 80.0, 48), (-6.0, 12.0, 0), (88.0, 14.0, 5), (0, 0, 0), (84.0, 8.0, 0), (-21.0, 0, 38), (91.0, 0, 42)]
[(39.0, 335.0, 83.5), (29.0, 342.0, 83.5), (46.0, 341.0, 83.5), (-5.0, 293.0, 19), (76.0, 292.0, 63), (16.0, 162.0, -7), (68.0, 162.0, 27), (-8.0, 82.0, 34), (89.0, 77.0, 49), (-6.0, 11.0, 0), (87.0, 13.0, 3), (0, 0, 0), (81.0, 7.0, 0), (-21.0, 0, 38), (92.0, 0, 42)]
[(38.0, 330.0, 104.0), (28.0, 337.0, 104.0), (45.0, 336.0, 104.0), (-3.0, 287.0, 41), (75.0, 289.0, 60), (15.0, 163.0, -10), (67.0, 161.0, 17), (-11.0, 84.0, 32), (87.0, 79.0, 49), (-7.0, 12.0, 0), (86.0, 14.0, 5), (0, 0, 0), (81.0, 9.0, 0), (-23.0, 0, 37), (91.0, 0, 42)]
[(38.0, 322.0, 104.5), (28.0, 329.0, 104.5), (46.0, 328.0, 104.5), (-2.0, 280.0, 41), (75.0, 283.0, 57), (15.0, 157.0, -12), (67.0, 156.0, 11), (-14.0, 82.0, 35), (88.0, 78.0, 51), (-7.0, 12.0, 0), (86.0, 14.0, 5), (0, 0, 0), (81.0, 9.0, 0), (-24.0, 0, 37), (92.0, 0, 41)]
[(38.0, 313.0, 122.0), (28.0, 320.0, 122.0), (45.0, 319.0, 122.0), (-2.0, 274.0, 49), (74.0, 277.0, 70), (14.0, 155.0, -13), (66.0, 154.0, 15), (-16.0, 81.0, 35), (87.0, 75.0, 53), (-8.0, 11.0, 0), (85.0, 13.0, 5), (0, 0, 0), (81.0, 7.0, 0), (-24.0, 0, 37), (91.0, 0, 42)]
[(38.0, 301.0, 131.0), (28.0, 308.0, 131.0), (45.0, 308.0, 131.0), (-2.0, 268.0, 51), (74.0, 269.0, 74), (14.0, 152.0, -16), (66.0, 151.0, 9), (-17.0, 81.0, 35), (87.0, 75.0, 53), (-8.0, 11.0, 0), (85.0, 13.0, 5), (0, 0, 0), (81.0, 7.0, 0), (-25.0, 0, 36), (91.0, 0, 42)]
[(38.0, 294.0, 140.5), (28.0, 302.0, 140.5), (45.0, 301.0, 140.5), (-3.0, 261.0, 57), (73.0, 262.0, 81), (13.0, 152.0, -21), (65.0, 151.0, 4), (-20.0, 83.0, 32), (86.0, 78.0, 52), (-8.0, 12.0, 0), (84.0, 15.0, 5), (0, 0, 0), (80.0, 9.0, 0), (-27.0, 0, 35), (90.0, 0, 42)]
[(35.0, 263.0, 156.5), (25.0, 270.0, 156.5), (42.0, 271.0, 156.5), (-5.0, 232.0, 68), (69.0, 233.0, 89), (11.0, 139.0, -29), (62.0, 140.0, -9), (-25.0, 82.0, 35), (86.0, 79.0, 53), (-9.0, 13.0, 0), (81.0, 16.0, 6), (0, 0, 0), (77.0, 11.0, 0), (-30.0, 0, 32), (87.0, 0, 41)]
[(35.0, 250.0, 157.0), (25.0, 256.0, 157.0), (42.0, 257.0, 157.0), (-5.0, 221.0, 69), (69.0, 222.0, 86), (11.0, 131.0, -30), (62.0, 132.0, -14), (-27.0, 79.0, 37), (87.0, 77.0, 53), (-9.0, 12.0, 0), (81.0, 15.0, 5), (0, 0, 0), (76.0, 10.0, 0), (-29.0, 0, 33), (87.0, 0, 41)]
[(33.0, 243.0, 152.5), (25.0, 250.0, 152.5), (41.0, 250.0, 152.5), (-5.0, 214.0, 66), (69.0, 218.0, 81), (11.0, 125.0, -34), (62.0, 126.0, -18), (-31.0, 79.0, 35), (89.0, 76.0, 52), (-9.0, 12.0, 0), (81.0, 15.0, 3), (0, 0, 0), (75.0, 9.0, 0), (-29.0, 0, 33), (87.0, 0, 41)]
[(33.0, 236.0, 152.5), (25.0, 244.0, 152.5), (41.0, 243.0, 152.5), (-4.0, 211.0, 65), (69.0, 213.0, 79), (11.0, 124.0, -37), (62.0, 125.0, -23), (-30.0, 80.0, 34), (90.0, 77.0, 48), (-9.0, 12.0, 0), (81.0, 15.0, 0), (0, 0, 0), (75.0, 8.0, 0), (-29.0, 0, 33), (87.0, 0, 41)]
[(33.0, 229.0, 149.0), (25.0, 237.0, 149.0), (41.0, 237.0, 149.0), (-3.0, 207.0, 63), (69.0, 207.0, 74), (12.0, 120.0, -39), (61.0, 121.0, -30), (-29.0, 80.0, 34), (90.0, 80.0, 45), (-9.0, 12.0, 0), (81.0, 16.0, 0), (0, 0, 0), (75.0, 8.0, 0), (-29.0, 0, 33), (87.0, 0, 41)]
[(32.0, 223.0, 148.5), (24.0, 231.0, 148.5), (40.0, 231.0, 148.5), (-3.0, 203.0, 63), (67.0, 204.0, 71), (12.0, 117.0, -40), (60.0, 118.0, -33), (-30.0, 80.0, 34), (90.0, 81.0, 43), (-10.0, 12.0, 0), (80.0, 16.0, 0), (0, 0, 0), (74.0, 9.0, 0), (-29.0, 0, 33), (86.0, 0, 41)]
[(33.0, 222.0, 144.0), (25.0, 229.0, 144.0), (41.0, 230.0, 144.0), (-2.0, 203.0, 60), (67.0, 203.0, 68), (12.0, 117.0, -43), (60.0, 118.0, -37), (-30.0, 82.0, 32), (90.0, 83.0, 40), (-10.0, 13.0, 0), (80.0, 16.0, 0), (0, 0, 0), (74.0, 7.0, 0), (-30.0, 0, 32), (87.0, 0, 41)]
[(33.0, 220.0, 145.5), (25.0, 227.0, 145.5), (41.0, 227.0, 145.5), (-2.0, 202.0, 61), (67.0, 200.0, 69), (12.0, 117.0, -43), (60.0, 117.0, -37), (-30.0, 82.0, 32), (91.0, 83.0, 40), (-10.0, 13.0, 0), (80.0, 16.0, 0), (0, 0, 0), (74.0, 7.0, 0), (-30.0, 0, 32), (86.0, 0, 42)]
[(34.0, 220.0, 142.0), (25.0, 227.0, 142.0), (42.0, 228.0, 142.0), (-2.0, 200.0, 59), (67.0, 199.0, 68), (12.0, 116.0, -46), (60.0, 116.0, -38), (-30.0, 83.0, 30), (91.0, 84.0, 40), (-9.0, 13.0, 0), (80.0, 17.0, 0), (0, 0, 0), (74.0, 8.0, 0), (-30.0, 0, 32), (86.0, 0, 41)]
[(34.0, 221.0, 140.5), (26.0, 228.0, 140.5), (42.0, 229.0, 140.5), (-2.0, 201.0, 58), (67.0, 200.0, 67), (12.0, 116.0, -46), (60.0, 116.0, -38), (-30.0, 83.0, 30), (91.0, 84.0, 40), (-9.0, 13.0, 0), (80.0, 17.0, 0), (0, 0, 0), (74.0, 8.0, 0), (-30.0, 0, 32), (86.0, 0, 41)]
[(34.0, 224.0, 143.0), (26.0, 231.0, 143.0), (43.0, 232.0, 143.0), (-2.0, 200.0, 60), (67.0, 202.0, 70), (13.0, 117.0, -45), (61.0, 118.0, -35), (-30.0, 83.0, 30), (91.0, 83.0, 42), (-9.0, 13.0, 0), (80.0, 17.0, 0), (0, 0, 0), (74.0, 7.0, 0), (-29.0, 0, 33), (87.0, 0, 41)]
[(34.0, 226.0, 144.0), (26.0, 233.0, 144.0), (43.0, 234.0, 144.0), (-2.0, 201.0, 61), (70.0, 202.0, 70), (13.0, 117.0, -44), (61.0, 118.0, -35), (-30.0, 82.0, 30), (91.0, 82.0, 42), (-9.0, 12.0, 0), (80.0, 16.0, 0), (0, 0, 0), (74.0, 7.0, 0), (-28.0, 0, 34), (86.0, 0, 42)]
[(34.0, 226.0, 143.5), (26.0, 234.0, 143.5), (43.0, 235.0, 143.5), (-2.0, 203.0, 59), (71.0, 203.0, 73), (13.0, 117.0, -44), (62.0, 120.0, -33), (-26.0, 81.0, 32), (90.0, 80.0, 43), (-9.0, 11.0, 0), (80.0, 15.0, 0), (0, 0, 0), (75.0, 7.0, 0), (-28.0, 0, 34), (85.0, 0, 42)]
[(35.0, 232.0, 145.5), (26.0, 239.0, 145.5), (43.0, 241.0, 145.5), (-1.0, 206.0, 62), (71.0, 207.0, 73), (13.0, 121.0, -42), (62.0, 125.0, -34), (-24.0, 81.0, 33), (88.0, 83.0, 41), (-9.0, 11.0, 0), (80.0, 16.0, 0), (0, 0, 0), (75.0, 8.0, 0), (-28.0, 0, 34), (85.0, 0, 42)]
[(36.0, 245.0, 140.5), (27.0, 252.0, 140.5), (44.0, 253.0, 140.5), (1.0, 216.0, 58), (71.0, 217.0, 75), (13.0, 129.0, -44), (62.0, 131.0, -29), (-20.0, 83.0, 30), (85.0, 82.0, 43), (-9.0, 11.0, 0), (81.0, 16.0, 0), (0, 0, 0), (76.0, 8.0, 0), (-28.0, 0, 34), (85.0, 0, 42)]
[(37.0, 256.0, 139.5), (28.0, 263.0, 139.5), (44.0, 264.0, 139.5), (2.0, 223.0, 61), (71.0, 225.0, 71), (14.0, 134.0, -40), (63.0, 136.0, -30), (-19.0, 83.0, 30), (84.0, 83.0, 40), (-9.0, 11.0, 0), (81.0, 15.0, 0), (0, 0, 0), (76.0, 7.0, 0), (-27.0, 0, 35), (85.0, 0, 42)]
[(38.0, 267.0, 122.5), (29.0, 274.0, 122.5), (45.0, 274.0, 122.5), (3.0, 235.0, 50), (73.0, 236.0, 59), (15.0, 141.0, -46), (64.0, 144.0, -39), (-15.0, 87.0, 23), (81.0, 89.0, 30), (-8.0, 12.0, 0), (81.0, 16.0, 0), (0, 0, 0), (77.0, 7.0, 0), (-27.0, 0, 35), (86.0, 0, 42)]
[(38.0, 280.0, 114.0), (29.0, 287.0, 114.0), (45.0, 287.0, 114.0), (3.0, 245.0, 48), (74.0, 245.0, 50), (16.0, 148.0, -45), (65.0, 149.0, -44), (-15.0, 89.0, 20), (80.0, 92.0, 24), (-8.0, 13.0, 0), (81.0, 17.0, 0), (0, 0, 0), (76.0, 8.0, 0), (-27.0, 0, 35), (86.0, 0, 42)]
[(38.0, 289.0, 107.5), (29.0, 296.0, 107.5), (45.0, 297.0, 107.5), (3.0, 256.0, 39), (75.0, 255.0, 53), (17.0, 155.0, -49), (65.0, 156.0, -38), (-13.0, 91.0, 11), (78.0, 92.0, 24), (-8.0, 13.0, 0), (81.0, 17.0, 0), (0, 0, 0), (77.0, 8.0, 0), (-28.0, 0, 34), (86.0, 0, 42)]
[(38.0, 301.0, 84.0), (30.0, 308.0, 84.0), (45.0, 307.0, 84.0), (3.0, 264.0, 24), (74.0, 263.0, 44), (17.0, 160.0, -61), (66.0, 160.0, -43), (-8.0, 95.0, 0), (78.0, 94.0, 17), (-8.0, 14.0, 0), (81.0, 17.0, 0), (0, 0, 0), (76.0, 9.0, 0), (-28.0, 0, 34), (86.0, 0, 42)]
[(40.0, 309.0, 86.0), (31.0, 315.0, 86.0), (47.0, 316.0, 86.0), (3.0, 272.0, 23), (75.0, 269.0, 52), (17.0, 163.0, -55), (66.0, 163.0, -31), (-7.0, 92.0, 0), (78.0, 91.0, 22), (-8.0, 13.0, 0), (81.0, 15.0, 1), (0, 0, 0), (77.0, 7.0, 0), (-28.0, 0, 34), (86.0, 0, 42)]
[(40.0, 315.0, 91.0), (32.0, 323.0, 91.0), (47.0, 323.0, 91.0), (3.0, 277.0, 24), (76.0, 276.0, 60), (17.0, 166.0, -52), (66.0, 167.0, -19), (-5.0, 92.0, 0), (77.0, 89.0, 25), (-8.0, 12.0, 0), (81.0, 14.0, 1), (0, 0, 0), (77.0, 6.0, 0), (-28.0, 0, 34), (85.0, 0, 43)]
[(41.0, 326.0, 88.5), (33.0, 334.0, 88.5), (48.0, 334.0, 88.5), (3.0, 286.0, 23), (76.0, 287.0, 59), (17.0, 171.0, -46), (66.0, 172.0, -11), (-3.0, 93.0, 0), (78.0, 90.0, 25), (-8.0, 12.0, 0), (81.0, 14.0, 4), (0, 0, 0), (77.0, 7.0, 0), (-28.0, 0, 34), (85.0, 0, 42)]
[(43.0, 336.0, 84.0), (35.0, 344.0, 84.0), (50.0, 344.0, 84.0), (2.0, 293.0, 22), (78.0, 293.0, 60), (18.0, 175.0, -42), (67.0, 175.0, -5), (1.0, 94.0, 0), (79.0, 90.0, 23), (-7.0, 12.0, 0), (82.0, 14.0, 2), (0, 0, 0), (79.0, 6.0, 0), (-27.0, 0, 35), (86.0, 0, 43)]