[(38.0, 351.0, 95.0), (29.0, 359.0, 95.0), (46.0, 359.0, 95.0), (-2.0, 312.0, 26), (74.0, 311.0, 68), (13.0, 187.0, -18), (65.0, 187.0, 12), (-3.0, 95.0, 0), (80.0, 90.0, 12), (-8.0, 13.0, 0), (78.0, 13.0, 0), (0, 0, 0), (71.0, 3.0, 0), (-27.0, 0, 35), (88.0, 0, 40)]
[(38.0, 355.0, 84.5), (29.0, 363.0, 84.5), (46.0, 363.0, 84.5), (-3.0, 316.0, 20), (74.0, 313.0, 61), (13.0, 187.0, -11), (65.0, 186.0, 12), (-4.0, 94.0, 0), (80.0, 90.0, 12), (-8.0, 13.0, 0), (78.0, 13.0, 0), (0, 0, 0), (71.0, 2.0, 0), (-27.0, 0, 35), (89.0, 0, 40)]
[(39.0, 371.0, 59.5), (29.0, 378.0, 59.5), (46.0, 378.0, 59.5), (-3.0, 326.0, 12), (74.0, 325.0, 41), (14.0, 194.0, 0), (65.0, 195.0, 0), (-2.0, 97.0, 0), (80.0, 96.0, 0), (-8.0, 13.0, 0), (79.0, 14.0, 0), (0, 0, 0), (72.0, 3.0, 0), (-27.0, 0, 35), (89.0, 0, 40)]
[(39.0, 374.0, 46.0), (29.0, 382.0, 46.0), (46.0, 383.0, 46.0), (-4.0, 328.0, 0), (74.0, 326.0, 44), (14.0, 195.0, 0), (65.0, 197.0, 0), (-0.0, 98.0, 0), (80.0, 99.0, 0), (-8.0, 13.0, 0), (79.0, 14.0, 0), (0, 0, 0), (72.0, 4.0, 0), (-29.0, 0, 33), (89.0, 0, 40)]
[(40.0, 375.0, 59.5), (30.0, 382.0, 59.5), (47.0, 383.0, 59.5), (-3.0, 330.0, 8), (76.0, 328.0, 51), (16.0, 198.0, 0), (66.0, 200.0, 5), (4.0, 101.0, 0), (81.0, 102.0, 5), (-7.0, 13.0, 0), (80.0, 15.0, 5), (0, 0, 0), (74.0, 6.0, 0), (-29.0, 0, 33), (90.0, 0, 40)]
[(40.0, 376.0, 59.5), (31.0, 384.0, 59.5), (48.0, 384.0, 59.5), (-3.0, 331.0, 8), (77.0, 328.0, 53), (16.0, 199.0, 0), (66.0, 201.0, 4), (4.0, 103.0, 0), (81.0, 103.0, 4), (-7.0, 14.0, 0), (81.0, 16.0, 4), (0, 0, 0), (76.0, 6.0, 0), (-28.0, 0, 34), (91.0, 0, 41)]
[(40.0, 378.0, 70.0), (31.0, 385.0, 70.0), (48.0, 386.0, 70.0), (-3.0, 330.0, 25), (78.0, 329.0, 48), (15.0, 200.0, 0), (65.0, 201.0, 2), (4.0, 103.0, 0), (80.0, 103.0, 2), (-7.0, 14.0, 0), (81.0, 16.0, 2), (0, 0, 0), (75.0, 6.0, 0), (-27.0, 0, 35), (92.0, 0, 40)]
[(41.0, 376.0, 71.5), (32.0, 384.0, 71.5), (49.0, 384.0, 71.5), (-2.0, 329.0, 25), (79.0, 328.0, 47), (16.0, 199.0, 0), (65.0, 200.0, 2), (6.0, 103.0, 0), (80.0, 103.0, 2), (-6.0, 13.0, 0), (82.0, 15.0, 2), (0, 0, 0), (76.0, 5.0, 0), (-25.0, 0, 36), (93.0, 0, 40)]
[(41.0, 377.0, 53.5), (31.0, 385.0, 53.5), (48.0, 385.0, 53.5), (-3.0, 330.0, 8), (78.0, 329.0, 45), (15.0, 199.0, -11), (64.0, 200.0, 2), (5.0, 105.0, 0), (79.0, 105.0, 2), (-7.0, 14.0, 0), (81.0, 16.0, 2), (0, 0, 0), (75.0, 6.0, 0), (-27.0, 0, 35), (92.0, 0, 40)]
[(41.0, 379.0, 60.0), (31.0, 386.0, 60.0), (48.0, 386.0, 60.0), (-4.0, 331.0, 18), (78.0, 330.0, 42), (15.0, 200.0, 0), (63.0, 201.0, 0), (4.0, 105.0, 0), (78.0, 105.0, 0), (-7.0, 15.0, 0), (81.0, 17.0, 0), (0, 0, 0), (75.0, 6.0, 0), (-26.0, 0, 35), (91.0, 0, 40)]
[(40.0, 378.0, 60.5), (31.0, 385.0, 60.5), (48.0, 385.0, 60.5), (-5.0, 330.0, 17), (78.0, 329.0, 45), (15.0, 199.0, 0), (63.0, 201.0, 0), (4.0, 104.0, 0), (78.0, 104.0, 0), (-7.0, 15.0, 0), (81.0, 17.0, 0), (0, 0, 0), (75.0, 6.0, 0), (-26.0, 0, 35), (91.0, 0, 40)]
[(40.0, 379.0, 57.5), (31.0, 386.0, 57.5), (48.0, 386.0, 57.5), (-5.0, 330.0, 18), (78.0, 330.0, 39), (14.0, 199.0, 0), (63.0, 200.0, 0), (3.0, 104.0, 0), (77.0, 104.0, 0), (-6.0, 14.0, 0), (80.0, 16.0, 0), (0, 0, 0), (75.0, 5.0, 0), (-27.0, 0, 35), (91.0, 0, 40)]
[(40.0, 380.0, 47.0), (31.0, 388.0, 47.0), (48.0, 387.0, 47.0), (-6.0, 331.0, 6), (78.0, 332.0, 40), (14.0, 199.0, 0), (63.0, 201.0, 4), (2.0, 104.0, 0), (77.0, 105.0, 4), (-6.0, 14.0, 0), (80.0, 16.0, 4), (0, 0, 0), (75.0, 6.0, 0), (-27.0, 0, 35), (91.0, 0, 40)]
[(40.0, 379.0, 42.0), (31.0, 387.0, 42.0), (48.0, 386.0, 42.0), (-7.0, 331.0, 0), (77.0, 332.0, 38), (14.0, 199.0, 0), (62.0, 201.0, 2), (1.0, 103.0, 0), (77.0, 104.0, 2), (-7.0, 14.0, 0), (80.0, 16.0, 2), (0, 0, 0), (74.0, 6.0, 0), (-27.0, 0, 35), (91.0, 0, 40)]
[(40.0, 379.0, 48.0), (31.0, 387.0, 48.0), (48.0, 386.0, 48.0), (-7.0, 331.0, 6), (77.0, 332.0, 38), (13.0, 199.0, 0), (62.0, 201.0, 2), (1.0, 102.0, 0), (77.0, 102.0, 2), (-7.0, 14.0, 0), (80.0, 16.0, 2), (0, 0, 0), (74.0, 6.0, 0), (-27.0, 0, 35), (91.0, 0, 40)]
[(40.0, 379.0, 48.0), (31.0, 387.0, 48.0), (48.0, 387.0, 48.0), (-7.0, 331.0, 6), (77.0, 332.0, 38), (13.0, 199.0, 0), (62.0, 201.0, 2), (-1.0, 100.0, 0), (77.0, 100.0, 2), (-7.0, 13.0, 0), (80.0, 15.0, 2), (0, 0, 0), (74.0, 5.0, 0), (-27.0, 0, 35), (91.0, 0, 40)]
[(40.0, 379.0, 47.0), (30.0, 387.0, 47.0), (47.0, 386.0, 47.0), (-7.0, 331.0, 6), (77.0, 332.0, 36), (13.0, 199.0, 0), (62.0, 201.0, 0), (-1.0, 99.0, 0), (77.0, 100.0, 0), (-7.0, 14.0, 0), (80.0, 15.0, 0), (0, 0, 0), (74.0, 4.0, 0), (-28.0, 0, 34), (93.0, 0, 39)]
[(40.0, 379.0, 40.0), (30.0, 387.0, 40.0), (47.0, 387.0, 40.0), (-8.0, 331.0, 0), (77.0, 332.0, 34), (13.0, 199.0, 0), (62.0, 200.0, 2), (-1.0, 98.0, 0), (77.0, 98.0, 2), (-7.0, 13.0, 0), (80.0, 14.0, 2), (0, 0, 0), (74.0, 4.0, 0), (-28.0, 0, 34), (93.0, 0, 39)]
[(40.0, 380.0, 37.0), (31.0, 387.0, 37.0), (48.0, 387.0, 37.0), (-7.0, 331.0, 0), (78.0, 332.0, 32), (14.0, 198.0, 0), (64.0, 200.0, 0), (-1.0, 97.0, 0), (77.0, 97.0, 0), (-7.0, 13.0, 0), (81.0, 14.0, 0), (0, 0, 0), (74.0, 4.0, 0), (-28.0, 0, 34), (93.0, 0, 39)]
[(40.0, 380.0, 37.0), (31.0, 388.0, 37.0), (48.0, 387.0, 37.0), (-7.0, 331.0, 0), (78.0, 332.0, 32), (14.0, 199.0, 0), (64.0, 200.0, 0), (-1.0, 97.0, 0), (78.0, 96.0, 0), (-7.0, 13.0, 0), (81.0, 14.0, 0), (0, 0, 0), (74.0, 3.0, 0), (-28.0, 0, 34), (93.0, 0, 39)]
[(40.0, 381.0, 35.0), (31.0, 388.0, 35.0), (48.0, 388.0, 35.0), (-7.0, 331.0, 0), (78.0, 332.0, 34), (14.0, 198.0, 0), (64.0, 200.0, 2), (-1.0, 97.0, 0), (77.0, 96.0, 2), (-7.0, 13.0, 0), (80.0, 13.0, 2), (0, 0, 0), (74.0, 3.0, 0), (-28.0, 0, 34), (93.0, 0, 39)]
[(40.0, 380.0, 37.5), (31.0, 388.0, 37.5), (48.0, 388.0, 37.5), (-7.0, 331.0, 0), (77.0, 332.0, 33), (14.0, 198.0, 0), (64.0, 200.0, 0), (-0.0, 97.0, 0), (78.0, 96.0, 0), (-7.0, 13.0, 0), (80.0, 14.0, 0), (0, 0, 0), (74.0, 3.0, 0), (-28.0, 0, 34), (93.0, 0, 39)]
[(39.0, 380.0, 37.5), (30.0, 388.0, 37.5), (47.0, 388.0, 37.5), (-8.0, 331.0, 0), (76.0, 332.0, 33), (13.0, 198.0, 0), (63.0, 200.0, 0), (-1.0, 97.0, 0), (77.0, 96.0, 0), (-8.0, 13.0, 0), (79.0, 14.0, 0), (0, 0, 0), (73.0, 3.0, 0), (-28.0, 0, 34), (92.0, 0, 39)]
[(39.0, 381.0, 39.0), (30.0, 389.0, 39.0), (47.0, 389.0, 39.0), (-8.0, 332.0, 0), (76.0, 333.0, 36), (13.0, 199.0, 0), (63.0, 202.0, 0), (-1.0, 98.0, 0), (77.0, 98.0, 0), (-7.0, 14.0, 0), (79.0, 15.0, 0), (0, 0, 0), (73.0, 4.0, 0), (-28.0, 0, 34), (92.0, 0, 39)]
[(39.0, 381.0, 39.0), (30.0, 389.0, 39.0), (47.0, 389.0, 39.0), (-8.0, 332.0, 0), (76.0, 333.0, 36), (13.0, 199.0, 0), (63.0, 202.0, 0), (-0.0, 98.0, 0), (77.0, 98.0, 0), (-7.0, 14.0, 0), (79.0, 15.0, 0), (0, 0, 0), (73.0, 4.0, 0), (-28.0, 0, 34), (92.0, 0, 39)]
[(39.0, 382.0, 36.0), (30.0, 389.0, 36.0), (47.0, 389.0, 36.0), (-8.0, 332.0, 0), (76.0, 333.0, 36), (13.0, 200.0, 0), (63.0, 202.0, 0), (-0.0, 98.0, 0), (77.0, 98.0, 0), (-7.0, 14.0, 0), (79.0, 15.0, 0), (0, 0, 0), (73.0, 4.0, 0), (-28.0, 0, 34), (92.0, 0, 39)]
[(39.0, 381.0, 39.0), (30.0, 389.0, 39.0), (47.0, 389.0, 39.0), (-8.0, 332.0, 0), (76.0, 333.0, 36), (13.0, 200.0, 0), (63.0, 202.0, 0), (1.0, 99.0, 0), (77.0, 99.0, 0), (-7.0, 14.0, 0), (79.0, 15.0, 0), (0, 0, 0), (73.0, 4.0, 0), (-28.0, 0, 34), (92.0, 0, 39)]
[(38.0, 381.0, 37.5), (29.0, 389.0, 37.5), (46.0, 389.0, 37.5), (-9.0, 332.0, 0), (75.0, 333.0, 33), (12.0, 200.0, 0), (62.0, 201.0, 0), (-1.0, 99.0, 0), (76.0, 99.0, 0), (-8.0, 14.0, 0), (78.0, 15.0, 0), (0, 0, 0), (72.0, 4.0, 0), (-29.0, 0, 33), (91.0, 0, 39)]
[(38.0, 381.0, 39.0), (29.0, 389.0, 39.0), (46.0, 389.0, 39.0), (-9.0, 332.0, 0), (75.0, 333.0, 36), (12.0, 200.0, 0), (62.0, 202.0, 0), (-1.0, 99.0, 0), (76.0, 99.0, 0), (-8.0, 14.0, 0), (78.0, 15.0, 0), (0, 0, 0), (72.0, 4.0, 0), (-29.0, 0, 33), (91.0, 0, 39)]
[(38.0, 381.0, 39.0), (29.0, 389.0, 39.0), (46.0, 389.0, 39.0), (-9.0, 332.0, 0), (75.0, 333.0, 36), (12.0, 200.0, 0), (62.0, 202.0, 0), (-1.0, 99.0, 0), (76.0, 99.0, 0), (-8.0, 14.0, 0), (78.0, 15.0, 0), (0, 0, 0), (72.0, 4.0, 0), (-29.0, 0, 33), (91.0, 0, 39)]
[(38.0, 381.0, 38.5), (29.0, 389.0, 38.5), (46.0, 389.0, 38.5), (-9.0, 332.0, 0), (75.0, 333.0, 35), (12.0, 199.0, 0), (62.0, 201.0, 2), (-1.0, 99.0, 0), (76.0, 98.0, 2), (-8.0, 13.0, 0), (78.0, 15.0, 2), (0, 0, 0), (72.0, 5.0, 0), (-28.0, 0, 34), (91.0, 0, 39)]
[(38.0, 381.0, 38.5), (29.0, 389.0, 38.5), (46.0, 389.0, 38.5), (-9.0, 332.0, 0), (75.0, 333.0, 35), (12.0, 199.0, 0), (62.0, 201.0, 2), (-1.0, 99.0, 0), (77.0, 98.0, 2), (-7.0, 14.0, 0), (78.0, 15.0, 2), (0, 0, 0), (72.0, 5.0, 0), (-27.0, 0, 35), (91.0, 0, 39)]
[(38.0, 380.0, 38.5), (28.0, 388.0, 38.5), (46.0, 388.0, 38.5), (-9.0, 331.0, 0), (75.0, 332.0, 35), (12.0, 198.0, 0), (62.0, 200.0, 2), (-2.0, 97.0, 0), (77.0, 97.0, 2), (-8.0, 13.0, 0), (78.0, 14.0, 2), (0, 0, 0), (72.0, 4.0, 0), (-27.0, 0, 35), (91.0, 0, 39)]
[(38.0, 381.0, 33.0), (28.0, 388.0, 33.0), (46.0, 388.0, 33.0), (-9.0, 332.0, 0), (75.0, 332.0, 28), (12.0, 197.0, 0), (62.0, 199.0, 0), (-3.0, 98.0, 0), (78.0, 98.0, 0), (-8.0, 14.0, 0), (79.0, 15.0, 0), (0, 0, 0), (73.0, 4.0, 0), (-27.0, 0, 35), (91.0, 0, 40)]
[(37.0, 380.0, 33.0), (28.0, 387.0, 33.0), (45.0, 387.0, 33.0), (-10.0, 331.0, 0), (75.0, 332.0, 24), (12.0, 196.0, 0), (63.0, 198.0, 0), (-3.0, 96.0, 0), (79.0, 97.0, 0), (-8.0, 14.0, 0), (79.0, 15.0, 0), (0, 0, 0), (72.0, 4.0, 0), (-27.0, 0, 35), (92.0, 0, 39)]
[(39.0, 377.0, 36.0), (29.0, 385.0, 36.0), (46.0, 385.0, 36.0), (-9.0, 330.0, 0), (75.0, 330.0, 24), (13.0, 193.0, 0), (64.0, 196.0, 0), (-2.0, 95.0, 0), (82.0, 97.0, 0), (-7.0, 13.0, 0), (80.0, 14.0, 0), (0, 0, 0), (73.0, 3.0, 0), (-26.0, 0, 35), (93.0, 0, 39)]
[(39.0, 375.0, 36.0), (29.0, 382.0, 36.0), (46.0, 382.0, 36.0), (-9.0, 329.0, 0), (75.0, 327.0, 24), (13.0, 190.0, 0), (64.0, 193.0, 0), (-3.0, 94.0, 0), (82.0, 95.0, 0), (-7.0, 12.0, 0), (80.0, 13.0, 0), (0, 0, 0), (73.0, 2.0, 0), (-26.0, 0, 35), (93.0, 0, 39)]
[(38.0, 373.0, 28.0), (29.0, 381.0, 28.0), (46.0, 381.0, 28.0), (-9.0, 327.0, -8), (75.0, 325.0, 24), (13.0, 187.0, -8), (64.0, 191.0, 0), (-6.0, 94.0, 0), (83.0, 94.0, 0), (-7.0, 13.0, 0), (81.0, 13.0, 0), (0, 0, 0), (74.0, 3.0, 0), (-26.0, 0, 35), (92.0, 0, 40)]
[(38.0, 370.0, 28.0), (29.0, 378.0, 28.0), (46.0, 378.0, 28.0), (-9.0, 325.0, -13), (75.0, 322.0, 32), (13.0, 185.0, -13), (64.0, 189.0, 3), (-8.0, 93.0, 0), (83.0, 93.0, 3), (-7.0, 12.0, 0), (81.0, 12.0, 3), (0, 0, 0), (74.0, 3.0, 0), (-26.0, 0, 35), (91.0, 0, 40)]
[(38.0, 368.0, 16.0), (29.0, 375.0, 16.0), (46.0, 376.0, 16.0), (-9.0, 323.0, -21), (75.0, 321.0, 22), (13.0, 181.0, -21), (65.0, 186.0, 3), (-10.0, 91.0, 0), (85.0, 91.0, 3), (-7.0, 12.0, 0), (81.0, 13.0, 3), (0, 0, 0), (74.0, 4.0, 0), (-26.0, 0, 35), (91.0, 0, 40)]
[(37.0, 363.0, 27.0), (28.0, 371.0, 27.0), (45.0, 371.0, 27.0), (-9.0, 320.0, -20), (74.0, 318.0, 36), (13.0, 179.0, -20), (65.0, 182.0, 26), (-10.0, 90.0, 4), (86.0, 89.0, 26), (-7.0, 12.0, 0), (81.0, 14.0, 5), (0, 0, 0), (74.0, 6.0, 0), (-26.0, 0, 35), (90.0, 0, 40)]
[(37.0, 358.0, 55.5), (27.0, 366.0, 55.5), (45.0, 366.0, 55.5), (-10.0, 315.0, -1), (74.0, 315.0, 53), (12.0, 176.0, -1), (65.0, 180.0, 34), (-13.0, 87.0, 21), (86.0, 87.0, 34), (-7.0, 12.0, 0), (81.0, 15.0, 5), (0, 0, 0), (74.0, 7.0, 0), (-26.0, 0, 35), (89.0, 0, 41)]
[(37.0, 356.0, 53.5), (27.0, 364.0, 53.5), (45.0, 364.0, 53.5), (-10.0, 313.0, 3), (74.0, 312.0, 41), (11.0, 173.0, 3), (65.0, 176.0, 31), (-14.0, 85.0, 29), (87.0, 85.0, 36), (-7.0, 13.0, 0), (81.0, 14.0, 5), (0, 0, 0), (74.0, 6.0, 0), (-26.0, 0, 35), (89.0, 0, 41)]
[(38.0, 354.0, 60.5), (28.0, 362.0, 60.5), (46.0, 362.0, 60.5), (-8.0, 311.0, 5), (75.0, 309.0, 53), (11.0, 173.0, 5), (66.0, 175.0, 28), (-14.0, 85.0, 31), (90.0, 85.0, 38), (-7.0, 14.0, 0), (82.0, 15.0, 5), (0, 0, 0), (75.0, 7.0, 0), (-26.0, 0, 35), (91.0, 0, 40)]
[(37.0, 347.0, 76.0), (27.0, 355.0, 76.0), (45.0, 355.0, 76.0), (-8.0, 306.0, 10), (75.0, 304.0, 68), (10.0, 170.0, 10), (65.0, 172.0, 34), (-16.0, 82.0, 35), (90.0, 82.0, 42), (-7.0, 13.0, 0), (83.0, 14.0, 5), (0, 0, 0), (76.0, 6.0, 0), (-27.0, 0, 35), (92.0, 0, 40)]
[(36.0, 342.0, 67.5), (26.0, 349.0, 67.5), (44.0, 349.0, 67.5), (-9.0, 300.0, 1), (74.0, 300.0, 69), (10.0, 167.0, 1), (64.0, 169.0, 32), (-19.0, 82.0, 32), (89.0, 80.0, 47), (-8.0, 12.0, 0), (82.0, 13.0, 8), (0, 0, 0), (78.0, 6.0, 0), (-28.0, 0, 34), (91.0, 0, 41)]
[(38.0, 337.0, 82.5), (28.0, 345.0, 82.5), (47.0, 345.0, 82.5), (-7.0, 295.0, 15), (76.0, 294.0, 73), (11.0, 163.0, 5), (66.0, 164.0, 32), (-19.0, 79.0, 38), (91.0, 76.0, 52), (-7.0, 12.0, 0), (85.0, 12.0, 8), (0, 0, 0), (80.0, 5.0, 0), (-27.0, 0, 35), (95.0, 0, 41)]
[(38.0, 330.0, 97.5), (28.0, 337.0, 97.5), (47.0, 337.0, 97.5), (-6.0, 285.0, 33), (76.0, 287.0, 71), (11.0, 157.0, -1), (66.0, 159.0, 25), (-23.0, 77.0, 37), (91.0, 73.0, 52), (-8.0, 10.0, 0), (85.0, 9.0, 8), (0, 0, 0), (79.0, 3.0, 0), (-28.0, 0, 34), (95.0, 0, 41)]
[(39.0, 323.0, 112.0), (28.0, 330.0, 112.0), (47.0, 330.0, 112.0), (-5.0, 280.0, 47), (76.0, 283.0, 64), (11.0, 157.0, -2), (66.0, 157.0, 12), (-26.0, 78.0, 36), (91.0, 74.0, 47), (-10.0, 11.0, 0), (85.0, 8.0, 6), (0, 0, 0), (78.0, 1.0, 0), (-30.0, 0, 32), (96.0, 0, 40)]
[(36.0, 297.0, 113.5), (25.0, 305.0, 113.5), (44.0, 305.0, 113.5), (-7.0, 258.0, 41), (73.0, 260.0, 71), (8.0, 149.0, -34), (63.0, 149.0, -8), (-33.0, 84.0, 22), (90.0, 77.0, 45), (-13.0, 12.0, 0), (82.0, 10.0, 6), (0, 0, 0), (75.0, 3.0, 0), (-36.0, 0, 25), (93.0, 0, 40)]
[(34.0, 287.0, 93.0), (25.0, 295.0, 93.0), (42.0, 295.0, 93.0), (-7.0, 253.0, 20), (72.0, 256.0, 62), (8.0, 144.0, -55), (63.0, 145.0, -17), (-36.0, 87.0, 7), (92.0, 79.0, 42), (-12.0, 13.0, 0), (82.0, 11.0, 5), (0, 0, 0), (74.0, 4.0, 0), (-36.0, 0, 25), (92.0, 0, 40)]
[(34.0, 281.0, 99.5), (25.0, 288.0, 99.5), (42.0, 288.0, 99.5), (-7.0, 248.0, 26), (71.0, 250.0, 63), (8.0, 144.0, -56), (63.0, 144.0, -22), (-36.0, 88.0, 7), (94.0, 81.0, 40), (-12.0, 14.0, 0), (82.0, 12.0, 6), (0, 0, 0), (74.0, 6.0, 0), (-36.0, 0, 25), (90.0, 0, 40)]
[(32.0, 271.0, 95.5), (24.0, 279.0, 95.5), (41.0, 279.0, 95.5), (-7.0, 241.0, 21), (70.0, 244.0, 61), (7.0, 140.0, -65), (61.0, 140.0, -27), (-38.0, 88.0, 0), (94.0, 82.0, 38), (-13.0, 13.0, 0), (80.0, 13.0, 5), (0, 0, 0), (72.0, 6.0, 0), (-36.0, 0, 25), (89.0, 0, 40)]
[(33.0, 267.0, 92.0), (25.0, 274.0, 92.0), (42.0, 274.0, 92.0), (-6.0, 235.0, 20), (70.0, 240.0, 56), (9.0, 136.0, -68), (62.0, 136.0, -32), (-37.0, 89.0, 0), (95.0, 83.0, 37), (-12.0, 14.0, 0), (81.0, 14.0, 4), (0, 0, 0), (73.0, 6.0, 0), (-35.0, 0, 27), (90.0, 0, 40)]
[(34.0, 260.0, 93.5), (25.0, 266.0, 93.5), (42.0, 267.0, 93.5), (-6.0, 229.0, 21), (69.0, 235.0, 55), (9.0, 133.0, -70), (62.0, 133.0, -35), (-38.0, 89.0, 0), (96.0, 83.0, 36), (-12.0, 14.0, 0), (80.0, 14.0, 4), (0, 0, 0), (72.0, 6.0, 0), (-35.0, 0, 27), (90.0, 0, 40)]
[(34.0, 251.0, 95.0), (25.0, 259.0, 95.0), (42.0, 259.0, 95.0), (-5.0, 224.0, 21), (69.0, 227.0, 56), (9.0, 130.0, -72), (62.0, 130.0, -40), (-37.0, 89.0, 0), (97.0, 84.0, 33), (-12.0, 14.0, 0), (79.0, 14.0, 4), (0, 0, 0), (71.0, 6.0, 0), (-35.0, 0, 27), (90.0, 0, 39)]
[(34.0, 245.0, 93.0), (25.0, 253.0, 93.0), (42.0, 253.0, 93.0), (-5.0, 217.0, 22), (69.0, 221.0, 50), (10.0, 126.0, -74), (62.0, 127.0, -49), (-37.0, 90.0, 0), (97.0, 87.0, 28), (-12.0, 14.0, 0), (79.0, 15.0, 4), (0, 0, 0), (71.0, 7.0, 0), (-35.0, 0, 27), (90.0, 0, 39)]
[(33.0, 245.0, 90.5), (25.0, 252.0, 90.5), (42.0, 253.0, 90.5), (-5.0, 219.0, 21), (69.0, 220.0, 47), (10.0, 127.0, -74), (62.0, 128.0, -53), (-37.0, 91.0, 0), (97.0, 89.0, 24), (-12.0, 14.0, 0), (79.0, 16.0, 4), (0, 0, 0), (71.0, 8.0, 0), (-34.0, 0, 28), (89.0, 0, 39)]
[(34.0, 234.0, 92.0), (26.0, 241.0, 92.0), (42.0, 242.0, 92.0), (-5.0, 207.0, 25), (69.0, 209.0, 42), (10.0, 123.0, -77), (61.0, 122.0, -63), (-36.0, 92.0, 0), (97.0, 91.0, 17), (-12.0, 15.0, 0), (79.0, 17.0, 0), (0, 0, 0), (71.0, 7.0, 0), (-34.0, 0, 28), (89.0, 0, 39)]
[(35.0, 227.0, 93.0), (26.0, 234.0, 93.0), (42.0, 235.0, 93.0), (-4.0, 203.0, 25), (69.0, 204.0, 42), (10.0, 120.0, -78), (61.0, 119.0, -64), (-36.0, 93.0, 0), (97.0, 91.0, 17), (-11.0, 15.0, 0), (79.0, 17.0, 0), (0, 0, 0), (71.0, 7.0, 0), (-34.0, 0, 28), (89.0, 0, 39)]
[(36.0, 219.0, 96.5), (27.0, 226.0, 96.5), (44.0, 227.0, 96.5), (-4.0, 200.0, 24), (70.0, 198.0, 47), (10.0, 117.0, -79), (61.0, 116.0, -62), (-36.0, 93.0, 0), (97.0, 89.0, 20), (-11.0, 14.0, 0), (79.0, 16.0, 0), (0, 0, 0), (70.0, 5.0, 0), (-34.0, 0, 28), (90.0, 0, 39)]
[(37.0, 213.0, 96.5), (27.0, 221.0, 96.5), (44.0, 222.0, 96.5), (-3.0, 197.0, 23), (70.0, 192.0, 49), (9.0, 115.0, -81), (60.0, 114.0, -62), (-36.0, 93.0, 0), (97.0, 89.0, 20), (-10.0, 14.0, 0), (79.0, 16.0, 0), (0, 0, 0), (70.0, 5.0, 0), (-33.0, 0, 29), (90.0, 0, 39)]
[(37.0, 203.0, 101.0), (27.0, 212.0, 101.0), (44.0, 213.0, 101.0), (-3.0, 192.0, 24), (70.0, 188.0, 52), (8.0, 111.0, -81), (58.0, 109.0, -58), (-37.0, 91.0, 0), (96.0, 86.0, 24), (-11.0, 13.0, 0), (78.0, 14.0, 0), (0, 0, 0), (69.0, 3.0, 0), (-34.0, 0, 28), (90.0, 0, 38)]
[(37.0, 200.0, 99.5), (27.0, 208.0, 99.5), (44.0, 209.0, 99.5), (-3.0, 188.0, 23), (70.0, 186.0, 51), (9.0, 106.0, -81), (58.0, 104.0, -57), (-37.0, 90.0, 0), (96.0, 84.0, 26), (-10.0, 12.0, 0), (77.0, 13.0, 0), (0, 0, 0), (69.0, 2.0, 0), (-32.0, 0, 30), (90.0, 0, 38)]
[(36.0, 195.0, 101.0), (26.0, 204.0, 101.0), (44.0, 205.0, 101.0), (-3.0, 186.0, 24), (69.0, 184.0, 50), (8.0, 105.0, -81), (57.0, 103.0, -59), (-38.0, 88.0, 0), (94.0, 83.0, 24), (-9.0, 11.0, 0), (76.0, 11.0, 0), (0, 0, 0), (68.0, 0.0, 0), (-32.0, 0, 30), (89.0, 0, 38)]
[(37.0, 194.0, 99.0), (27.0, 203.0, 99.0), (45.0, 204.0, 99.0), (-3.0, 186.0, 22), (69.0, 185.0, 50), (8.0, 104.0, -82), (57.0, 102.0, -57), (-37.0, 88.0, 0), (93.0, 83.0, 27), (-9.0, 11.0, 0), (76.0, 12.0, 0), (0, 0, 0), (68.0, 1.0, 0), (-32.0, 0, 30), (89.0, 0, 38)]
[(36.0, 197.0, 100.0), (26.0, 207.0, 100.0), (44.0, 207.0, 100.0), (-3.0, 187.0, 23), (68.0, 185.0, 52), (7.0, 105.0, -82), (56.0, 103.0, -56), (-38.0, 88.0, 0), (91.0, 83.0, 28), (-9.0, 11.0, 0), (75.0, 12.0, 0), (0, 0, 0), (67.0, 0.0, 0), (-32.0, 0, 30), (88.0, 0, 38)]
[(36.0, 201.0, 97.5), (26.0, 210.0, 97.5), (44.0, 210.0, 97.5), (-3.0, 190.0, 22), (68.0, 186.0, 49), (6.0, 107.0, -82), (55.0, 104.0, -59), (-37.0, 88.0, 0), (91.0, 84.0, 25), (-9.0, 11.0, 0), (75.0, 12.0, 0), (0, 0, 0), (67.0, 0.0, 0), (-32.0, 0, 30), (89.0, 0, 38)]
[(36.0, 202.0, 98.0), (27.0, 210.0, 98.0), (44.0, 211.0, 98.0), (-3.0, 191.0, 22), (68.0, 187.0, 50), (6.0, 108.0, -82), (55.0, 105.0, -58), (-37.0, 87.0, 0), (90.0, 84.0, 26), (-9.0, 11.0, 0), (75.0, 12.0, 0), (0, 0, 0), (67.0, 0.0, 0), (-33.0, 0, 29), (89.0, 0, 38)]
[(36.0, 205.0, 94.0), (27.0, 213.0, 94.0), (45.0, 214.0, 94.0), (-3.0, 193.0, 21), (68.0, 189.0, 44), (6.0, 110.0, -83), (55.0, 108.0, -65), (-35.0, 89.0, 0), (89.0, 88.0, 20), (-9.0, 12.0, 0), (75.0, 14.0, 0), (0, 0, 0), (68.0, 2.0, 0), (-33.0, 0, 29), (88.0, 0, 39)]
[(38.0, 215.0, 97.0), (28.0, 223.0, 97.0), (46.0, 223.0, 97.0), (-2.0, 197.0, 29), (71.0, 194.0, 38), (7.0, 122.0, -81), (56.0, 120.0, -75), (-30.0, 89.0, 0), (85.0, 91.0, 9), (-9.0, 12.0, 0), (76.0, 14.0, 0), (0, 0, 0), (69.0, 2.0, 0), (-32.0, 0, 30), (89.0, 0, 39)]
[(38.0, 225.0, 91.5), (29.0, 232.0, 91.5), (46.0, 233.0, 91.5), (-2.0, 205.0, 29), (71.0, 202.0, 29), (7.0, 128.0, -79), (56.0, 127.0, -84), (-27.0, 89.0, 0), (82.0, 95.0, 0), (-8.0, 12.0, 0), (76.0, 15.0, 0), (0, 0, 0), (70.0, 4.0, 0), (-32.0, 0, 30), (88.0, 0, 40)]
[(38.0, 234.0, 90.5), (29.0, 241.0, 90.5), (46.0, 242.0, 90.5), (-1.0, 212.0, 28), (71.0, 209.0, 31), (7.0, 133.0, -79), (57.0, 132.0, -81), (-24.0, 90.0, 0), (82.0, 93.0, 0), (-8.0, 13.0, 0), (76.0, 15.0, 0), (0, 0, 0), (70.0, 4.0, 0), (-32.0, 0, 30), (87.0, 0, 40)]
[(39.0, 246.0, 104.0), (30.0, 253.0, 104.0), (46.0, 253.0, 104.0), (-1.0, 221.0, 42), (71.0, 219.0, 32), (7.0, 140.0, -64), (57.0, 140.0, -78), (-22.0, 90.0, 11), (80.0, 94.0, 0), (-8.0, 14.0, 0), (76.0, 16.0, 0), (0, 0, 0), (70.0, 5.0, 0), (-32.0, 0, 30), (87.0, 0, 40)]
[(39.0, 254.0, 94.5), (31.0, 261.0, 94.5), (46.0, 261.0, 94.5), (-1.0, 229.0, 32), (71.0, 228.0, 33), (7.0, 147.0, -73), (57.0, 147.0, -76), (-20.0, 93.0, 0), (79.0, 98.0, 0), (-8.0, 14.0, 0), (76.0, 16.0, 0), (0, 0, 0), (70.0, 5.0, 0), (-31.0, 0, 31), (87.0, 0, 40)]
[(40.0, 266.0, 89.0), (32.0, 273.0, 89.0), (47.0, 273.0, 89.0), (1.0, 238.0, 30), (73.0, 237.0, 30), (9.0, 153.0, -72), (59.0, 151.0, -75), (-15.0, 96.0, 0), (79.0, 99.0, 0), (-7.0, 14.0, 0), (77.0, 16.0, 0), (0, 0, 0), (72.0, 5.0, 0), (-29.0, 0, 33), (87.0, 0, 41)]
[(40.0, 298.0, 82.0), (32.0, 305.0, 82.0), (47.0, 305.0, 82.0), (-0.0, 264.0, 26), (73.0, 262.0, 34), (10.0, 165.0, -63), (59.0, 165.0, -61), (-10.0, 97.0, 0), (78.0, 97.0, 0), (-7.0, 14.0, 0), (77.0, 15.0, 0), (0, 0, 0), (72.0, 4.0, 0), (-29.0, 0, 33), (87.0, 0, 41)]
[(40.0, 306.0, 83.0), (32.0, 314.0, 83.0), (47.0, 315.0, 83.0), (-0.0, 272.0, 27), (74.0, 273.0, 30), (10.0, 170.0, -58), (61.0, 169.0, -57), (-8.0, 97.0, 0), (78.0, 97.0, 0), (-7.0, 14.0, 0), (77.0, 15.0, 0), (0, 0, 0), (72.0, 4.0, 0), (-29.0, 0, 33), (87.0, 0, 41)]
[(40.0, 318.0, 80.5), (32.0, 325.0, 80.5), (47.0, 325.0, 80.5), (-0.0, 281.0, 26), (74.0, 283.0, 33), (11.0, 174.0, -53), (61.0, 175.0, -49), (-7.0, 97.0, 0), (78.0, 97.0, 0), (-7.0, 14.0, 0), (77.0, 15.0, 0), (0, 0, 0), (72.0, 4.0, 0), (-29.0, 0, 33), (87.0, 0, 41)]
[(40.0, 334.0, 78.5), (32.0, 341.0, 78.5), (48.0, 341.0, 78.5), (-0.0, 291.0, 27), (74.0, 294.0, 37), (11.0, 178.0, -43), (63.0, 178.0, -34), (-5.0, 95.0, 0), (78.0, 94.0, 4), (-7.0, 14.0, 0), (77.0, 13.0, 4), (0, 0, 0), (72.0, 3.0, 0), (-28.0, 0, 34), (87.0, 0, 41)]
[(41.0, 339.0, 79.0), (33.0, 347.0, 79.0), (49.0, 347.0, 79.0), (-0.0, 299.0, 25), (75.0, 301.0, 38), (12.0, 180.0, -34), (64.0, 180.0, -24), (-6.0, 93.0, 0), (79.0, 92.0, 4), (-7.0, 13.0, 0), (78.0, 12.0, 4), (0, 0, 0), (73.0, 2.0, 0), (-27.0, 0, 35), (88.0, 0, 41)]