[(33.0, 389.0, 63.0), (25.0, 399.0, 63.0), (41.0, 397.0, 63.0), (-14.0, 343.0, 21), (76.0, 338.0, 38), (8.0, 207.0, 21), (57.0, 209.0, 0), (-6.0, 103.0, 21), (79.0, 107.0, 0), (-8.0, 11.0, 0), (87.0, 11.0, 0), (0, 0, 0), (81.0, -1.0, 0), (-30.0, 0, 36), (109.0, 0, 37)]
[(31.0, 397.0, 47.5), (23.0, 407.0, 47.5), (40.0, 406.0, 47.5), (-17.0, 344.0, 24), (74.0, 343.0, 35), (8.0, 211.0, 0), (57.0, 213.0, 0), (-2.0, 109.0, 0), (73.0, 109.0, 0), (-8.0, 11.0, 0), (85.0, 11.0, 0), (0, 0, 0), (80.0, 0.0, 0), (-31.0, 0, 35), (107.0, 0, 38)]
[(31.0, 398.0, 30.5), (22.0, 408.0, 30.5), (40.0, 407.0, 30.5), (-17.0, 346.0, 7), (74.0, 343.0, 35), (8.0, 211.0, 0), (57.0, 213.0, 0), (-1.0, 110.0, 0), (72.0, 110.0, 0), (-7.0, 11.0, 0), (85.0, 11.0, 0), (0, 0, 0), (80.0, 0.0, 0), (-31.0, 0, 35), (107.0, 0, 38)]
[(31.0, 400.0, 23.5), (22.0, 410.0, 23.5), (40.0, 409.0, 23.5), (-17.0, 347.0, 0), (73.0, 348.0, 23), (9.0, 210.0, 0), (58.0, 215.0, 0), (1.0, 109.0, 0), (71.0, 110.0, 0), (-7.0, 12.0, 0), (85.0, 11.0, 0), (0, 0, 0), (80.0, 0.0, 0), (-31.0, 0, 35), (108.0, 0, 37)]
[(31.0, 402.0, 8.5), (22.0, 411.0, 8.5), (40.0, 410.0, 8.5), (-17.0, 347.0, 0), (73.0, 348.0, 17), (10.0, 211.0, 0), (58.0, 214.0, 0), (1.0, 108.0, 0), (70.0, 109.0, 0), (-7.0, 12.0, 0), (85.0, 12.0, 0), (0, 0, 0), (79.0, 1.0, 0), (-31.0, 0, 35), (107.0, 0, 37)]
[(31.0, 401.0, 18.0), (22.0, 411.0, 18.0), (40.0, 409.0, 18.0), (-17.0, 347.0, 0), (72.0, 349.0, 18), (10.0, 211.0, 0), (58.0, 215.0, 0), (1.0, 107.0, 0), (70.0, 109.0, 0), (-7.0, 12.0, 0), (85.0, 12.0, 0), (0, 0, 0), (79.0, 1.0, 0), (-31.0, 0, 35), (107.0, 0, 37)]
[(30.0, 400.0, 17.0), (21.0, 410.0, 17.0), (39.0, 409.0, 17.0), (-17.0, 348.0, 0), (72.0, 350.0, 0), (10.0, 211.0, 0), (58.0, 214.0, 0), (1.0, 108.0, 0), (70.0, 110.0, 0), (-7.0, 12.0, 0), (85.0, 13.0, 0), (0, 0, 0), (79.0, 1.0, 0), (-31.0, 0, 35), (106.0, 0, 38)]
[(31.0, 401.0, 19.5), (22.0, 410.0, 19.5), (40.0, 410.0, 19.5), (-15.0, 350.0, 0), (74.0, 350.0, 5), (12.0, 212.0, 0), (59.0, 215.0, 0), (2.0, 109.0, 0), (71.0, 111.0, 0), (-6.0, 13.0, 0), (86.0, 14.0, 0), (0, 0, 0), (80.0, 2.0, 0), (-30.0, 0, 36), (107.0, 0, 38)]
[(30.0, 401.0, 19.5), (22.0, 410.0, 19.5), (40.0, 409.0, 19.5), (-15.0, 350.0, 0), (74.0, 350.0, 5), (12.0, 212.0, 0), (59.0, 215.0, 0), (2.0, 109.0, 0), (71.0, 110.0, 0), (-6.0, 14.0, 0), (86.0, 14.0, 0), (0, 0, 0), (80.0, 2.0, 0), (-30.0, 0, 36), (107.0, 0, 38)]
[(31.0, 401.0, 18.5), (22.0, 410.0, 18.5), (40.0, 409.0, 18.5), (-16.0, 348.0, 0), (74.0, 347.0, 23), (12.0, 212.0, 0), (59.0, 214.0, 0), (2.0, 109.0, 0), (71.0, 110.0, 0), (-6.0, 14.0, 0), (86.0, 14.0, 0), (0, 0, 0), (80.0, 2.0, 0), (-30.0, 0, 36), (107.0, 0, 38)]
[(31.0, 398.0, 28.0), (22.0, 408.0, 28.0), (40.0, 407.0, 28.0), (-16.0, 347.0, 0), (74.0, 345.0, 28), (12.0, 210.0, 0), (59.0, 213.0, 0), (2.0, 108.0, 0), (71.0, 109.0, 0), (-6.0, 13.0, 0), (86.0, 13.0, 0), (0, 0, 0), (80.0, 1.0, 0), (-30.0, 0, 36), (107.0, 0, 38)]
[(32.0, 397.0, 31.0), (22.0, 408.0, 31.0), (40.0, 406.0, 31.0), (-16.0, 347.0, 0), (74.0, 345.0, 28), (12.0, 210.0, 0), (59.0, 213.0, 0), (2.0, 108.0, 0), (71.0, 109.0, 0), (-6.0, 13.0, 0), (86.0, 13.0, 0), (0, 0, 0), (80.0, 2.0, 0), (-30.0, 0, 36), (107.0, 0, 38)]
[(32.0, 397.0, 33.0), (22.0, 407.0, 33.0), (41.0, 406.0, 33.0), (-15.0, 348.0, 0), (75.0, 345.0, 28), (11.0, 211.0, 0), (59.0, 213.0, 0), (2.0, 108.0, 0), (71.0, 109.0, 0), (-6.0, 13.0, 0), (86.0, 14.0, 0), (0, 0, 0), (80.0, 2.0, 0), (-30.0, 0, 36), (107.0, 0, 38)]
[(33.0, 396.0, 39.0), (23.0, 406.0, 39.0), (41.0, 405.0, 39.0), (-16.0, 346.0, 6), (75.0, 343.0, 36), (10.0, 210.0, 6), (59.0, 213.0, 0), (-1.0, 107.0, 6), (74.0, 108.0, 0), (-7.0, 13.0, 0), (85.0, 13.0, 0), (0, 0, 0), (79.0, 1.0, 0), (-31.0, 0, 35), (106.0, 0, 38)]
[(35.0, 384.0, 82.5), (25.0, 394.0, 82.5), (43.0, 394.0, 82.5), (-14.0, 346.0, 25), (77.0, 340.0, 47), (10.0, 206.0, 25), (60.0, 208.0, 20), (-4.0, 104.0, 25), (79.0, 106.0, 20), (-7.0, 13.0, 0), (85.0, 13.0, 0), (0, 0, 0), (79.0, 1.0, 0), (-32.0, 0, 34), (106.0, 0, 38)]
[(36.0, 381.0, 87.5), (26.0, 392.0, 87.5), (44.0, 391.0, 87.5), (-13.0, 345.0, 28), (78.0, 338.0, 47), (10.0, 204.0, 28), (60.0, 206.0, 20), (-6.0, 103.0, 28), (80.0, 106.0, 20), (-7.0, 13.0, 0), (85.0, 13.0, 0), (0, 0, 0), (79.0, 0.0, 0), (-32.0, 0, 34), (106.0, 0, 38)]
[(37.0, 370.0, 48.5), (27.0, 380.0, 48.5), (45.0, 380.0, 48.5), (-13.0, 335.0, -1), (79.0, 328.0, 25), (10.0, 195.0, -1), (60.0, 197.0, -5), (-9.0, 102.0, 31), (84.0, 104.0, 24), (-8.0, 13.0, 0), (86.0, 12.0, 0), (0, 0, 0), (79.0, 0.0, 0), (-34.0, 0, 32), (107.0, 0, 37)]
[(37.0, 353.0, 67.5), (28.0, 363.0, 67.5), (45.0, 361.0, 67.5), (-11.0, 321.0, 9), (81.0, 312.0, 39), (10.0, 187.0, -13), (61.0, 188.0, -13), (-13.0, 101.0, 33), (88.0, 102.0, 31), (-8.0, 13.0, 0), (86.0, 12.0, 0), (0, 0, 0), (78.0, 0.0, 0), (-34.0, 0, 32), (107.0, 0, 36)]
[(38.0, 352.0, 74.0), (28.0, 362.0, 74.0), (46.0, 361.0, 74.0), (-11.0, 319.0, 15), (81.0, 309.0, 42), (10.0, 186.0, -12), (61.0, 187.0, -14), (-14.0, 100.0, 33), (89.0, 102.0, 31), (-8.0, 12.0, 0), (86.0, 12.0, 0), (0, 0, 0), (78.0, 0.0, 0), (-35.0, 0, 31), (107.0, 0, 36)]
[(40.0, 314.0, 92.0), (32.0, 324.0, 92.0), (47.0, 324.0, 92.0), (-5.0, 291.0, 30), (81.0, 284.0, 30), (13.0, 168.0, -28), (64.0, 168.0, -38), (-17.0, 98.0, 37), (96.0, 101.0, 29), (-8.0, 12.0, 0), (85.0, 11.0, 0), (0, 0, 0), (78.0, 0.0, 0), (-35.0, 0, 31), (107.0, 0, 36)]
[(42.0, 292.0, 111.5), (33.0, 302.0, 111.5), (49.0, 302.0, 111.5), (-3.0, 272.0, 43), (81.0, 268.0, 39), (14.0, 157.0, -30), (65.0, 157.0, -37), (-20.0, 95.0, 41), (100.0, 98.0, 36), (-8.0, 11.0, 0), (85.0, 11.0, 0), (0, 0, 0), (78.0, 0.0, 0), (-35.0, 0, 31), (107.0, 0, 36)]
[(41.0, 291.0, 116.5), (33.0, 301.0, 116.5), (49.0, 300.0, 116.5), (-3.0, 270.0, 44), (81.0, 264.0, 49), (14.0, 154.0, -27), (65.0, 155.0, -30), (-21.0, 93.0, 44), (101.0, 95.0, 42), (-8.0, 11.0, 0), (86.0, 11.0, 0), (0, 0, 0), (78.0, 0.0, 0), (-33.0, 0, 33), (107.0, 0, 36)]
[(40.0, 270.0, 128.0), (32.0, 282.0, 128.0), (48.0, 280.0, 128.0), (-3.0, 257.0, 51), (81.0, 255.0, 50), (15.0, 147.0, -29), (66.0, 148.0, -32), (-22.0, 92.0, 46), (102.0, 94.0, 44), (-8.0, 11.0, 0), (86.0, 11.0, 0), (0, 0, 0), (78.0, 0.0, 0), (-32.0, 0, 34), (107.0, 0, 36)]
[(40.0, 241.0, 138.5), (32.0, 250.0, 138.5), (48.0, 250.0, 138.5), (-3.0, 226.0, 58), (81.0, 221.0, 59), (15.0, 131.0, -39), (64.0, 130.0, -40), (-24.0, 92.0, 44), (103.0, 95.0, 45), (-9.0, 10.0, 0), (86.0, 13.0, 0), (0, 0, 0), (78.0, 2.0, 0), (-33.0, 0, 33), (107.0, 0, 36)]
[(40.0, 227.0, 142.5), (31.0, 237.0, 142.5), (48.0, 237.0, 142.5), (-3.0, 210.0, 64), (82.0, 208.0, 57), (15.0, 121.0, -39), (65.0, 122.0, -46), (-26.0, 90.0, 47), (105.0, 95.0, 42), (-9.0, 10.0, 0), (86.0, 12.0, 0), (0, 0, 0), (78.0, 1.0, 0), (-33.0, 0, 33), (107.0, 0, 36)]
[(41.0, 228.0, 145.5), (32.0, 238.0, 145.5), (49.0, 237.0, 145.5), (-2.0, 208.0, 68), (83.0, 209.0, 55), (17.0, 119.0, -35), (66.0, 120.0, -46), (-26.0, 89.0, 50), (107.0, 95.0, 42), (-8.0, 10.0, 2), (87.0, 12.0, 0), (0, 0, 0), (79.0, 0.0, 0), (-31.0, 0, 35), (108.0, 0, 36)]
[(41.0, 206.0, 136.0), (32.0, 216.0, 136.0), (49.0, 216.0, 136.0), (-2.0, 190.0, 62), (82.0, 191.0, 46), (18.0, 100.0, -39), (66.0, 99.0, -52), (-28.0, 89.0, 49), (110.0, 96.0, 38), (-8.0, 11.0, 0), (87.0, 12.0, 0), (0, 0, 0), (79.0, 1.0, 0), (-31.0, 0, 35), (107.0, 0, 37)]
[(41.0, 200.0, 138.0), (32.0, 210.0, 138.0), (50.0, 210.0, 138.0), (-2.0, 185.0, 62), (82.0, 185.0, 50), (19.0, 95.0, -39), (67.0, 93.0, -48), (-30.0, 89.0, 48), (111.0, 95.0, 42), (-9.0, 11.0, 0), (87.0, 13.0, 0), (0, 0, 0), (79.0, 1.0, 0), (-31.0, 0, 35), (107.0, 0, 37)]
[(41.0, 199.0, 141.0), (32.0, 209.0, 141.0), (50.0, 209.0, 141.0), (-2.0, 183.0, 65), (82.0, 184.0, 50), (19.0, 93.0, -36), (67.0, 89.0, -46), (-31.0, 88.0, 50), (112.0, 93.0, 43), (-9.0, 11.0, 0), (87.0, 12.0, 0), (0, 0, 0), (79.0, 1.0, 0), (-31.0, 0, 35), (107.0, 0, 37)]
[(40.0, 199.0, 138.0), (31.0, 209.0, 138.0), (49.0, 209.0, 138.0), (-3.0, 183.0, 63), (81.0, 183.0, 48), (18.0, 91.0, -36), (66.0, 88.0, -48), (-32.0, 88.0, 50), (111.0, 94.0, 41), (-10.0, 11.0, 0), (86.0, 12.0, 0), (0, 0, 0), (78.0, 1.0, 0), (-32.0, 0, 34), (106.0, 0, 37)]
[(40.0, 201.0, 143.5), (31.0, 210.0, 143.5), (49.0, 210.0, 143.5), (-3.0, 187.0, 65), (80.0, 186.0, 53), (17.0, 98.0, -37), (65.0, 97.0, -48), (-32.0, 88.0, 49), (111.0, 94.0, 41), (-9.0, 11.0, 0), (86.0, 12.0, 0), (0, 0, 0), (78.0, 1.0, 0), (-31.0, 0, 35), (106.0, 0, 37)]
[(40.0, 202.0, 141.5), (31.0, 212.0, 141.5), (49.0, 211.0, 141.5), (-3.0, 188.0, 63), (80.0, 187.0, 53), (17.0, 98.0, -38), (65.0, 97.0, -47), (-32.0, 89.0, 48), (110.0, 95.0, 42), (-9.0, 11.0, 0), (86.0, 13.0, 0), (0, 0, 0), (78.0, 2.0, 0), (-31.0, 0, 35), (106.0, 0, 37)]
[(40.0, 213.0, 142.5), (31.0, 223.0, 142.5), (48.0, 222.0, 142.5), (-3.0, 196.0, 66), (80.0, 195.0, 51), (15.0, 107.0, -37), (64.0, 103.0, -47), (-32.0, 89.0, 49), (110.0, 95.0, 42), (-9.0, 12.0, 0), (86.0, 13.0, 0), (0, 0, 0), (78.0, 2.0, 0), (-31.0, 0, 35), (107.0, 0, 36)]
[(40.0, 227.0, 146.0), (31.0, 236.0, 146.0), (47.0, 237.0, 146.0), (-2.0, 212.0, 65), (81.0, 210.0, 60), (15.0, 122.0, -37), (65.0, 121.0, -41), (-27.0, 90.0, 48), (109.0, 95.0, 45), (-8.0, 11.0, 0), (87.0, 14.0, 0), (0, 0, 0), (79.0, 2.0, 0), (-30.0, 0, 36), (108.0, 0, 36)]
[(40.0, 248.0, 149.0), (31.0, 257.0, 149.0), (47.0, 257.0, 149.0), (-2.0, 232.0, 67), (80.0, 228.0, 64), (13.0, 136.0, -30), (64.0, 137.0, -35), (-26.0, 90.0, 50), (106.0, 95.0, 46), (-8.0, 12.0, 0), (87.0, 14.0, 0), (0, 0, 0), (79.0, 2.0, 0), (-30.0, 0, 36), (108.0, 0, 36)]
[(39.0, 248.0, 155.0), (31.0, 257.0, 155.0), (46.0, 257.0, 155.0), (-2.0, 232.0, 72), (79.0, 228.0, 66), (13.0, 138.0, -27), (64.0, 138.0, -34), (-24.0, 89.0, 52), (104.0, 94.0, 47), (-8.0, 12.0, 0), (87.0, 13.0, 0), (0, 0, 0), (79.0, 1.0, 0), (-30.0, 0, 36), (108.0, 0, 36)]
[(38.0, 291.0, 142.0), (30.0, 298.0, 142.0), (46.0, 299.0, 142.0), (-2.0, 265.0, 66), (79.0, 263.0, 60), (13.0, 159.0, -20), (64.0, 159.0, -26), (-21.0, 92.0, 46), (102.0, 96.0, 42), (-8.0, 11.0, 0), (87.0, 12.0, 0), (0, 0, 0), (79.0, 0.0, 0), (-30.0, 0, 36), (109.0, 0, 36)]
[(38.0, 316.0, 125.5), (30.0, 324.0, 125.5), (46.0, 325.0, 125.5), (-4.0, 288.0, 50), (79.0, 281.0, 65), (14.0, 171.0, -19), (65.0, 172.0, -15), (-17.0, 96.0, 39), (98.0, 96.0, 42), (-7.0, 11.0, 0), (89.0, 11.0, 0), (0, 0, 0), (81.0, -1.0, 0), (-29.0, 0, 36), (110.0, 0, 36)]
[(37.0, 342.0, 134.0), (29.0, 350.0, 134.0), (45.0, 350.0, 134.0), (-7.0, 309.0, 56), (79.0, 303.0, 76), (14.0, 189.0, -7), (64.0, 190.0, 2), (-13.0, 100.0, 30), (93.0, 100.0, 36), (-7.0, 11.0, 0), (89.0, 12.0, 0), (0, 0, 0), (81.0, 0.0, 0), (-28.0, 0, 37), (110.0, 0, 36)]
[(35.0, 342.0, 142.5), (27.0, 351.0, 142.5), (43.0, 351.0, 142.5), (-9.0, 311.0, 65), (78.0, 303.0, 73), (14.0, 192.0, 1), (64.0, 192.0, -4), (-12.0, 100.0, 31), (92.0, 102.0, 31), (-7.0, 11.0, 0), (88.0, 12.0, 0), (0, 0, 0), (81.0, 0.0, 0), (-28.0, 0, 37), (110.0, 0, 36)]
[(34.0, 368.0, 156.0), (26.0, 377.0, 156.0), (42.0, 376.0, 156.0), (-11.0, 329.0, 79), (78.0, 323.0, 88), (13.0, 205.0, 25), (63.0, 206.0, 21), (-9.0, 103.0, 25), (87.0, 106.0, 21), (-7.0, 12.0, 0), (88.0, 13.0, 0), (0, 0, 0), (81.0, 1.0, 0), (-29.0, 0, 36), (110.0, 0, 36)]