[(34.0, 367.0, 82.0), (26.0, 376.0, 82.0), (42.0, 375.0, 82.0), (-11.0, 330.0, 33), (74.0, 324.0, 26), (10.0, 201.0, -9), (59.0, 202.0, -32), (-9.0, 106.0, 16), (84.0, 110.0, 0), (-7.0, 13.0, 0), (88.0, 13.0, 0), (0, 0, 0), (81.0, 1.0, 0), (-28.0, 0, 37), (109.0, 0, 37)]
[(34.0, 394.0, 54.0), (26.0, 404.0, 54.0), (42.0, 403.0, 54.0), (-13.0, 347.0, 13), (74.0, 344.0, 36), (9.0, 212.0, 0), (58.0, 214.0, 0), (-1.0, 108.0, 0), (77.0, 111.0, 0), (-7.0, 13.0, 0), (87.0, 12.0, 0), (0, 0, 0), (81.0, 1.0, 0), (-29.0, 0, 36), (109.0, 0, 37)]
[(34.0, 400.0, 28.0), (25.0, 409.0, 28.0), (42.0, 409.0, 28.0), (-14.0, 349.0, 0), (74.0, 347.0, 28), (10.0, 213.0, 0), (59.0, 215.0, 0), (1.0, 110.0, 0), (74.0, 112.0, 0), (-7.0, 13.0, 0), (87.0, 12.0, 0), (0, 0, 0), (81.0, 1.0, 0), (-29.0, 0, 36), (110.0, 0, 36)]
[(34.0, 399.0, 38.0), (25.0, 408.0, 38.0), (42.0, 408.0, 38.0), (-14.0, 349.0, 10), (75.0, 349.0, 16), (10.0, 214.0, 0), (59.0, 215.0, 0), (2.0, 110.0, 0), (74.0, 112.0, 0), (-7.0, 13.0, 0), (87.0, 12.0, 0), (0, 0, 0), (81.0, 1.0, 0), (-29.0, 0, 36), (111.0, 0, 36)]
[(34.0, 401.0, 43.0), (25.0, 410.0, 43.0), (42.0, 409.0, 43.0), (-14.0, 348.0, 19), (75.0, 347.0, 36), (10.0, 214.0, 0), (59.0, 217.0, 0), (3.0, 110.0, 0), (73.0, 112.0, 0), (-7.0, 13.0, 0), (87.0, 13.0, 0), (0, 0, 0), (81.0, 2.0, 0), (-30.0, 0, 36), (111.0, 0, 36)]
[(31.0, 402.0, 11.5), (23.0, 410.0, 11.5), (40.0, 410.0, 11.5), (-16.0, 346.0, 0), (74.0, 347.0, 23), (10.0, 211.0, 0), (58.0, 214.0, 0), (2.0, 109.0, 0), (71.0, 111.0, 0), (-7.0, 13.0, 0), (86.0, 13.0, 0), (0, 0, 0), (80.0, 2.0, 0), (-30.0, 0, 36), (109.0, 0, 36)]
[(31.0, 403.0, 25.5), (23.0, 412.0, 25.5), (40.0, 411.0, 25.5), (-16.0, 346.0, 14), (74.0, 348.0, 23), (11.0, 212.0, 0), (59.0, 215.0, 0), (3.0, 109.0, 0), (71.0, 110.0, 0), (-7.0, 13.0, 0), (86.0, 14.0, 0), (0, 0, 0), (80.0, 2.0, 0), (-30.0, 0, 36), (107.0, 0, 38)]
[(31.0, 403.0, 12.0), (22.0, 412.0, 12.0), (40.0, 411.0, 12.0), (-16.0, 347.0, 0), (73.0, 348.0, 24), (11.0, 212.0, 0), (59.0, 215.0, 0), (3.0, 109.0, 0), (70.0, 110.0, 0), (-6.0, 14.0, 0), (86.0, 14.0, 0), (0, 0, 0), (80.0, 2.0, 0), (-30.0, 0, 36), (106.0, 0, 39)]
[(30.0, 403.0, 3.5), (22.0, 412.0, 3.5), (39.0, 411.0, 3.5), (-16.0, 347.0, 0), (73.0, 350.0, 7), (12.0, 211.0, 0), (59.0, 215.0, 0), (3.0, 109.0, 0), (71.0, 111.0, 0), (-6.0, 14.0, 0), (86.0, 14.0, 0), (0, 0, 0), (80.0, 2.0, 0), (-30.0, 0, 36), (106.0, 0, 39)]
[(30.0, 402.0, 10.5), (21.0, 411.0, 10.5), (39.0, 410.0, 10.5), (-16.0, 347.0, 0), (73.0, 350.0, 7), (12.0, 212.0, 0), (59.0, 215.0, 0), (3.0, 110.0, 0), (71.0, 111.0, 0), (-6.0, 14.0, 0), (86.0, 14.0, 0), (0, 0, 0), (80.0, 2.0, 0), (-30.0, 0, 36), (106.0, 0, 39)]
[(29.0, 401.0, 28.0), (21.0, 410.0, 28.0), (38.0, 409.0, 28.0), (-17.0, 345.0, 19), (73.0, 349.0, 18), (12.0, 212.0, 0), (59.0, 215.0, 0), (3.0, 110.0, 0), (70.0, 111.0, 0), (-6.0, 14.0, 0), (86.0, 14.0, 0), (0, 0, 0), (80.0, 2.0, 0), (-30.0, 0, 36), (106.0, 0, 39)]
[(29.0, 401.0, 28.0), (20.0, 411.0, 28.0), (38.0, 410.0, 28.0), (-17.0, 345.0, 19), (73.0, 349.0, 18), (12.0, 212.0, 0), (59.0, 215.0, 0), (3.0, 109.0, 0), (70.0, 111.0, 0), (-6.0, 14.0, 0), (86.0, 14.0, 0), (0, 0, 0), (80.0, 2.0, 0), (-30.0, 0, 36), (106.0, 0, 39)]
[(29.0, 401.0, 31.0), (20.0, 410.0, 31.0), (38.0, 409.0, 31.0), (-17.0, 344.0, 19), (73.0, 347.0, 24), (12.0, 211.0, 0), (59.0, 214.0, 0), (3.0, 109.0, 0), (70.0, 111.0, 0), (-6.0, 14.0, 0), (86.0, 14.0, 0), (0, 0, 0), (80.0, 2.0, 0), (-30.0, 0, 36), (106.0, 0, 39)]
[(29.0, 401.0, 19.0), (20.0, 410.0, 19.0), (38.0, 409.0, 19.0), (-17.0, 344.0, 10), (73.0, 347.0, 18), (12.0, 210.0, 0), (59.0, 213.0, 0), (3.0, 109.0, 0), (70.0, 111.0, 0), (-6.0, 14.0, 0), (86.0, 14.0, 0), (0, 0, 0), (80.0, 2.0, 0), (-30.0, 0, 36), (106.0, 0, 39)]
[(28.0, 401.0, 19.0), (20.0, 410.0, 19.0), (38.0, 409.0, 19.0), (-17.0, 344.0, 10), (73.0, 347.0, 18), (12.0, 210.0, 0), (59.0, 213.0, 0), (3.0, 109.0, 0), (69.0, 111.0, 0), (-6.0, 14.0, 0), (86.0, 14.0, 0), (0, 0, 0), (80.0, 2.0, 0), (-30.0, 0, 36), (106.0, 0, 39)]
[(28.0, 400.0, 21.0), (20.0, 410.0, 21.0), (37.0, 408.0, 21.0), (-18.0, 345.0, 12), (72.0, 347.0, 18), (10.0, 211.0, 0), (58.0, 213.0, 0), (3.0, 109.0, 0), (68.0, 111.0, 0), (-7.0, 14.0, 0), (86.0, 15.0, 0), (0, 0, 0), (80.0, 2.0, 0), (-30.0, 0, 36), (107.0, 0, 38)]
[(28.0, 400.0, 24.0), (20.0, 409.0, 24.0), (37.0, 408.0, 24.0), (-18.0, 345.0, 12), (71.0, 347.0, 24), (10.0, 211.0, 0), (57.0, 214.0, 0), (3.0, 109.0, 0), (69.0, 111.0, 0), (-7.0, 14.0, 0), (86.0, 15.0, 0), (0, 0, 0), (80.0, 2.0, 0), (-30.0, 0, 36), (106.0, 0, 39)]
[(28.0, 399.0, 33.0), (20.0, 408.0, 33.0), (37.0, 407.0, 33.0), (-18.0, 344.0, 21), (71.0, 346.0, 24), (9.0, 211.0, 0), (57.0, 213.0, 0), (2.0, 108.0, 0), (69.0, 110.0, 0), (-7.0, 13.0, 0), (86.0, 14.0, 0), (0, 0, 0), (80.0, 1.0, 0), (-30.0, 0, 36), (106.0, 0, 39)]
[(27.0, 399.0, 35.0), (19.0, 408.0, 35.0), (37.0, 407.0, 35.0), (-17.0, 345.0, 16), (71.0, 346.0, 24), (9.0, 211.0, 0), (57.0, 213.0, 0), (2.0, 108.0, 0), (69.0, 110.0, 0), (-7.0, 13.0, 0), (86.0, 14.0, 0), (0, 0, 0), (80.0, 2.0, 0), (-30.0, 0, 36), (106.0, 0, 39)]
[(27.0, 399.0, 35.0), (19.0, 408.0, 35.0), (36.0, 407.0, 35.0), (-17.0, 345.0, 16), (70.0, 346.0, 24), (9.0, 211.0, 0), (57.0, 213.0, 0), (2.0, 108.0, 0), (69.0, 110.0, 0), (-7.0, 13.0, 0), (86.0, 14.0, 0), (0, 0, 0), (80.0, 2.0, 0), (-31.0, 0, 35), (106.0, 0, 39)]
[(27.0, 399.0, 36.0), (19.0, 408.0, 36.0), (36.0, 407.0, 36.0), (-17.0, 345.0, 17), (70.0, 346.0, 24), (8.0, 211.0, 0), (56.0, 213.0, 0), (2.0, 108.0, 0), (69.0, 110.0, 0), (-6.0, 13.0, 0), (86.0, 14.0, 0), (0, 0, 0), (80.0, 1.0, 0), (-31.0, 0, 35), (106.0, 0, 39)]
[(27.0, 400.0, 36.0), (19.0, 409.0, 36.0), (36.0, 408.0, 36.0), (-17.0, 346.0, 17), (70.0, 347.0, 24), (8.0, 212.0, 0), (56.0, 214.0, 0), (2.0, 109.0, 0), (69.0, 111.0, 0), (-6.0, 14.0, 0), (86.0, 15.0, 0), (0, 0, 0), (80.0, 3.0, 0), (-31.0, 0, 35), (106.0, 0, 38)]
[(27.0, 401.0, 31.5), (19.0, 409.0, 31.5), (36.0, 408.0, 31.5), (-17.0, 346.0, 17), (70.0, 346.0, 29), (8.0, 212.0, 0), (56.0, 214.0, 0), (2.0, 109.0, 0), (68.0, 111.0, 0), (-6.0, 14.0, 0), (86.0, 15.0, 0), (0, 0, 0), (80.0, 3.0, 0), (-30.0, 0, 36), (106.0, 0, 38)]
[(28.0, 401.0, 31.5), (19.0, 409.0, 31.5), (36.0, 408.0, 31.5), (-17.0, 346.0, 17), (70.0, 346.0, 29), (8.0, 212.0, 0), (56.0, 214.0, 0), (2.0, 109.0, 0), (68.0, 111.0, 0), (-6.0, 14.0, 0), (86.0, 15.0, 0), (0, 0, 0), (80.0, 3.0, 0), (-30.0, 0, 36), (106.0, 0, 38)]
[(28.0, 401.0, 34.5), (19.0, 410.0, 34.5), (37.0, 409.0, 34.5), (-18.0, 346.0, 20), (70.0, 346.0, 29), (8.0, 212.0, 4), (56.0, 214.0, 0), (2.0, 108.0, 4), (68.0, 111.0, 0), (-6.0, 14.0, 0), (86.0, 15.0, 0), (0, 0, 0), (81.0, 3.0, 0), (-30.0, 0, 36), (106.0, 0, 39)]
[(27.0, 401.0, 34.0), (19.0, 410.0, 34.0), (37.0, 409.0, 34.0), (-18.0, 345.0, 20), (71.0, 345.0, 28), (8.0, 211.0, 4), (56.0, 213.0, 0), (2.0, 108.0, 4), (68.0, 110.0, 0), (-6.0, 14.0, 0), (86.0, 15.0, 0), (0, 0, 0), (81.0, 3.0, 0), (-29.0, 0, 36), (106.0, 0, 39)]
[(27.0, 401.0, 18.5), (19.0, 410.0, 18.5), (37.0, 409.0, 18.5), (-18.0, 345.0, 4), (71.0, 345.0, 29), (8.0, 210.0, 4), (57.0, 213.0, 0), (2.0, 108.0, 4), (68.0, 110.0, 0), (-6.0, 14.0, 0), (86.0, 15.0, 0), (0, 0, 0), (81.0, 3.0, 0), (-28.0, 0, 37), (106.0, 0, 39)]
[(27.0, 401.0, 44.5), (19.0, 410.0, 44.5), (37.0, 410.0, 44.5), (-18.0, 344.0, 30), (71.0, 345.0, 29), (8.0, 210.0, 14), (57.0, 213.0, 0), (2.0, 107.0, 14), (68.0, 110.0, 0), (-6.0, 14.0, 0), (86.0, 15.0, 0), (0, 0, 0), (81.0, 3.0, 0), (-28.0, 0, 37), (106.0, 0, 39)]
[(27.0, 402.0, 41.5), (19.0, 410.0, 41.5), (36.0, 410.0, 41.5), (-18.0, 344.0, 30), (72.0, 345.0, 23), (8.0, 210.0, 14), (57.0, 212.0, 0), (2.0, 107.0, 14), (68.0, 109.0, 0), (-6.0, 14.0, 0), (86.0, 15.0, 0), (0, 0, 0), (81.0, 2.0, 0), (-28.0, 0, 37), (106.0, 0, 39)]
[(26.0, 403.0, 41.5), (18.0, 411.0, 41.5), (36.0, 411.0, 41.5), (-18.0, 344.0, 30), (72.0, 346.0, 23), (8.0, 210.0, 14), (57.0, 213.0, 0), (2.0, 108.0, 14), (68.0, 110.0, 0), (-6.0, 15.0, 0), (86.0, 16.0, 0), (0, 0, 0), (80.0, 3.0, 0), (-28.0, 0, 37), (106.0, 0, 38)]
[(26.0, 403.0, 32.0), (18.0, 411.0, 32.0), (36.0, 411.0, 32.0), (-18.0, 344.0, 20), (72.0, 346.0, 24), (8.0, 210.0, 4), (58.0, 213.0, 0), (2.0, 108.0, 4), (68.0, 110.0, 0), (-6.0, 14.0, 0), (86.0, 16.0, 0), (0, 0, 0), (80.0, 3.0, 0), (-28.0, 0, 37), (107.0, 0, 38)]
[(26.0, 403.0, 37.0), (18.0, 412.0, 37.0), (35.0, 411.0, 37.0), (-18.0, 343.0, 25), (72.0, 346.0, 24), (9.0, 210.0, 4), (58.0, 213.0, 0), (2.0, 108.0, 4), (68.0, 110.0, 0), (-6.0, 14.0, 0), (86.0, 16.0, 0), (0, 0, 0), (80.0, 3.0, 0), (-28.0, 0, 37), (106.0, 0, 38)]
[(26.0, 403.0, 37.0), (18.0, 412.0, 37.0), (35.0, 411.0, 37.0), (-18.0, 343.0, 25), (72.0, 346.0, 24), (9.0, 210.0, 4), (58.0, 213.0, 0), (2.0, 108.0, 4), (68.0, 110.0, 0), (-6.0, 14.0, 0), (86.0, 16.0, 0), (0, 0, 0), (80.0, 3.0, 0), (-28.0, 0, 37), (106.0, 0, 38)]
[(26.0, 402.0, 40.0), (18.0, 411.0, 40.0), (35.0, 411.0, 40.0), (-18.0, 342.0, 28), (72.0, 345.0, 24), (9.0, 208.0, 14), (58.0, 212.0, 0), (2.0, 107.0, 14), (68.0, 109.0, 0), (-6.0, 14.0, 0), (86.0, 15.0, 0), (0, 0, 0), (80.0, 2.0, 0), (-28.0, 0, 37), (106.0, 0, 39)]
[(26.0, 403.0, 36.0), (18.0, 413.0, 36.0), (35.0, 412.0, 36.0), (-18.0, 343.0, 18), (72.0, 346.0, 36), (9.0, 209.0, 4), (59.0, 213.0, 12), (2.0, 108.0, 4), (69.0, 109.0, 12), (-6.0, 14.0, 0), (86.0, 16.0, 0), (0, 0, 0), (80.0, 3.0, 0), (-29.0, 0, 36), (106.0, 0, 38)]
[(25.0, 404.0, 53.0), (17.0, 413.0, 53.0), (35.0, 412.0, 53.0), (-18.0, 342.0, 35), (72.0, 346.0, 36), (9.0, 209.0, 14), (59.0, 213.0, 12), (2.0, 107.0, 14), (69.0, 109.0, 12), (-6.0, 14.0, 0), (86.0, 16.0, 0), (0, 0, 0), (81.0, 3.0, 0), (-30.0, 0, 36), (106.0, 0, 39)]
[(25.0, 404.0, 52.0), (17.0, 413.0, 52.0), (34.0, 412.0, 52.0), (-19.0, 342.0, 34), (72.0, 346.0, 36), (9.0, 209.0, 14), (59.0, 213.0, 12), (2.0, 107.0, 14), (69.0, 109.0, 12), (-6.0, 14.0, 0), (86.0, 16.0, 0), (0, 0, 0), (81.0, 3.0, 0), (-30.0, 0, 36), (106.0, 0, 39)]
[(25.0, 404.0, 52.0), (17.0, 413.0, 52.0), (34.0, 412.0, 52.0), (-19.0, 342.0, 34), (72.0, 346.0, 36), (9.0, 209.0, 14), (59.0, 213.0, 12), (2.0, 107.0, 14), (69.0, 109.0, 12), (-6.0, 14.0, 0), (86.0, 16.0, 0), (0, 0, 0), (81.0, 3.0, 0), (-31.0, 0, 35), (106.0, 0, 39)]
[(25.0, 403.0, 49.0), (17.0, 413.0, 49.0), (34.0, 412.0, 49.0), (-19.0, 342.0, 34), (72.0, 346.0, 30), (9.0, 209.0, 14), (59.0, 212.0, 12), (2.0, 107.0, 14), (69.0, 109.0, 12), (-6.0, 14.0, 0), (86.0, 16.0, 0), (0, 0, 0), (81.0, 3.0, 0), (-31.0, 0, 35), (106.0, 0, 39)]
[(25.0, 402.0, 44.5), (17.0, 412.0, 44.5), (34.0, 411.0, 44.5), (-19.0, 342.0, 34), (72.0, 347.0, 21), (9.0, 209.0, 14), (59.0, 212.0, 12), (2.0, 107.0, 14), (69.0, 109.0, 12), (-6.0, 14.0, 0), (86.0, 16.0, 0), (0, 0, 0), (81.0, 3.0, 0), (-31.0, 0, 35), (106.0, 0, 39)]
[(24.0, 402.0, 44.5), (16.0, 411.0, 44.5), (33.0, 410.0, 44.5), (-19.0, 342.0, 34), (72.0, 347.0, 21), (9.0, 209.0, 14), (59.0, 212.0, 12), (2.0, 107.0, 14), (69.0, 109.0, 12), (-6.0, 14.0, 0), (86.0, 16.0, 0), (0, 0, 0), (81.0, 2.0, 0), (-31.0, 0, 35), (106.0, 0, 39)]
[(24.0, 401.0, 44.5), (16.0, 411.0, 44.5), (33.0, 410.0, 44.5), (-19.0, 342.0, 34), (72.0, 347.0, 21), (9.0, 209.0, 14), (59.0, 212.0, 12), (2.0, 107.0, 14), (69.0, 109.0, 12), (-6.0, 14.0, 0), (86.0, 16.0, 0), (0, 0, 0), (81.0, 2.0, 0), (-31.0, 0, 35), (106.0, 0, 39)]
[(24.0, 401.0, 43.5), (16.0, 410.0, 43.5), (33.0, 410.0, 43.5), (-19.0, 342.0, 34), (73.0, 347.0, 19), (9.0, 209.0, 14), (59.0, 212.0, 12), (2.0, 107.0, 14), (69.0, 109.0, 12), (-6.0, 14.0, 0), (86.0, 16.0, 0), (0, 0, 0), (81.0, 3.0, 0), (-31.0, 0, 35), (106.0, 0, 39)]
[(25.0, 401.0, 37.5), (17.0, 410.0, 37.5), (34.0, 410.0, 37.5), (-19.0, 342.0, 34), (73.0, 347.0, 7), (9.0, 209.0, 14), (59.0, 212.0, 0), (2.0, 107.0, 14), (69.0, 109.0, 0), (-6.0, 14.0, 0), (86.0, 15.0, 0), (0, 0, 0), (81.0, 2.0, 0), (-31.0, 0, 35), (106.0, 0, 39)]
[(25.0, 400.0, 37.5), (17.0, 410.0, 37.5), (34.0, 409.0, 37.5), (-19.0, 342.0, 34), (73.0, 347.0, 7), (9.0, 209.0, 14), (59.0, 212.0, 0), (2.0, 107.0, 14), (69.0, 109.0, 0), (-6.0, 14.0, 0), (86.0, 15.0, 0), (0, 0, 0), (81.0, 2.0, 0), (-32.0, 0, 34), (106.0, 0, 39)]
[(26.0, 400.0, 29.5), (17.0, 410.0, 29.5), (35.0, 409.0, 29.5), (-19.0, 343.0, 26), (73.0, 347.0, 7), (9.0, 209.0, 14), (59.0, 212.0, 0), (2.0, 107.0, 14), (69.0, 109.0, 0), (-6.0, 14.0, 0), (86.0, 15.0, 0), (0, 0, 0), (81.0, 2.0, 0), (-32.0, 0, 34), (106.0, 0, 39)]
[(27.0, 400.0, 28.5), (18.0, 410.0, 28.5), (36.0, 409.0, 28.5), (-19.0, 343.0, 26), (74.0, 347.0, 5), (9.0, 209.0, 14), (59.0, 212.0, 0), (2.0, 107.0, 14), (69.0, 109.0, 0), (-6.0, 14.0, 0), (86.0, 15.0, 0), (0, 0, 0), (81.0, 2.0, 0), (-32.0, 0, 34), (106.0, 0, 39)]
[(28.0, 400.0, 26.5), (18.0, 410.0, 26.5), (36.0, 409.0, 26.5), (-19.0, 343.0, 24), (74.0, 347.0, 5), (10.0, 209.0, 14), (59.0, 212.0, 0), (2.0, 107.0, 14), (69.0, 109.0, 0), (-6.0, 14.0, 0), (86.0, 15.0, 0), (0, 0, 0), (80.0, 2.0, 0), (-32.0, 0, 34), (106.0, 0, 39)]
[(28.0, 400.0, 26.5), (19.0, 410.0, 26.5), (36.0, 409.0, 26.5), (-19.0, 343.0, 24), (74.0, 347.0, 5), (10.0, 209.0, 14), (59.0, 212.0, 0), (2.0, 107.0, 14), (69.0, 109.0, 0), (-6.0, 14.0, 0), (86.0, 15.0, 0), (0, 0, 0), (80.0, 2.0, 0), (-32.0, 0, 34), (106.0, 0, 39)]
[(29.0, 400.0, 26.5), (19.0, 410.0, 26.5), (37.0, 409.0, 26.5), (-19.0, 343.0, 24), (74.0, 347.0, 5), (10.0, 209.0, 14), (59.0, 212.0, 0), (2.0, 107.0, 14), (69.0, 109.0, 0), (-6.0, 14.0, 0), (86.0, 15.0, 0), (0, 0, 0), (80.0, 2.0, 0), (-32.0, 0, 34), (106.0, 0, 39)]
[(29.0, 400.0, 26.5), (19.0, 410.0, 26.5), (37.0, 409.0, 26.5), (-19.0, 343.0, 24), (74.0, 347.0, 5), (10.0, 209.0, 14), (59.0, 212.0, 0), (2.0, 107.0, 14), (69.0, 109.0, 0), (-6.0, 14.0, 0), (86.0, 15.0, 0), (0, 0, 0), (80.0, 2.0, 0), (-31.0, 0, 35), (106.0, 0, 39)]
[(28.0, 400.0, 36.0), (19.0, 410.0, 36.0), (37.0, 409.0, 36.0), (-18.0, 343.0, 26), (74.0, 347.0, 20), (10.0, 209.0, 14), (60.0, 212.0, 13), (2.0, 107.0, 14), (70.0, 108.0, 13), (-6.0, 14.0, 0), (86.0, 15.0, 0), (0, 0, 0), (81.0, 2.0, 0), (-31.0, 0, 35), (106.0, 0, 39)]
[(28.0, 400.0, 36.0), (19.0, 409.0, 36.0), (37.0, 409.0, 36.0), (-18.0, 343.0, 26), (74.0, 347.0, 20), (10.0, 209.0, 14), (60.0, 212.0, 13), (2.0, 107.0, 14), (70.0, 108.0, 13), (-6.0, 14.0, 0), (86.0, 15.0, 0), (0, 0, 0), (81.0, 2.0, 0), (-31.0, 0, 35), (106.0, 0, 39)]
[(28.0, 400.0, 36.0), (19.0, 409.0, 36.0), (37.0, 409.0, 36.0), (-18.0, 343.0, 26), (74.0, 347.0, 20), (10.0, 209.0, 14), (60.0, 212.0, 13), (2.0, 107.0, 14), (70.0, 108.0, 13), (-6.0, 14.0, 0), (86.0, 15.0, 0), (0, 0, 0), (81.0, 2.0, 0), (-31.0, 0, 35), (106.0, 0, 39)]
[(28.0, 400.0, 36.0), (19.0, 409.0, 36.0), (37.0, 409.0, 36.0), (-18.0, 343.0, 26), (74.0, 347.0, 20), (10.0, 209.0, 14), (60.0, 212.0, 13), (2.0, 107.0, 14), (70.0, 108.0, 13), (-6.0, 14.0, 0), (86.0, 15.0, 0), (0, 0, 0), (81.0, 2.0, 0), (-31.0, 0, 35), (106.0, 0, 39)]
[(27.0, 400.0, 36.0), (18.0, 409.0, 36.0), (36.0, 409.0, 36.0), (-18.0, 343.0, 26), (74.0, 347.0, 20), (10.0, 209.0, 14), (60.0, 212.0, 13), (2.0, 107.0, 14), (70.0, 108.0, 13), (-6.0, 14.0, 0), (86.0, 15.0, 0), (0, 0, 0), (81.0, 2.0, 0), (-31.0, 0, 35), (106.0, 0, 39)]
[(27.0, 400.0, 29.5), (18.0, 409.0, 29.5), (36.0, 409.0, 29.5), (-18.0, 343.0, 26), (74.0, 347.0, 7), (10.0, 209.0, 14), (60.0, 212.0, 0), (2.0, 107.0, 14), (70.0, 109.0, 0), (-6.0, 14.0, 0), (86.0, 15.0, 0), (0, 0, 0), (81.0, 2.0, 0), (-32.0, 0, 34), (106.0, 0, 39)]
[(27.0, 400.0, 29.5), (18.0, 409.0, 29.5), (35.0, 409.0, 29.5), (-18.0, 343.0, 26), (74.0, 347.0, 7), (10.0, 209.0, 14), (60.0, 212.0, 0), (2.0, 107.0, 14), (70.0, 109.0, 0), (-6.0, 14.0, 0), (86.0, 15.0, 0), (0, 0, 0), (81.0, 2.0, 0), (-32.0, 0, 34), (106.0, 0, 39)]
[(26.0, 400.0, 29.5), (18.0, 409.0, 29.5), (35.0, 409.0, 29.5), (-18.0, 343.0, 26), (74.0, 347.0, 7), (10.0, 209.0, 14), (60.0, 212.0, 0), (2.0, 107.0, 14), (70.0, 109.0, 0), (-6.0, 14.0, 0), (86.0, 15.0, 0), (0, 0, 0), (81.0, 2.0, 0), (-32.0, 0, 34), (106.0, 0, 39)]
[(26.0, 400.0, 36.0), (17.0, 409.0, 36.0), (35.0, 409.0, 36.0), (-18.0, 343.0, 26), (74.0, 347.0, 20), (10.0, 209.0, 14), (60.0, 212.0, 13), (2.0, 107.0, 14), (70.0, 108.0, 13), (-6.0, 14.0, 0), (86.0, 15.0, 0), (0, 0, 0), (81.0, 2.0, 0), (-32.0, 0, 34), (106.0, 0, 39)]
[(25.0, 400.0, 37.0), (17.0, 409.0, 37.0), (34.0, 409.0, 37.0), (-18.0, 343.0, 24), (74.0, 347.0, 26), (11.0, 209.0, 14), (60.0, 212.0, 19), (2.0, 107.0, 14), (70.0, 108.0, 19), (-6.0, 14.0, 0), (86.0, 16.0, 0), (0, 0, 0), (81.0, 2.0, 0), (-32.0, 0, 34), (106.0, 0, 39)]
[(25.0, 400.0, 45.0), (17.0, 409.0, 45.0), (34.0, 409.0, 45.0), (-18.0, 342.0, 32), (74.0, 347.0, 26), (11.0, 209.0, 13), (60.0, 212.0, 19), (3.0, 107.0, 13), (70.0, 108.0, 19), (-6.0, 14.0, 0), (86.0, 16.0, 0), (0, 0, 0), (81.0, 3.0, 0), (-32.0, 0, 34), (106.0, 0, 39)]
[(24.0, 400.0, 45.0), (17.0, 410.0, 45.0), (34.0, 409.0, 45.0), (-18.0, 342.0, 32), (74.0, 347.0, 26), (11.0, 209.0, 13), (60.0, 212.0, 19), (3.0, 107.0, 13), (70.0, 108.0, 19), (-6.0, 14.0, 0), (86.0, 16.0, 0), (0, 0, 0), (80.0, 3.0, 0), (-32.0, 0, 34), (106.0, 0, 38)]
[(24.0, 400.0, 45.0), (17.0, 410.0, 45.0), (34.0, 409.0, 45.0), (-18.0, 342.0, 32), (74.0, 347.0, 26), (11.0, 209.0, 13), (60.0, 212.0, 19), (3.0, 107.0, 13), (70.0, 108.0, 19), (-6.0, 14.0, 0), (86.0, 16.0, 0), (0, 0, 0), (80.0, 3.0, 0), (-31.0, 0, 35), (106.0, 0, 38)]
[(24.0, 399.0, 51.0), (17.0, 409.0, 51.0), (34.0, 408.0, 51.0), (-18.0, 341.0, 38), (74.0, 346.0, 26), (11.0, 208.0, 19), (60.0, 211.0, 19), (3.0, 106.0, 19), (70.0, 107.0, 19), (-6.0, 14.0, 0), (86.0, 15.0, 0), (0, 0, 0), (80.0, 2.0, 0), (-31.0, 0, 35), (106.0, 0, 39)]
[(24.0, 399.0, 57.0), (16.0, 409.0, 57.0), (34.0, 408.0, 57.0), (-18.0, 341.0, 38), (73.0, 346.0, 38), (11.0, 208.0, 19), (60.0, 212.0, 20), (3.0, 106.0, 19), (71.0, 107.0, 20), (-6.0, 14.0, 0), (86.0, 15.0, 0), (0, 0, 0), (80.0, 2.0, 0), (-31.0, 0, 35), (106.0, 0, 39)]
[(24.0, 399.0, 57.0), (16.0, 409.0, 57.0), (33.0, 408.0, 57.0), (-18.0, 341.0, 38), (73.0, 346.0, 38), (11.0, 208.0, 19), (60.0, 212.0, 20), (3.0, 106.0, 19), (71.0, 107.0, 20), (-6.0, 14.0, 0), (86.0, 15.0, 0), (0, 0, 0), (81.0, 2.0, 0), (-31.0, 0, 35), (106.0, 0, 39)]
[(24.0, 399.0, 63.0), (16.0, 409.0, 63.0), (33.0, 408.0, 63.0), (-18.0, 340.0, 44), (73.0, 346.0, 38), (11.0, 208.0, 19), (60.0, 212.0, 20), (3.0, 106.0, 19), (71.0, 107.0, 20), (-6.0, 14.0, 0), (86.0, 15.0, 0), (0, 0, 0), (81.0, 2.0, 0), (-31.0, 0, 35), (106.0, 0, 39)]
[(24.0, 399.0, 63.0), (16.0, 409.0, 63.0), (33.0, 408.0, 63.0), (-18.0, 340.0, 44), (73.0, 346.0, 38), (11.0, 208.0, 19), (60.0, 212.0, 20), (3.0, 106.0, 19), (71.0, 107.0, 20), (-6.0, 14.0, 0), (86.0, 15.0, 0), (0, 0, 0), (81.0, 2.0, 0), (-31.0, 0, 35), (106.0, 0, 39)]
[(23.0, 399.0, 62.0), (15.0, 409.0, 62.0), (32.0, 409.0, 62.0), (-18.0, 340.0, 43), (73.0, 346.0, 38), (12.0, 208.0, 19), (60.0, 212.0, 20), (3.0, 106.0, 19), (71.0, 107.0, 20), (-6.0, 14.0, 0), (86.0, 15.0, 0), (0, 0, 0), (81.0, 2.0, 0), (-31.0, 0, 35), (106.0, 0, 39)]
[(20.0, 399.0, 62.0), (11.0, 408.0, 62.0), (28.0, 408.0, 62.0), (-19.0, 339.0, 46), (71.0, 347.0, 32), (12.0, 208.0, 19), (61.0, 212.0, 20), (3.0, 106.0, 19), (71.0, 107.0, 20), (-6.0, 14.0, 0), (86.0, 15.0, 0), (0, 0, 0), (81.0, 2.0, 0), (-31.0, 0, 35), (106.0, 0, 39)]
[(20.0, 399.0, 60.0), (11.0, 408.0, 60.0), (27.0, 408.0, 60.0), (-18.0, 338.0, 44), (72.0, 347.0, 32), (13.0, 208.0, 12), (62.0, 212.0, 20), (4.0, 107.0, 12), (72.0, 107.0, 20), (-6.0, 14.0, 0), (87.0, 15.0, 0), (0, 0, 0), (82.0, 2.0, 0), (-30.0, 0, 36), (107.0, 0, 39)]
[(17.0, 399.0, 53.0), (8.0, 407.0, 53.0), (24.0, 408.0, 53.0), (-18.0, 338.0, 43), (71.0, 348.0, 20), (14.0, 208.0, 12), (62.0, 212.0, 20), (4.0, 107.0, 12), (72.0, 107.0, 20), (-6.0, 14.0, 0), (87.0, 15.0, 0), (0, 0, 0), (82.0, 2.0, 0), (-30.0, 0, 36), (107.0, 0, 39)]
[(16.0, 399.0, 56.0), (7.0, 407.0, 56.0), (23.0, 408.0, 56.0), (-19.0, 337.0, 46), (71.0, 348.0, 20), (14.0, 208.0, 12), (63.0, 212.0, 20), (4.0, 107.0, 12), (72.0, 107.0, 20), (-6.0, 14.0, 0), (87.0, 15.0, 0), (0, 0, 0), (82.0, 2.0, 0), (-30.0, 0, 36), (107.0, 0, 39)]
[(11.0, 398.0, 50.0), (2.0, 406.0, 50.0), (18.0, 408.0, 50.0), (-20.0, 335.0, 40), (68.0, 349.0, 20), (14.0, 208.0, 0), (63.0, 212.0, 20), (5.0, 107.0, 0), (72.0, 107.0, 20), (-6.0, 13.0, 0), (87.0, 15.0, 0), (0, 0, 0), (82.0, 2.0, 0), (-30.0, 0, 36), (108.0, 0, 39)]
[(6.0, 398.0, 51.0), (-3.0, 406.0, 51.0), (13.0, 408.0, 51.0), (-21.0, 334.0, 44), (66.0, 351.0, 14), (15.0, 209.0, 0), (64.0, 213.0, 14), (5.0, 108.0, 0), (72.0, 109.0, 14), (-6.0, 14.0, 0), (87.0, 16.0, 0), (0, 0, 0), (82.0, 3.0, 0), (-30.0, 0, 36), (108.0, 0, 38)]
[(7.0, 398.0, 61.0), (-2.0, 405.0, 61.0), (14.0, 408.0, 61.0), (-21.0, 333.0, 54), (66.0, 351.0, 14), (16.0, 208.0, 11), (65.0, 213.0, 14), (6.0, 107.0, 11), (73.0, 109.0, 14), (-6.0, 14.0, 0), (88.0, 16.0, 0), (0, 0, 0), (83.0, 2.0, 0), (-29.0, 0, 36), (109.0, 0, 39)]
[(6.0, 398.0, 61.5), (-3.0, 405.0, 61.5), (12.0, 408.0, 61.5), (-22.0, 332.0, 54), (65.0, 351.0, 15), (16.0, 208.0, 9), (65.0, 213.0, 15), (7.0, 107.0, 9), (74.0, 109.0, 15), (-6.0, 14.0, 0), (88.0, 16.0, 0), (0, 0, 0), (83.0, 2.0, 0), (-29.0, 0, 36), (109.0, 0, 39)]
[(5.0, 397.0, 51.5), (-4.0, 404.0, 51.5), (12.0, 407.0, 51.5), (-22.0, 331.0, 44), (65.0, 352.0, 15), (17.0, 207.0, 0), (66.0, 213.0, 15), (7.0, 107.0, 0), (74.0, 109.0, 15), (-6.0, 13.0, 0), (88.0, 16.0, 0), (0, 0, 0), (83.0, 2.0, 0), (-29.0, 0, 36), (110.0, 0, 38)]
[(6.0, 397.0, 36.5), (-3.0, 404.0, 36.5), (13.0, 407.0, 36.5), (-22.0, 331.0, 29), (65.0, 352.0, 15), (17.0, 206.0, -12), (66.0, 213.0, 15), (7.0, 107.0, 0), (74.0, 109.0, 15), (-6.0, 13.0, 0), (88.0, 16.0, 0), (0, 0, 0), (84.0, 3.0, 0), (-28.0, 0, 37), (110.0, 0, 38)]
[(6.0, 397.0, 35.5), (-3.0, 404.0, 35.5), (13.0, 407.0, 35.5), (-23.0, 331.0, 28), (65.0, 352.0, 15), (17.0, 206.0, -12), (66.0, 213.0, 15), (7.0, 107.0, 0), (74.0, 109.0, 15), (-6.0, 13.0, 0), (88.0, 16.0, 0), (0, 0, 0), (84.0, 3.0, 0), (-28.0, 0, 37), (109.0, 0, 39)]
[(6.0, 397.0, 35.5), (-3.0, 404.0, 35.5), (13.0, 407.0, 35.5), (-23.0, 331.0, 28), (65.0, 352.0, 15), (17.0, 206.0, -12), (66.0, 213.0, 15), (7.0, 107.0, 0), (74.0, 109.0, 15), (-6.0, 13.0, 0), (88.0, 16.0, 0), (0, 0, 0), (84.0, 3.0, 0), (-28.0, 0, 37), (109.0, 0, 39)]
[(10.0, 397.0, 35.5), (-0.0, 405.0, 35.5), (17.0, 407.0, 35.5), (-23.0, 330.0, 28), (65.0, 350.0, 15), (17.0, 205.0, -12), (66.0, 211.0, 15), (8.0, 106.0, 0), (74.0, 108.0, 15), (-6.0, 12.0, 0), (88.0, 15.0, 0), (0, 0, 0), (84.0, 2.0, 0), (-28.0, 0, 37), (108.0, 0, 40)]
[(12.0, 398.0, 35.5), (2.0, 406.0, 35.5), (19.0, 408.0, 35.5), (-23.0, 330.0, 28), (65.0, 350.0, 15), (17.0, 205.0, -12), (66.0, 211.0, 15), (8.0, 106.0, 0), (74.0, 108.0, 15), (-6.0, 12.0, 0), (88.0, 15.0, 0), (0, 0, 0), (84.0, 2.0, 0), (-28.0, 0, 37), (108.0, 0, 40)]
[(22.0, 399.0, 23.5), (11.0, 407.0, 23.5), (28.0, 409.0, 23.5), (-21.0, 334.0, 16), (69.0, 349.0, 15), (17.0, 205.0, -12), (66.0, 211.0, 15), (8.0, 106.0, 0), (74.0, 108.0, 15), (-6.0, 12.0, 0), (88.0, 15.0, 0), (0, 0, 0), (84.0, 2.0, 0), (-28.0, 0, 37), (108.0, 0, 40)]
[(28.0, 400.0, 18.5), (18.0, 409.0, 18.5), (34.0, 410.0, 18.5), (-19.0, 338.0, 15), (72.0, 347.0, 7), (16.0, 206.0, 0), (65.0, 211.0, 7), (8.0, 106.0, 0), (74.0, 109.0, 7), (-6.0, 12.0, 0), (88.0, 15.0, 0), (0, 0, 0), (84.0, 2.0, 0), (-28.0, 0, 37), (108.0, 0, 40)]
[(37.0, 400.0, 17.0), (27.0, 409.0, 17.0), (42.0, 410.0, 17.0), (-17.0, 342.0, 0), (74.0, 345.0, 34), (14.0, 207.0, 0), (63.0, 211.0, 14), (7.0, 106.0, 0), (73.0, 109.0, 14), (-6.0, 12.0, 0), (88.0, 16.0, 0), (0, 0, 0), (84.0, 2.0, 0), (-28.0, 0, 37), (108.0, 0, 40)]
[(38.0, 400.0, 15.0), (27.0, 410.0, 15.0), (43.0, 410.0, 15.0), (-16.0, 343.0, 0), (74.0, 344.0, 30), (13.0, 208.0, 0), (62.0, 211.0, 5), (7.0, 106.0, 0), (73.0, 109.0, 5), (-6.0, 12.0, 0), (88.0, 15.0, 0), (0, 0, 0), (84.0, 2.0, 0), (-28.0, 0, 37), (110.0, 0, 39)]
[(46.0, 400.0, 17.5), (37.0, 411.0, 17.5), (52.0, 410.0, 17.5), (-12.0, 347.0, 0), (78.0, 340.0, 35), (10.0, 208.0, 0), (60.0, 210.0, 0), (7.0, 106.0, 0), (72.0, 109.0, 0), (-6.0, 12.0, 0), (88.0, 15.0, 0), (0, 0, 0), (84.0, 2.0, 0), (-28.0, 0, 37), (110.0, 0, 39)]
[(52.0, 401.0, 21.5), (43.0, 411.0, 21.5), (59.0, 409.0, 21.5), (-9.0, 351.0, 0), (80.0, 336.0, 43), (8.0, 208.0, 0), (58.0, 209.0, 0), (5.0, 106.0, 0), (72.0, 109.0, 0), (-6.0, 12.0, 0), (88.0, 15.0, 0), (0, 0, 0), (83.0, 2.0, 0), (-29.0, 0, 36), (110.0, 0, 38)]
[(52.0, 401.0, 42.0), (44.0, 411.0, 42.0), (59.0, 409.0, 42.0), (-9.0, 351.0, 13), (79.0, 335.0, 58), (6.0, 209.0, 13), (56.0, 209.0, 13), (3.0, 106.0, 13), (71.0, 108.0, 13), (-6.0, 13.0, 0), (87.0, 15.0, 0), (0, 0, 0), (81.0, 2.0, 0), (-29.0, 0, 36), (109.0, 0, 37)]
[(57.0, 400.0, 37.5), (49.0, 411.0, 37.5), (63.0, 408.0, 37.5), (-8.0, 352.0, 13), (80.0, 333.0, 49), (5.0, 210.0, 13), (54.0, 209.0, 0), (3.0, 106.0, 13), (70.0, 108.0, 0), (-6.0, 13.0, 0), (86.0, 14.0, 0), (0, 0, 0), (81.0, 2.0, 0), (-29.0, 0, 36), (109.0, 0, 37)]
[(64.0, 399.0, 47.5), (56.0, 410.0, 47.5), (71.0, 405.0, 47.5), (-4.0, 355.0, 19), (82.0, 329.0, 57), (4.0, 210.0, 19), (54.0, 209.0, 0), (3.0, 106.0, 19), (69.0, 108.0, 0), (-6.0, 14.0, 0), (85.0, 14.0, 0), (0, 0, 0), (80.0, 2.0, 0), (-29.0, 0, 36), (109.0, 0, 36)]
[(68.0, 397.0, 49.0), (61.0, 408.0, 49.0), (76.0, 403.0, 49.0), (-1.0, 357.0, 19), (83.0, 327.0, 60), (4.0, 211.0, 19), (54.0, 209.0, 0), (3.0, 106.0, 19), (69.0, 108.0, 0), (-6.0, 14.0, 0), (85.0, 14.0, 0), (0, 0, 0), (80.0, 2.0, 0), (-28.0, 0, 37), (109.0, 0, 36)]
[(69.0, 396.0, 50.0), (62.0, 408.0, 50.0), (76.0, 401.0, 50.0), (-0.0, 357.0, 19), (83.0, 326.0, 62), (4.0, 211.0, 19), (54.0, 209.0, 0), (3.0, 106.0, 19), (68.0, 108.0, 0), (-6.0, 14.0, 0), (85.0, 14.0, 0), (0, 0, 0), (80.0, 2.0, 0), (-28.0, 0, 37), (108.0, 0, 37)]
[(72.0, 394.0, 54.5), (65.0, 406.0, 54.5), (80.0, 399.0, 54.5), (2.0, 358.0, 23), (84.0, 325.0, 63), (3.0, 211.0, 23), (53.0, 209.0, 0), (3.0, 105.0, 23), (68.0, 109.0, 0), (-6.0, 14.0, 0), (85.0, 14.0, 0), (0, 0, 0), (80.0, 2.0, 0), (-27.0, 0, 38), (108.0, 0, 37)]
[(74.0, 393.0, 50.0), (67.0, 405.0, 50.0), (81.0, 399.0, 50.0), (2.0, 358.0, 23), (85.0, 324.0, 54), (2.0, 211.0, 23), (53.0, 208.0, -9), (2.0, 105.0, 23), (68.0, 109.0, 0), (-6.0, 14.0, 0), (85.0, 14.0, 0), (0, 0, 0), (79.0, 2.0, 0), (-27.0, 0, 38), (108.0, 0, 36)]
[(78.0, 392.0, 52.5), (71.0, 404.0, 52.5), (85.0, 397.0, 52.5), (6.0, 359.0, 24), (87.0, 322.0, 57), (2.0, 211.0, 24), (53.0, 208.0, -8), (2.0, 105.0, 24), (69.0, 109.0, 0), (-5.0, 14.0, 0), (86.0, 14.0, 0), (0, 0, 0), (79.0, 3.0, 0), (-26.0, 0, 39), (109.0, 0, 35)]
[(82.0, 389.0, 53.5), (75.0, 401.0, 53.5), (89.0, 393.0, 53.5), (8.0, 358.0, 24), (89.0, 321.0, 59), (3.0, 210.0, 24), (53.0, 207.0, -5), (2.0, 104.0, 24), (70.0, 108.0, 0), (-5.0, 13.0, 0), (87.0, 13.0, 0), (0, 0, 0), (80.0, 3.0, 0), (-25.0, 0, 39), (110.0, 0, 35)]
[(81.0, 389.0, 48.0), (75.0, 402.0, 48.0), (88.0, 394.0, 48.0), (10.0, 360.0, 24), (89.0, 321.0, 48), (3.0, 211.0, 24), (53.0, 207.0, -16), (2.0, 105.0, 24), (69.0, 109.0, 0), (-5.0, 14.0, 0), (87.0, 15.0, 0), (0, 0, 0), (80.0, 4.0, 0), (-26.0, 0, 39), (110.0, 0, 35)]
[(81.0, 390.0, 48.0), (75.0, 402.0, 48.0), (88.0, 395.0, 48.0), (10.0, 360.0, 24), (89.0, 321.0, 48), (3.0, 211.0, 24), (53.0, 207.0, -16), (1.0, 105.0, 24), (69.0, 109.0, 0), (-5.0, 14.0, 0), (87.0, 15.0, 0), (0, 0, 0), (80.0, 4.0, 0), (-26.0, 0, 39), (110.0, 0, 35)]
[(81.0, 390.0, 48.0), (75.0, 402.0, 48.0), (88.0, 395.0, 48.0), (9.0, 360.0, 24), (89.0, 321.0, 48), (3.0, 211.0, 24), (53.0, 207.0, -16), (1.0, 105.0, 24), (69.0, 109.0, 0), (-5.0, 14.0, 0), (87.0, 15.0, 0), (0, 0, 0), (81.0, 4.0, 0), (-26.0, 0, 39), (110.0, 0, 36)]
[(80.0, 389.0, 48.0), (74.0, 401.0, 48.0), (87.0, 394.0, 48.0), (8.0, 359.0, 24), (88.0, 320.0, 48), (2.0, 210.0, 24), (52.0, 206.0, -16), (-0.0, 105.0, 24), (68.0, 108.0, 0), (-5.0, 14.0, 0), (86.0, 14.0, 0), (0, 0, 0), (80.0, 3.0, 0), (-27.0, 0, 38), (109.0, 0, 36)]
[(80.0, 389.0, 45.5), (74.0, 401.0, 45.5), (87.0, 394.0, 45.5), (8.0, 358.0, 24), (88.0, 319.0, 43), (2.0, 210.0, 24), (52.0, 205.0, -21), (-0.0, 105.0, 24), (68.0, 108.0, 0), (-5.0, 14.0, 0), (86.0, 14.0, 0), (0, 0, 0), (81.0, 3.0, 0), (-27.0, 0, 38), (109.0, 0, 37)]
[(80.0, 389.0, 44.5), (74.0, 401.0, 44.5), (87.0, 394.0, 44.5), (8.0, 358.0, 24), (88.0, 320.0, 41), (2.0, 209.0, 24), (52.0, 205.0, -21), (-0.0, 105.0, 24), (68.0, 108.0, 0), (-5.0, 14.0, 0), (86.0, 14.0, 0), (0, 0, 0), (81.0, 3.0, 0), (-27.0, 0, 38), (109.0, 0, 37)]
[(80.0, 389.0, 40.5), (73.0, 401.0, 40.5), (86.0, 394.0, 40.5), (8.0, 358.0, 20), (88.0, 320.0, 41), (2.0, 209.0, 20), (52.0, 205.0, -21), (-0.0, 105.0, 20), (68.0, 108.0, 0), (-5.0, 13.0, 0), (86.0, 14.0, 0), (0, 0, 0), (81.0, 3.0, 0), (-27.0, 0, 38), (109.0, 0, 37)]
[(79.0, 390.0, 40.5), (73.0, 402.0, 40.5), (86.0, 395.0, 40.5), (8.0, 359.0, 20), (88.0, 321.0, 41), (2.0, 210.0, 20), (52.0, 206.0, -21), (-0.0, 106.0, 20), (68.0, 109.0, 0), (-5.0, 14.0, 0), (86.0, 15.0, 0), (0, 0, 0), (81.0, 4.0, 0), (-27.0, 0, 38), (109.0, 0, 37)]
[(79.0, 391.0, 40.5), (72.0, 402.0, 40.5), (85.0, 397.0, 40.5), (7.0, 359.0, 20), (88.0, 321.0, 41), (2.0, 210.0, 20), (53.0, 206.0, -22), (-0.0, 106.0, 20), (68.0, 109.0, 0), (-5.0, 14.0, 0), (86.0, 15.0, 0), (0, 0, 0), (81.0, 4.0, 0), (-27.0, 0, 38), (109.0, 0, 37)]
[(77.0, 392.0, 38.5), (69.0, 404.0, 38.5), (83.0, 399.0, 38.5), (6.0, 359.0, 15), (88.0, 322.0, 47), (3.0, 210.0, 15), (54.0, 207.0, -17), (1.0, 107.0, 15), (68.0, 109.0, 0), (-5.0, 14.0, 0), (86.0, 15.0, 0), (0, 0, 0), (81.0, 4.0, 0), (-27.0, 0, 38), (109.0, 0, 37)]
[(73.0, 394.0, 36.5), (63.0, 405.0, 36.5), (79.0, 400.0, 36.5), (5.0, 359.0, 15), (88.0, 324.0, 43), (4.0, 210.0, 15), (55.0, 207.0, -17), (1.0, 107.0, 15), (69.0, 109.0, 0), (-5.0, 14.0, 0), (86.0, 15.0, 0), (0, 0, 0), (81.0, 4.0, 0), (-27.0, 0, 38), (109.0, 0, 37)]
[(70.0, 395.0, 35.5), (61.0, 406.0, 35.5), (77.0, 401.0, 35.5), (3.0, 358.0, 15), (87.0, 325.0, 41), (3.0, 210.0, 15), (54.0, 207.0, -17), (-0.0, 107.0, 15), (68.0, 109.0, 0), (-5.0, 14.0, 0), (85.0, 15.0, 0), (0, 0, 0), (80.0, 4.0, 0), (-28.0, 0, 37), (108.0, 0, 37)]
[(61.0, 397.0, 35.5), (52.0, 408.0, 35.5), (69.0, 403.0, 35.5), (-1.0, 356.0, 15), (85.0, 331.0, 41), (6.0, 210.0, 15), (57.0, 208.0, -9), (1.0, 107.0, 15), (69.0, 109.0, 4), (-5.0, 14.0, 0), (85.0, 15.0, 4), (0, 0, 0), (80.0, 5.0, 0), (-28.0, 0, 37), (108.0, 0, 37)]
[(56.0, 399.0, 28.0), (46.0, 409.0, 28.0), (64.0, 406.0, 28.0), (-4.0, 354.0, 14), (84.0, 336.0, 28), (9.0, 210.0, 14), (60.0, 209.0, -14), (3.0, 107.0, 14), (70.0, 110.0, 0), (-5.0, 14.0, 0), (86.0, 16.0, 0), (0, 0, 0), (81.0, 5.0, 0), (-27.0, 0, 38), (109.0, 0, 37)]
[(49.0, 400.0, 24.5), (40.0, 410.0, 24.5), (57.0, 407.0, 24.5), (-6.0, 352.0, 13), (83.0, 339.0, 23), (11.0, 210.0, 13), (62.0, 209.0, -10), (4.0, 107.0, 13), (71.0, 110.0, 5), (-5.0, 14.0, 0), (86.0, 16.0, 0), (0, 0, 0), (80.0, 5.0, 0), (-27.0, 0, 38), (108.0, 0, 37)]
[(48.0, 402.0, 30.5), (39.0, 411.0, 30.5), (56.0, 409.0, 30.5), (-8.0, 352.0, 12), (82.0, 340.0, 37), (12.0, 211.0, 12), (63.0, 211.0, -1), (5.0, 108.0, 12), (72.0, 111.0, 5), (-5.0, 15.0, 0), (87.0, 17.0, 0), (0, 0, 0), (80.0, 6.0, 0), (-27.0, 0, 38), (108.0, 0, 37)]
[(39.0, 402.0, 25.0), (30.0, 412.0, 25.0), (46.0, 410.0, 25.0), (-11.0, 348.0, 12), (79.0, 343.0, 26), (13.0, 210.0, 12), (63.0, 211.0, -2), (5.0, 108.0, 12), (71.0, 111.0, 5), (-5.0, 15.0, 0), (86.0, 17.0, 0), (0, 0, 0), (79.0, 6.0, 0), (-28.0, 0, 37), (107.0, 0, 37)]
[(36.0, 404.0, 26.0), (27.0, 413.0, 26.0), (44.0, 412.0, 26.0), (-13.0, 347.0, 18), (78.0, 345.0, 16), (14.0, 211.0, 18), (63.0, 212.0, -7), (6.0, 108.0, 18), (71.0, 112.0, 0), (-5.0, 16.0, 0), (86.0, 17.0, 0), (0, 0, 0), (80.0, 6.0, 0), (-29.0, 0, 36), (107.0, 0, 37)]
[(35.0, 404.0, 26.0), (26.0, 413.0, 26.0), (44.0, 412.0, 26.0), (-13.0, 347.0, 17), (77.0, 345.0, 18), (14.0, 210.0, 17), (63.0, 212.0, -6), (7.0, 108.0, 17), (72.0, 112.0, 0), (-5.0, 16.0, 0), (86.0, 16.0, 0), (0, 0, 0), (80.0, 5.0, 0), (-29.0, 0, 36), (107.0, 0, 38)]
[(33.0, 403.0, 26.0), (24.0, 412.0, 26.0), (41.0, 411.0, 26.0), (-14.0, 344.0, 17), (76.0, 345.0, 18), (14.0, 209.0, 17), (63.0, 211.0, 0), (7.0, 107.0, 17), (72.0, 110.0, 0), (-5.0, 15.0, 0), (86.0, 15.0, 0), (0, 0, 0), (80.0, 4.0, 0), (-29.0, 0, 36), (106.0, 0, 38)]
[(32.0, 403.0, 24.0), (23.0, 412.0, 24.0), (41.0, 411.0, 24.0), (-15.0, 344.0, 11), (76.0, 344.0, 26), (14.0, 208.0, 11), (63.0, 211.0, 2), (7.0, 107.0, 11), (72.0, 110.0, 2), (-5.0, 14.0, 0), (85.0, 15.0, 2), (0, 0, 0), (81.0, 4.0, 0), (-29.0, 0, 36), (106.0, 0, 39)]
[(30.0, 403.0, 21.5), (21.0, 412.0, 21.5), (38.0, 411.0, 21.5), (-15.0, 343.0, 12), (75.0, 345.0, 19), (13.0, 208.0, 12), (63.0, 211.0, 0), (6.0, 107.0, 12), (72.0, 110.0, 0), (-5.0, 14.0, 0), (86.0, 15.0, 0), (0, 0, 0), (81.0, 4.0, 0), (-29.0, 0, 36), (106.0, 0, 39)]
[(28.0, 403.0, 21.5), (19.0, 412.0, 21.5), (36.0, 411.0, 21.5), (-18.0, 343.0, 12), (73.0, 345.0, 19), (11.0, 208.0, 12), (61.0, 211.0, 0), (5.0, 107.0, 12), (71.0, 109.0, 0), (-5.0, 14.0, 0), (86.0, 14.0, 0), (0, 0, 0), (81.0, 3.0, 0), (-29.0, 0, 36), (107.0, 0, 38)]
[(26.0, 403.0, 22.0), (18.0, 412.0, 22.0), (34.0, 411.0, 22.0), (-20.0, 343.0, 13), (71.0, 345.0, 18), (8.0, 208.0, 13), (58.0, 211.0, 0), (4.0, 107.0, 13), (69.0, 109.0, 0), (-5.0, 14.0, 0), (86.0, 14.0, 0), (0, 0, 0), (81.0, 3.0, 0), (-29.0, 0, 36), (108.0, 0, 38)]
[(26.0, 403.0, 23.0), (17.0, 412.0, 23.0), (34.0, 411.0, 23.0), (-20.0, 343.0, 14), (71.0, 345.0, 18), (7.0, 208.0, 14), (57.0, 211.0, 0), (3.0, 107.0, 14), (68.0, 109.0, 0), (-5.0, 14.0, 0), (86.0, 14.0, 0), (0, 0, 0), (81.0, 2.0, 0), (-29.0, 0, 36), (108.0, 0, 38)]
[(24.0, 402.0, 23.5), (15.0, 412.0, 23.5), (32.0, 411.0, 23.5), (-22.0, 343.0, 15), (69.0, 345.0, 17), (5.0, 208.0, 15), (54.0, 211.0, 0), (1.0, 107.0, 15), (67.0, 109.0, 0), (-5.0, 14.0, 0), (85.0, 14.0, 0), (0, 0, 0), (81.0, 2.0, 0), (-29.0, 0, 36), (108.0, 0, 38)]
[(23.0, 402.0, 23.5), (14.0, 411.0, 23.5), (30.0, 410.0, 23.5), (-23.0, 343.0, 15), (68.0, 345.0, 17), (3.0, 208.0, 15), (53.0, 211.0, 0), (1.0, 107.0, 15), (66.0, 108.0, 0), (-5.0, 14.0, 0), (85.0, 14.0, 0), (0, 0, 0), (81.0, 2.0, 0), (-29.0, 0, 36), (108.0, 0, 38)]
[(22.0, 400.0, 30.0), (13.0, 410.0, 30.0), (29.0, 409.0, 30.0), (-23.0, 343.0, 22), (68.0, 345.0, 16), (2.0, 208.0, 15), (52.0, 211.0, 0), (-0.0, 107.0, 15), (65.0, 108.0, 0), (-5.0, 14.0, 0), (85.0, 14.0, 0), (0, 0, 0), (81.0, 2.0, 0), (-29.0, 0, 36), (108.0, 0, 38)]
[(22.0, 400.0, 26.5), (12.0, 409.0, 26.5), (29.0, 409.0, 26.5), (-24.0, 343.0, 15), (68.0, 344.0, 23), (2.0, 208.0, 15), (52.0, 211.0, 0), (-0.0, 107.0, 15), (65.0, 108.0, 0), (-5.0, 14.0, 0), (85.0, 14.0, 0), (0, 0, 0), (81.0, 2.0, 0), (-29.0, 0, 36), (108.0, 0, 38)]
[(22.0, 400.0, 26.5), (12.0, 409.0, 26.5), (29.0, 409.0, 26.5), (-25.0, 343.0, 15), (67.0, 344.0, 23), (2.0, 208.0, 15), (51.0, 211.0, 0), (-0.0, 107.0, 15), (65.0, 108.0, 0), (-5.0, 14.0, 0), (85.0, 14.0, 0), (0, 0, 0), (81.0, 2.0, 0), (-29.0, 0, 36), (107.0, 0, 39)]
[(22.0, 400.0, 23.0), (13.0, 409.0, 23.0), (29.0, 408.0, 23.0), (-25.0, 343.0, 15), (67.0, 345.0, 16), (2.0, 208.0, 15), (51.0, 211.0, 0), (1.0, 107.0, 15), (65.0, 108.0, 0), (-5.0, 14.0, 0), (85.0, 14.0, 0), (0, 0, 0), (81.0, 2.0, 0), (-29.0, 0, 36), (107.0, 0, 39)]
[(22.0, 400.0, 28.5), (12.0, 409.0, 28.5), (30.0, 408.0, 28.5), (-25.0, 343.0, 20), (67.0, 345.0, 17), (2.0, 208.0, 20), (52.0, 211.0, 0), (1.0, 106.0, 20), (65.0, 108.0, 0), (-5.0, 14.0, 0), (85.0, 14.0, 0), (0, 0, 0), (81.0, 2.0, 0), (-28.0, 0, 37), (107.0, 0, 39)]
[(21.0, 400.0, 22.5), (12.0, 409.0, 22.5), (30.0, 408.0, 22.5), (-25.0, 344.0, 20), (67.0, 345.0, 5), (2.0, 208.0, 20), (52.0, 210.0, 0), (1.0, 106.0, 20), (65.0, 109.0, 0), (-5.0, 14.0, 0), (85.0, 14.0, 0), (0, 0, 0), (81.0, 2.0, 0), (-28.0, 0, 37), (107.0, 0, 39)]
[(22.0, 400.0, 17.5), (13.0, 409.0, 17.5), (30.0, 408.0, 17.5), (-24.0, 343.0, 15), (68.0, 345.0, 5), (4.0, 208.0, 15), (53.0, 210.0, 0), (1.0, 107.0, 15), (65.0, 109.0, 0), (-5.0, 14.0, 0), (85.0, 14.0, 0), (0, 0, 0), (81.0, 2.0, 0), (-28.0, 0, 37), (107.0, 0, 39)]
[(22.0, 400.0, 23.0), (13.0, 409.0, 23.0), (30.0, 408.0, 23.0), (-24.0, 343.0, 14), (68.0, 345.0, 18), (6.0, 208.0, 14), (55.0, 211.0, 0), (2.0, 107.0, 14), (67.0, 109.0, 0), (-5.0, 14.0, 0), (85.0, 14.0, 0), (0, 0, 0), (81.0, 2.0, 0), (-28.0, 0, 37), (107.0, 0, 39)]
[(23.0, 400.0, 23.5), (13.0, 409.0, 23.5), (31.0, 408.0, 23.5), (-22.0, 343.0, 14), (70.0, 345.0, 19), (9.0, 208.0, 14), (58.0, 211.0, 0), (3.0, 107.0, 14), (68.0, 109.0, 0), (-5.0, 14.0, 0), (85.0, 14.0, 0), (0, 0, 0), (81.0, 2.0, 0), (-28.0, 0, 37), (107.0, 0, 39)]
[(23.0, 399.0, 23.5), (13.0, 409.0, 23.5), (32.0, 408.0, 23.5), (-21.0, 343.0, 14), (71.0, 345.0, 19), (11.0, 208.0, 14), (59.0, 211.0, 0), (3.0, 107.0, 14), (69.0, 109.0, 0), (-5.0, 14.0, 0), (85.0, 14.0, 0), (0, 0, 0), (81.0, 2.0, 0), (-28.0, 0, 37), (107.0, 0, 39)]
[(25.0, 399.0, 19.0), (15.0, 408.0, 19.0), (33.0, 407.0, 19.0), (-19.0, 341.0, 13), (72.0, 345.0, 12), (13.0, 207.0, 13), (62.0, 210.0, 0), (4.0, 106.0, 13), (71.0, 108.0, 0), (-5.0, 13.0, 0), (85.0, 13.0, 0), (0, 0, 0), (81.0, 1.0, 0), (-28.0, 0, 37), (107.0, 0, 39)]
[(27.0, 399.0, 20.5), (16.0, 408.0, 20.5), (34.0, 407.0, 20.5), (-18.0, 341.0, 13), (72.0, 345.0, 15), (14.0, 207.0, 13), (63.0, 210.0, 2), (4.0, 106.0, 13), (72.0, 108.0, 2), (-5.0, 13.0, 0), (85.0, 13.0, 2), (0, 0, 0), (81.0, 2.0, 0), (-28.0, 0, 37), (108.0, 0, 38)]
[(29.0, 399.0, 29.5), (18.0, 408.0, 29.5), (37.0, 407.0, 29.5), (-16.0, 341.0, 18), (75.0, 345.0, 23), (17.0, 207.0, 18), (66.0, 210.0, 10), (5.0, 105.0, 18), (74.0, 108.0, 10), (-5.0, 13.0, 0), (86.0, 14.0, 0), (0, 0, 0), (81.0, 2.0, 0), (-30.0, 0, 36), (107.0, 0, 39)]
[(31.0, 399.0, 29.5), (21.0, 408.0, 29.5), (40.0, 407.0, 29.5), (-14.0, 341.0, 18), (77.0, 345.0, 23), (18.0, 207.0, 18), (68.0, 210.0, 10), (6.0, 105.0, 18), (75.0, 108.0, 10), (-5.0, 13.0, 0), (87.0, 14.0, 0), (0, 0, 0), (81.0, 2.0, 0), (-31.0, 0, 35), (107.0, 0, 39)]
[(32.0, 399.0, 31.5), (23.0, 407.0, 31.5), (41.0, 407.0, 31.5), (-12.0, 341.0, 17), (80.0, 345.0, 29), (19.0, 207.0, 17), (69.0, 211.0, 9), (7.0, 105.0, 17), (75.0, 108.0, 9), (-5.0, 13.0, 0), (88.0, 14.0, 0), (0, 0, 0), (82.0, 2.0, 0), (-31.0, 0, 35), (108.0, 0, 39)]
[(34.0, 399.0, 36.5), (25.0, 407.0, 36.5), (43.0, 407.0, 36.5), (-11.0, 341.0, 22), (80.0, 345.0, 29), (19.0, 207.0, 16), (69.0, 211.0, 9), (7.0, 105.0, 16), (75.0, 108.0, 9), (-6.0, 13.0, 0), (88.0, 14.0, 0), (0, 0, 0), (82.0, 2.0, 0), (-31.0, 0, 35), (108.0, 0, 39)]
[(35.0, 399.0, 47.5), (25.0, 407.0, 47.5), (44.0, 407.0, 47.5), (-11.0, 341.0, 33), (80.0, 345.0, 29), (19.0, 208.0, 16), (69.0, 211.0, 9), (7.0, 105.0, 16), (75.0, 108.0, 9), (-6.0, 13.0, 0), (88.0, 14.0, 0), (0, 0, 0), (82.0, 2.0, 0), (-31.0, 0, 35), (108.0, 0, 39)]
[(36.0, 400.0, 42.0), (27.0, 408.0, 42.0), (45.0, 408.0, 42.0), (-11.0, 342.0, 28), (80.0, 346.0, 28), (18.0, 209.0, 9), (68.0, 212.0, 9), (7.0, 106.0, 9), (75.0, 109.0, 9), (-6.0, 13.0, 0), (88.0, 15.0, 0), (0, 0, 0), (82.0, 3.0, 0), (-31.0, 0, 35), (108.0, 0, 38)]
[(35.0, 399.0, 32.0), (26.0, 408.0, 32.0), (44.0, 408.0, 32.0), (-11.0, 343.0, 18), (80.0, 346.0, 28), (18.0, 209.0, 8), (68.0, 212.0, 9), (7.0, 106.0, 8), (75.0, 109.0, 9), (-7.0, 13.0, 0), (88.0, 15.0, 0), (0, 0, 0), (82.0, 3.0, 0), (-31.0, 0, 35), (108.0, 0, 38)]
[(35.0, 399.0, 31.5), (26.0, 408.0, 31.5), (44.0, 408.0, 31.5), (-11.0, 343.0, 18), (80.0, 346.0, 27), (18.0, 209.0, 8), (67.0, 212.0, 9), (7.0, 106.0, 8), (75.0, 109.0, 9), (-7.0, 13.0, 0), (88.0, 15.0, 0), (0, 0, 0), (81.0, 3.0, 0), (-31.0, 0, 35), (109.0, 0, 37)]
[(35.0, 399.0, 24.0), (26.0, 408.0, 24.0), (44.0, 408.0, 24.0), (-11.0, 343.0, 12), (80.0, 346.0, 24), (17.0, 209.0, 0), (66.0, 213.0, 0), (7.0, 107.0, 0), (75.0, 110.0, 0), (-7.0, 13.0, 0), (88.0, 15.0, 0), (0, 0, 0), (82.0, 3.0, 0), (-31.0, 0, 35), (109.0, 0, 38)]
[(35.0, 399.0, 31.5), (25.0, 408.0, 31.5), (43.0, 408.0, 31.5), (-11.0, 343.0, 20), (80.0, 346.0, 23), (17.0, 210.0, 0), (65.0, 213.0, 0), (7.0, 107.0, 0), (74.0, 110.0, 0), (-7.0, 13.0, 0), (88.0, 15.0, 0), (0, 0, 0), (82.0, 3.0, 0), (-31.0, 0, 35), (109.0, 0, 38)]
[(32.0, 398.0, 37.5), (23.0, 408.0, 37.5), (41.0, 407.0, 37.5), (-13.0, 343.0, 19), (79.0, 346.0, 23), (16.0, 210.0, 0), (63.0, 213.0, 0), (7.0, 107.0, 0), (73.0, 110.0, 0), (-7.0, 13.0, 0), (88.0, 15.0, 0), (0, 0, 0), (82.0, 3.0, 0), (-31.0, 0, 35), (109.0, 0, 38)]
[(30.0, 398.0, 38.5), (22.0, 408.0, 38.5), (39.0, 407.0, 38.5), (-14.0, 343.0, 20), (78.0, 346.0, 23), (14.0, 210.0, 0), (62.0, 213.0, 0), (6.0, 108.0, 0), (73.0, 110.0, 0), (-7.0, 13.0, 0), (88.0, 15.0, 0), (0, 0, 0), (82.0, 3.0, 0), (-30.0, 0, 36), (109.0, 0, 38)]
[(29.0, 398.0, 35.0), (21.0, 408.0, 35.0), (38.0, 407.0, 35.0), (-14.0, 343.0, 21), (77.0, 346.0, 16), (13.0, 210.0, 0), (61.0, 212.0, 0), (6.0, 108.0, 0), (72.0, 110.0, 0), (-7.0, 13.0, 0), (88.0, 15.0, 0), (0, 0, 0), (81.0, 3.0, 0), (-30.0, 0, 36), (109.0, 0, 37)]
[(28.0, 398.0, 35.0), (20.0, 408.0, 35.0), (37.0, 407.0, 35.0), (-15.0, 343.0, 21), (76.0, 346.0, 16), (12.0, 210.0, 0), (60.0, 212.0, 0), (6.0, 108.0, 0), (72.0, 110.0, 0), (-7.0, 13.0, 0), (88.0, 15.0, 0), (0, 0, 0), (81.0, 4.0, 0), (-30.0, 0, 36), (109.0, 0, 37)]
[(27.0, 398.0, 41.0), (19.0, 408.0, 41.0), (36.0, 407.0, 41.0), (-16.0, 343.0, 27), (75.0, 346.0, 16), (11.0, 211.0, 0), (59.0, 212.0, 0), (6.0, 108.0, 0), (71.0, 110.0, 0), (-7.0, 13.0, 0), (88.0, 15.0, 0), (0, 0, 0), (81.0, 4.0, 0), (-30.0, 0, 36), (109.0, 0, 37)]
[(26.0, 399.0, 35.5), (18.0, 408.0, 35.5), (35.0, 407.0, 35.5), (-17.0, 343.0, 27), (74.0, 346.0, 17), (10.0, 211.0, 0), (59.0, 212.0, 0), (6.0, 108.0, 0), (71.0, 110.0, 0), (-7.0, 13.0, 0), (88.0, 15.0, 0), (0, 0, 0), (81.0, 4.0, 0), (-31.0, 0, 35), (109.0, 0, 37)]
[(25.0, 399.0, 34.5), (17.0, 408.0, 34.5), (34.0, 407.0, 34.5), (-18.0, 343.0, 26), (73.0, 346.0, 17), (10.0, 211.0, 0), (58.0, 212.0, 0), (5.0, 108.0, 0), (71.0, 110.0, 0), (-7.0, 13.0, 0), (88.0, 15.0, 0), (0, 0, 0), (81.0, 3.0, 0), (-31.0, 0, 35), (109.0, 0, 37)]
[(25.0, 399.0, 38.5), (17.0, 408.0, 38.5), (33.0, 407.0, 38.5), (-18.0, 343.0, 27), (73.0, 346.0, 23), (9.0, 211.0, 0), (58.0, 213.0, 0), (5.0, 108.0, 0), (71.0, 110.0, 0), (-7.0, 13.0, 0), (87.0, 15.0, 0), (0, 0, 0), (81.0, 3.0, 0), (-31.0, 0, 35), (109.0, 0, 37)]
[(25.0, 399.0, 37.5), (17.0, 408.0, 37.5), (33.0, 407.0, 37.5), (-19.0, 343.0, 26), (73.0, 346.0, 23), (9.0, 211.0, 0), (58.0, 213.0, 0), (5.0, 108.0, 0), (71.0, 110.0, 0), (-6.0, 13.0, 0), (87.0, 15.0, 0), (0, 0, 0), (81.0, 3.0, 0), (-31.0, 0, 35), (109.0, 0, 37)]
[(24.0, 399.0, 38.0), (16.0, 408.0, 38.0), (33.0, 407.0, 38.0), (-19.0, 343.0, 26), (72.0, 346.0, 24), (9.0, 211.0, 0), (58.0, 213.0, 0), (5.0, 108.0, 0), (71.0, 110.0, 0), (-6.0, 13.0, 0), (87.0, 15.0, 0), (0, 0, 0), (81.0, 3.0, 0), (-31.0, 0, 35), (109.0, 0, 37)]
[(24.0, 399.0, 37.0), (16.0, 408.0, 37.0), (32.0, 407.0, 37.0), (-20.0, 343.0, 25), (72.0, 346.0, 24), (9.0, 211.0, 0), (58.0, 213.0, 0), (5.0, 108.0, 0), (70.0, 110.0, 0), (-6.0, 13.0, 0), (87.0, 15.0, 0), (0, 0, 0), (81.0, 3.0, 0), (-31.0, 0, 35), (109.0, 0, 37)]
[(23.0, 399.0, 37.0), (16.0, 408.0, 37.0), (32.0, 407.0, 37.0), (-20.0, 343.0, 25), (72.0, 346.0, 24), (9.0, 211.0, 0), (58.0, 213.0, 0), (5.0, 108.0, 0), (70.0, 110.0, 0), (-6.0, 13.0, 0), (87.0, 15.0, 0), (0, 0, 0), (81.0, 3.0, 0), (-31.0, 0, 35), (109.0, 0, 37)]
[(23.0, 399.0, 37.0), (16.0, 408.0, 37.0), (32.0, 407.0, 37.0), (-20.0, 343.0, 25), (72.0, 346.0, 24), (9.0, 211.0, 0), (58.0, 213.0, 0), (5.0, 108.0, 0), (70.0, 110.0, 0), (-6.0, 13.0, 0), (87.0, 15.0, 0), (0, 0, 0), (81.0, 3.0, 0), (-31.0, 0, 35), (109.0, 0, 37)]
[(23.0, 399.0, 28.0), (16.0, 408.0, 28.0), (32.0, 407.0, 28.0), (-20.0, 343.0, 19), (72.0, 347.0, 18), (9.0, 210.0, 0), (58.0, 213.0, 0), (5.0, 108.0, 0), (70.0, 110.0, 0), (-6.0, 13.0, 0), (87.0, 15.0, 0), (0, 0, 0), (81.0, 3.0, 0), (-31.0, 0, 35), (109.0, 0, 37)]
[(23.0, 399.0, 30.0), (16.0, 408.0, 30.0), (32.0, 407.0, 30.0), (-19.0, 345.0, 12), (72.0, 347.0, 18), (9.0, 211.0, 0), (58.0, 213.0, 0), (4.0, 108.0, 0), (70.0, 110.0, 0), (-6.0, 13.0, 0), (87.0, 15.0, 0), (0, 0, 0), (81.0, 3.0, 0), (-31.0, 0, 35), (109.0, 0, 37)]
[(24.0, 399.0, 20.5), (16.0, 408.0, 20.5), (33.0, 407.0, 20.5), (-18.0, 348.0, 0), (72.0, 348.0, 7), (9.0, 212.0, 0), (58.0, 213.0, 0), (2.0, 108.0, 0), (71.0, 110.0, 0), (-6.0, 13.0, 0), (87.0, 15.0, 0), (0, 0, 0), (81.0, 3.0, 0), (-31.0, 0, 35), (109.0, 0, 37)]
[(24.0, 399.0, 23.5), (16.0, 407.0, 23.5), (33.0, 407.0, 23.5), (-18.0, 349.0, 0), (72.0, 349.0, 7), (9.0, 213.0, 0), (58.0, 214.0, 0), (2.0, 108.0, 0), (72.0, 110.0, 0), (-6.0, 13.0, 0), (87.0, 15.0, 0), (0, 0, 0), (81.0, 3.0, 0), (-31.0, 0, 35), (109.0, 0, 37)]
[(27.0, 393.0, 56.0), (18.0, 402.0, 56.0), (35.0, 401.0, 56.0), (-18.0, 347.0, 15), (72.0, 345.0, 30), (8.0, 207.0, 15), (58.0, 211.0, 12), (-3.0, 106.0, 15), (77.0, 108.0, 12), (-7.0, 13.0, 0), (87.0, 14.0, 0), (0, 0, 0), (80.0, 2.0, 0), (-32.0, 0, 34), (108.0, 0, 37)]
[(29.0, 381.0, 45.0), (20.0, 390.0, 45.0), (35.0, 390.0, 45.0), (-17.0, 340.0, -3), (72.0, 335.0, 34), (8.0, 199.0, -3), (58.0, 204.0, 1), (-7.0, 104.0, 25), (81.0, 107.0, 14), (-7.0, 13.0, 0), (87.0, 13.0, 0), (0, 0, 0), (80.0, 2.0, 0), (-32.0, 0, 34), (108.0, 0, 37)]
[(29.0, 364.0, 51.0), (20.0, 373.0, 51.0), (36.0, 372.0, 51.0), (-14.0, 328.0, -5), (73.0, 321.0, 40), (8.0, 192.0, -5), (58.0, 194.0, -6), (-12.0, 101.0, 31), (87.0, 104.0, 28), (-7.0, 12.0, 0), (87.0, 13.0, 0), (0, 0, 0), (79.0, 1.0, 0), (-33.0, 0, 33), (108.0, 0, 36)]
[(29.0, 359.0, 69.5), (20.0, 368.0, 69.5), (36.0, 368.0, 69.5), (-13.0, 325.0, 10), (73.0, 319.0, 41), (8.0, 190.0, -5), (58.0, 192.0, -5), (-13.0, 100.0, 33), (88.0, 103.0, 31), (-8.0, 12.0, 0), (87.0, 13.0, 0), (0, 0, 0), (79.0, 1.0, 0), (-33.0, 0, 33), (108.0, 0, 36)]
[(31.0, 315.0, 108.0), (22.0, 325.0, 108.0), (38.0, 325.0, 108.0), (-9.0, 294.0, 37), (73.0, 288.0, 46), (8.0, 168.0, -15), (59.0, 170.0, -20), (-16.0, 93.0, 47), (94.0, 98.0, 40), (-8.0, 12.0, 0), (87.0, 12.0, 0), (0, 0, 0), (79.0, 1.0, 0), (-34.0, 0, 32), (108.0, 0, 36)]
[(35.0, 293.0, 113.5), (26.0, 302.0, 113.5), (41.0, 302.0, 113.5), (-7.0, 274.0, 41), (73.0, 272.0, 45), (10.0, 154.0, -23), (60.0, 155.0, -22), (-18.0, 91.0, 49), (98.0, 93.0, 47), (-8.0, 11.0, 0), (87.0, 11.0, 0), (0, 0, 0), (79.0, 0.0, 0), (-33.0, 0, 33), (108.0, 0, 36)]
[(35.0, 271.0, 129.5), (26.0, 281.0, 129.5), (42.0, 281.0, 129.5), (-5.0, 256.0, 54), (73.0, 256.0, 49), (11.0, 142.0, -21), (61.0, 143.0, -25), (-20.0, 86.0, 56), (100.0, 90.0, 51), (-8.0, 11.0, 0), (87.0, 11.0, 0), (0, 0, 0), (79.0, -1.0, 0), (-33.0, 0, 33), (109.0, 0, 36)]
[(34.0, 273.0, 132.0), (26.0, 282.0, 132.0), (42.0, 281.0, 132.0), (-4.0, 255.0, 54), (74.0, 253.0, 56), (12.0, 142.0, -22), (61.0, 143.0, -22), (-22.0, 87.0, 54), (100.0, 89.0, 53), (-8.0, 11.0, 0), (87.0, 11.0, 0), (0, 0, 0), (79.0, -2.0, 0), (-32.0, 0, 34), (109.0, 0, 36)]
[(34.0, 239.0, 141.0), (26.0, 247.0, 141.0), (42.0, 249.0, 141.0), (-2.0, 223.0, 61), (75.0, 221.0, 58), (13.0, 124.0, -33), (62.0, 124.0, -36), (-24.0, 88.0, 52), (102.0, 90.0, 49), (-8.0, 11.0, 0), (87.0, 10.0, 0), (0, 0, 0), (79.0, -3.0, 0), (-32.0, 0, 34), (109.0, 0, 35)]
[(34.0, 226.0, 138.0), (26.0, 234.0, 138.0), (42.0, 236.0, 138.0), (-3.0, 211.0, 58), (75.0, 210.0, 58), (15.0, 115.0, -38), (62.0, 116.0, -39), (-27.0, 89.0, 49), (104.0, 92.0, 49), (-8.0, 11.0, 0), (87.0, 12.0, 0), (0, 0, 0), (79.0, -1.0, 0), (-32.0, 0, 34), (108.0, 0, 36)]
[(35.0, 212.0, 138.5), (27.0, 221.0, 138.5), (43.0, 222.0, 138.5), (-4.0, 198.0, 60), (75.0, 197.0, 53), (15.0, 104.0, -38), (62.0, 104.0, -45), (-29.0, 88.0, 50), (104.0, 93.0, 45), (-8.0, 10.0, 2), (87.0, 11.0, 0), (0, 0, 0), (79.0, -1.0, 0), (-31.0, 0, 35), (108.0, 0, 36)]
[(36.0, 214.0, 136.5), (27.0, 223.0, 136.5), (43.0, 224.0, 136.5), (-4.0, 197.0, 60), (76.0, 197.0, 51), (15.0, 103.0, -38), (63.0, 102.0, -45), (-30.0, 88.0, 50), (105.0, 93.0, 45), (-8.0, 10.0, 2), (87.0, 11.0, 0), (0, 0, 0), (79.0, -1.0, 0), (-31.0, 0, 35), (108.0, 0, 36)]
[(36.0, 205.0, 133.0), (27.0, 215.0, 133.0), (44.0, 216.0, 133.0), (-4.0, 189.0, 59), (76.0, 191.0, 46), (17.0, 95.0, -39), (63.0, 94.0, -48), (-32.0, 89.0, 48), (105.0, 95.0, 43), (-9.0, 11.0, 0), (87.0, 12.0, 0), (0, 0, 0), (79.0, 0.0, 0), (-31.0, 0, 35), (107.0, 0, 37)]
[(36.0, 205.0, 135.5), (27.0, 214.0, 135.5), (44.0, 215.0, 135.5), (-4.0, 189.0, 60), (77.0, 189.0, 49), (17.0, 96.0, -39), (64.0, 94.0, -47), (-33.0, 89.0, 47), (106.0, 95.0, 44), (-9.0, 11.0, 0), (87.0, 13.0, 0), (0, 0, 0), (79.0, 1.0, 0), (-30.0, 0, 36), (107.0, 0, 37)]
[(36.0, 195.0, 135.0), (27.0, 205.0, 135.0), (44.0, 206.0, 135.0), (-3.0, 181.0, 59), (77.0, 182.0, 48), (16.0, 86.0, -38), (64.0, 85.0, -46), (-35.0, 88.0, 48), (107.0, 95.0, 44), (-9.0, 11.0, 0), (87.0, 13.0, 0), (0, 0, 0), (79.0, 1.0, 0), (-30.0, 0, 36), (107.0, 0, 37)]
[(36.0, 198.0, 137.5), (27.0, 207.0, 137.5), (44.0, 208.0, 137.5), (-3.0, 183.0, 61), (76.0, 183.0, 51), (15.0, 90.0, -38), (62.0, 90.0, -47), (-35.0, 88.0, 48), (107.0, 95.0, 42), (-9.0, 11.0, 0), (87.0, 12.0, 0), (0, 0, 0), (79.0, 1.0, 0), (-30.0, 0, 36), (107.0, 0, 37)]
[(36.0, 198.0, 138.0), (27.0, 207.0, 138.0), (44.0, 208.0, 138.0), (-4.0, 183.0, 61), (76.0, 182.0, 52), (15.0, 91.0, -39), (62.0, 90.0, -47), (-34.0, 88.0, 48), (107.0, 95.0, 42), (-9.0, 11.0, 0), (87.0, 12.0, 0), (0, 0, 0), (79.0, 1.0, 0), (-30.0, 0, 36), (107.0, 0, 37)]
[(36.0, 203.0, 139.0), (27.0, 212.0, 139.0), (44.0, 212.0, 139.0), (-4.0, 189.0, 61), (75.0, 189.0, 52), (14.0, 97.0, -39), (61.0, 97.0, -47), (-34.0, 88.0, 48), (107.0, 95.0, 42), (-9.0, 11.0, 0), (87.0, 12.0, 0), (0, 0, 0), (79.0, 1.0, 0), (-30.0, 0, 36), (107.0, 0, 37)]
[(35.0, 216.0, 146.0), (27.0, 225.0, 146.0), (42.0, 227.0, 146.0), (-4.0, 206.0, 64), (74.0, 208.0, 58), (14.0, 115.0, -37), (61.0, 117.0, -42), (-31.0, 89.0, 48), (106.0, 94.0, 44), (-9.0, 11.0, 0), (87.0, 12.0, 0), (0, 0, 0), (79.0, 1.0, 0), (-30.0, 0, 36), (108.0, 0, 36)]
[(35.0, 241.0, 147.5), (27.0, 251.0, 147.5), (42.0, 252.0, 147.5), (-4.0, 226.0, 64), (73.0, 226.0, 65), (12.0, 129.0, -32), (60.0, 132.0, -32), (-27.0, 89.0, 51), (104.0, 93.0, 49), (-9.0, 12.0, 0), (87.0, 13.0, 0), (0, 0, 0), (79.0, 1.0, 0), (-30.0, 0, 36), (109.0, 0, 36)]
[(35.0, 241.0, 149.5), (27.0, 250.0, 149.5), (42.0, 251.0, 149.5), (-4.0, 229.0, 65), (72.0, 227.0, 65), (12.0, 132.0, -31), (59.0, 133.0, -32), (-26.0, 89.0, 51), (103.0, 93.0, 49), (-9.0, 12.0, 0), (87.0, 13.0, 0), (0, 0, 0), (79.0, 1.0, 0), (-30.0, 0, 36), (109.0, 0, 36)]
[(35.0, 262.0, 147.0), (27.0, 272.0, 147.0), (42.0, 272.0, 147.0), (-4.0, 246.0, 63), (71.0, 246.0, 66), (12.0, 143.0, -26), (59.0, 146.0, -25), (-23.0, 90.0, 51), (100.0, 93.0, 50), (-9.0, 12.0, 0), (87.0, 13.0, 0), (0, 0, 0), (79.0, 2.0, 0), (-30.0, 0, 36), (110.0, 0, 35)]
[(34.0, 261.0, 147.0), (26.0, 271.0, 147.0), (42.0, 271.0, 147.0), (-4.0, 245.0, 62), (70.0, 245.0, 68), (12.0, 144.0, -29), (60.0, 146.0, -24), (-23.0, 91.0, 48), (100.0, 92.0, 50), (-9.0, 11.0, 0), (87.0, 12.0, 0), (0, 0, 0), (79.0, 1.0, 0), (-30.0, 0, 36), (110.0, 0, 35)]
[(33.0, 282.0, 134.5), (25.0, 292.0, 134.5), (41.0, 291.0, 134.5), (-5.0, 268.0, 54), (70.0, 267.0, 57), (12.0, 157.0, -25), (60.0, 158.0, -23), (-21.0, 94.0, 45), (98.0, 95.0, 45), (-9.0, 12.0, 0), (87.0, 12.0, 0), (0, 0, 0), (80.0, 1.0, 0), (-30.0, 0, 36), (109.0, 0, 36)]
[(32.0, 337.0, 102.5), (24.0, 346.0, 102.5), (41.0, 346.0, 102.5), (-9.0, 308.0, 33), (72.0, 302.0, 53), (12.0, 189.0, -32), (61.0, 190.0, -23), (-12.0, 104.0, 15), (92.0, 105.0, 20), (-8.0, 11.0, 0), (88.0, 12.0, 0), (0, 0, 0), (81.0, 0.0, 0), (-29.0, 0, 36), (110.0, 0, 36)]
[(31.0, 361.0, 119.5), (23.0, 370.0, 119.5), (39.0, 369.0, 119.5), (-12.0, 329.0, 48), (73.0, 323.0, 61), (12.0, 201.0, 4), (60.0, 203.0, -1), (-6.0, 104.0, 21), (85.0, 107.0, 15), (-8.0, 12.0, 0), (88.0, 13.0, 0), (0, 0, 0), (81.0, 0.0, 0), (-29.0, 0, 36), (110.0, 0, 36)]