[(41.0, 350.0, 63.0), (32.0, 358.0, 63.0), (49.0, 359.0, 63.0), (-1.0, 309.0, 13), (78.0, 305.0, 38), (10.0, 183.0, -30), (61.0, 184.0, -23), (-5.0, 94.0, 0), (69.0, 94.0, 2), (-7.0, 15.0, 0), (68.0, 14.0, 2), (0, 0, 0), (62.0, 4.0, 0), (-33.0, 0, 29), (77.0, 0, 41)]
[(41.0, 356.0, 60.0), (31.0, 364.0, 60.0), (48.0, 365.0, 60.0), (-3.0, 312.0, 15), (78.0, 308.0, 38), (9.0, 185.0, -24), (60.0, 185.0, -18), (-5.0, 94.0, 0), (69.0, 94.0, 2), (-8.0, 15.0, 0), (67.0, 14.0, 2), (0, 0, 0), (61.0, 4.0, 0), (-34.0, 0, 28), (78.0, 0, 40)]
[(40.0, 362.0, 40.5), (31.0, 369.0, 40.5), (48.0, 370.0, 40.5), (-3.0, 316.0, 1), (78.0, 314.0, 31), (11.0, 187.0, -31), (60.0, 189.0, -21), (-2.0, 98.0, 0), (68.0, 98.0, 0), (-8.0, 16.0, 0), (67.0, 17.0, 0), (0, 0, 0), (61.0, 6.0, 0), (-37.0, 0, 24), (78.0, 0, 40)]
[(41.0, 365.0, 23.5), (31.0, 372.0, 23.5), (48.0, 373.0, 23.5), (-3.0, 318.0, -9), (79.0, 316.0, 21), (11.0, 187.0, -31), (60.0, 189.0, -25), (-2.0, 98.0, 0), (68.0, 99.0, 0), (-8.0, 16.0, 0), (67.0, 18.0, 0), (0, 0, 0), (61.0, 6.0, 0), (-40.0, 0, 18), (79.0, 0, 40)]
[(41.0, 367.0, 17.5), (31.0, 374.0, 17.5), (48.0, 375.0, 17.5), (-3.0, 319.0, -9), (79.0, 317.0, 13), (11.0, 188.0, -31), (60.0, 189.0, -31), (-1.0, 99.0, 0), (68.0, 101.0, 0), (-8.0, 17.0, 0), (67.0, 19.0, 0), (0, 0, 0), (60.0, 6.0, 0), (-40.0, 0, 18), (79.0, 0, 39)]
[(41.0, 369.0, 19.5), (32.0, 376.0, 19.5), (49.0, 377.0, 19.5), (-3.0, 320.0, -6), (79.0, 319.0, 13), (11.0, 189.0, -28), (60.0, 190.0, -28), (-1.0, 99.0, 0), (68.0, 101.0, 0), (-8.0, 17.0, 0), (66.0, 19.0, 0), (0, 0, 0), (60.0, 6.0, 0), (-40.0, 0, 18), (79.0, 0, 39)]
[(42.0, 368.0, 27.5), (32.0, 376.0, 27.5), (49.0, 377.0, 27.5), (-3.0, 320.0, 0), (79.0, 319.0, 13), (11.0, 191.0, -32), (60.0, 191.0, -31), (-0.0, 102.0, 0), (68.0, 103.0, 0), (-8.0, 18.0, 0), (66.0, 21.0, 0), (0, 0, 0), (60.0, 8.0, 0), (-39.0, 0, 20), (79.0, 0, 39)]
[(43.0, 369.0, 32.5), (33.0, 376.0, 32.5), (50.0, 377.0, 32.5), (-3.0, 320.0, 7), (79.0, 319.0, 15), (12.0, 192.0, -28), (60.0, 192.0, -31), (-1.0, 102.0, 0), (67.0, 104.0, 0), (-8.0, 18.0, 0), (66.0, 21.0, 0), (0, 0, 0), (60.0, 8.0, 0), (-40.0, 0, 18), (79.0, 0, 39)]
[(44.0, 370.0, 22.5), (34.0, 376.0, 22.5), (51.0, 378.0, 22.5), (-2.0, 319.0, 4), (80.0, 319.0, 9), (13.0, 191.0, -31), (59.0, 191.0, -34), (-0.0, 102.0, 0), (67.0, 104.0, 0), (-8.0, 19.0, 0), (66.0, 21.0, 0), (0, 0, 0), (59.0, 8.0, 0), (-40.0, 0, 18), (80.0, 0, 38)]
[(44.0, 367.0, 28.5), (34.0, 374.0, 28.5), (51.0, 375.0, 28.5), (-2.0, 317.0, 4), (80.0, 317.0, 15), (13.0, 189.0, -31), (59.0, 190.0, -31), (1.0, 100.0, 0), (67.0, 102.0, 0), (-8.0, 18.0, 0), (67.0, 20.0, 0), (0, 0, 0), (59.0, 7.0, 0), (-40.0, 0, 18), (80.0, 0, 38)]
[(44.0, 366.0, 39.5), (34.0, 373.0, 39.5), (51.0, 374.0, 39.5), (-1.0, 317.0, 11), (80.0, 317.0, 17), (14.0, 191.0, -31), (59.0, 192.0, -34), (1.0, 102.0, 0), (67.0, 105.0, 0), (-8.0, 18.0, 0), (67.0, 20.0, 0), (0, 0, 0), (60.0, 7.0, 0), (-42.0, 0, 14), (80.0, 0, 38)]
[(44.0, 364.0, 46.5), (35.0, 372.0, 46.5), (51.0, 373.0, 46.5), (-0.0, 316.0, 16), (81.0, 317.0, 15), (15.0, 192.0, -31), (60.0, 192.0, -36), (2.0, 103.0, 0), (68.0, 106.0, 0), (-7.0, 18.0, 0), (68.0, 20.0, 0), (0, 0, 0), (61.0, 7.0, 0), (-41.0, 0, 16), (81.0, 0, 38)]
[(44.0, 364.0, 37.0), (35.0, 371.0, 37.0), (51.0, 372.0, 37.0), (-0.0, 316.0, 8), (81.0, 317.0, 12), (15.0, 191.0, -36), (59.0, 192.0, -38), (2.0, 104.0, 0), (67.0, 107.0, 0), (-7.0, 18.0, 0), (68.0, 20.0, 0), (0, 0, 0), (61.0, 7.0, 0), (-41.0, 0, 16), (80.0, 0, 39)]
[(44.0, 364.0, 38.0), (35.0, 372.0, 38.0), (51.0, 373.0, 38.0), (-1.0, 316.0, 10), (81.0, 317.0, 10), (15.0, 191.0, -34), (59.0, 191.0, -38), (2.0, 103.0, 0), (66.0, 106.0, 0), (-7.0, 18.0, 0), (68.0, 20.0, 0), (0, 0, 0), (61.0, 7.0, 0), (-42.0, 0, 14), (78.0, 0, 40)]
[(43.0, 365.0, 32.0), (34.0, 372.0, 32.0), (50.0, 373.0, 32.0), (-2.0, 315.0, 8), (80.0, 316.0, 12), (13.0, 190.0, -36), (58.0, 191.0, -38), (1.0, 103.0, 0), (65.0, 106.0, 0), (-8.0, 18.0, 0), (67.0, 18.0, 0), (0, 0, 0), (59.0, 7.0, 0), (-43.0, 0, 10), (76.0, 0, 40)]
[(42.0, 364.0, 34.5), (34.0, 372.0, 34.5), (50.0, 373.0, 34.5), (-2.0, 315.0, 8), (80.0, 317.0, 9), (13.0, 190.0, -36), (57.0, 191.0, -38), (1.0, 103.0, 0), (64.0, 106.0, 0), (-8.0, 18.0, 0), (67.0, 18.0, 0), (0, 0, 0), (60.0, 7.0, 0), (-45.0, 0, 0), (76.0, 0, 40)]
[(42.0, 364.0, 37.5), (34.0, 372.0, 37.5), (50.0, 373.0, 37.5), (-2.0, 315.0, 11), (80.0, 317.0, 9), (13.0, 191.0, -36), (57.0, 191.0, -38), (1.0, 104.0, 0), (64.0, 106.0, 0), (-8.0, 18.0, 0), (67.0, 18.0, 0), (0, 0, 0), (60.0, 7.0, 0), (-44.0, 0, 4), (75.0, 0, 41)]
[(42.0, 366.0, 29.5), (34.0, 373.0, 29.5), (50.0, 374.0, 29.5), (-2.0, 315.0, 8), (80.0, 316.0, 11), (13.0, 190.0, -36), (57.0, 191.0, -39), (-0.0, 103.0, 0), (63.0, 106.0, 0), (-8.0, 18.0, 0), (67.0, 17.0, 0), (0, 0, 0), (60.0, 6.0, 0), (-45.0, 0, 0), (75.0, 0, 41)]
[(42.0, 366.0, 28.0), (34.0, 373.0, 28.0), (50.0, 374.0, 28.0), (-2.0, 314.0, 11), (80.0, 316.0, 6), (13.0, 190.0, -36), (57.0, 190.0, -41), (-0.0, 103.0, 0), (63.0, 106.0, 0), (-8.0, 18.0, 0), (67.0, 17.0, 0), (0, 0, 0), (61.0, 6.0, 0), (-45.0, 0, 0), (75.0, 0, 41)]
[(42.0, 365.0, 31.0), (34.0, 373.0, 31.0), (50.0, 374.0, 31.0), (-2.0, 314.0, 11), (80.0, 316.0, 6), (13.0, 190.0, -36), (57.0, 190.0, -41), (-0.0, 103.0, 0), (63.0, 106.0, 0), (-8.0, 18.0, 0), (67.0, 17.0, 0), (0, 0, 0), (61.0, 6.0, 0), (-45.0, 0, 0), (75.0, 0, 41)]
[(42.0, 365.0, 33.5), (34.0, 373.0, 33.5), (50.0, 374.0, 33.5), (-2.0, 314.0, 11), (80.0, 316.0, 11), (13.0, 190.0, -36), (57.0, 190.0, -36), (-0.0, 103.0, 0), (63.0, 105.0, 3), (-8.0, 17.0, 0), (67.0, 17.0, 3), (0, 0, 0), (64.0, 6.0, 0), (-45.0, 0, 0), (75.0, 0, 42)]
[(43.0, 366.0, 39.0), (35.0, 374.0, 39.0), (51.0, 375.0, 39.0), (-1.0, 315.0, 13), (81.0, 317.0, 18), (13.0, 191.0, -34), (58.0, 191.0, -29), (1.0, 103.0, 0), (64.0, 104.0, 5), (-8.0, 18.0, 0), (68.0, 16.0, 5), (0, 0, 0), (65.0, 6.0, 0), (-44.0, 0, 4), (75.0, 0, 42)]
[(43.0, 366.0, 39.0), (35.0, 375.0, 39.0), (51.0, 375.0, 39.0), (-0.0, 315.0, 12), (81.0, 318.0, 16), (13.0, 191.0, -36), (58.0, 191.0, -29), (1.0, 104.0, 0), (64.0, 104.0, 5), (-8.0, 18.0, 0), (68.0, 16.0, 5), (0, 0, 0), (65.0, 6.0, 0), (-45.0, 0, 0), (74.0, 0, 42)]
[(42.0, 367.0, 39.5), (34.0, 375.0, 39.5), (50.0, 375.0, 39.5), (-0.0, 315.0, 12), (81.0, 318.0, 23), (13.0, 191.0, -36), (58.0, 192.0, -24), (1.0, 104.0, 0), (64.0, 104.0, 7), (-8.0, 18.0, 0), (68.0, 16.0, 7), (0, 0, 0), (66.0, 7.0, 0), (-45.0, 0, 0), (73.0, 0, 43)]
[(40.0, 369.0, 34.5), (33.0, 377.0, 34.5), (50.0, 377.0, 34.5), (-1.0, 316.0, 11), (81.0, 319.0, 21), (13.0, 192.0, -36), (58.0, 193.0, -26), (1.0, 105.0, 0), (63.0, 105.0, 6), (-8.0, 19.0, 0), (68.0, 17.0, 6), (0, 0, 0), (66.0, 7.0, 0), (-45.0, 0, 0), (73.0, 0, 43)]
[(41.0, 369.0, 36.0), (33.0, 377.0, 36.0), (50.0, 377.0, 36.0), (-1.0, 315.0, 14), (81.0, 319.0, 24), (13.0, 192.0, -36), (58.0, 193.0, -23), (1.0, 105.0, 0), (63.0, 104.0, 6), (-8.0, 19.0, 0), (68.0, 17.0, 6), (0, 0, 0), (66.0, 7.0, 0), (-43.0, 0, 10), (73.0, 0, 43)]
[(40.0, 368.0, 37.5), (33.0, 376.0, 37.5), (49.0, 376.0, 37.5), (-1.0, 313.0, 18), (81.0, 318.0, 23), (13.0, 191.0, -34), (58.0, 191.0, -22), (1.0, 103.0, 0), (63.0, 102.0, 7), (-7.0, 18.0, 0), (68.0, 16.0, 7), (0, 0, 0), (66.0, 7.0, 0), (-42.0, 0, 14), (73.0, 0, 43)]
[(40.0, 368.0, 38.0), (33.0, 376.0, 38.0), (49.0, 376.0, 38.0), (-2.0, 313.0, 18), (81.0, 318.0, 24), (13.0, 191.0, -34), (58.0, 191.0, -21), (1.0, 103.0, 0), (64.0, 102.0, 7), (-7.0, 18.0, 0), (68.0, 16.0, 7), (0, 0, 0), (66.0, 7.0, 0), (-40.0, 0, 18), (73.0, 0, 43)]
[(40.0, 368.0, 38.0), (33.0, 376.0, 38.0), (49.0, 376.0, 38.0), (-3.0, 314.0, 16), (80.0, 318.0, 24), (12.0, 191.0, -34), (58.0, 191.0, -21), (1.0, 103.0, 0), (64.0, 102.0, 7), (-7.0, 17.0, 0), (68.0, 16.0, 7), (0, 0, 0), (65.0, 7.0, 0), (-39.0, 0, 20), (74.0, 0, 42)]
[(39.0, 369.0, 45.5), (32.0, 378.0, 45.5), (49.0, 378.0, 45.5), (-3.0, 314.0, 26), (80.0, 319.0, 23), (11.0, 193.0, -29), (57.0, 192.0, -22), (-0.0, 103.0, 0), (65.0, 103.0, 6), (-7.0, 18.0, 0), (69.0, 17.0, 6), (0, 0, 0), (65.0, 8.0, 0), (-39.0, 0, 20), (75.0, 0, 42)]
[(38.0, 370.0, 37.0), (31.0, 378.0, 37.0), (47.0, 378.0, 37.0), (-4.0, 314.0, 26), (79.0, 319.0, 22), (9.0, 193.0, -29), (56.0, 192.0, -23), (-2.0, 103.0, 0), (65.0, 103.0, 5), (-8.0, 18.0, 0), (68.0, 17.0, 5), (0, 0, 0), (64.0, 7.0, 0), (-39.0, 0, 20), (75.0, 0, 42)]
[(39.0, 370.0, 41.0), (32.0, 378.0, 41.0), (48.0, 378.0, 41.0), (-4.0, 315.0, 24), (80.0, 319.0, 28), (9.0, 193.0, -29), (57.0, 193.0, -19), (-2.0, 103.0, 0), (67.0, 103.0, 5), (-7.0, 18.0, 0), (69.0, 17.0, 5), (0, 0, 0), (65.0, 7.0, 0), (-36.0, 0, 25), (77.0, 0, 42)]
[(38.0, 370.0, 50.5), (31.0, 378.0, 50.5), (47.0, 378.0, 50.5), (-5.0, 315.0, 31), (79.0, 319.0, 33), (8.0, 194.0, -24), (55.0, 193.0, -14), (-5.0, 103.0, 0), (66.0, 102.0, 5), (-8.0, 17.0, 0), (68.0, 17.0, 5), (0, 0, 0), (64.0, 7.0, 0), (-37.0, 0, 24), (77.0, 0, 41)]
[(37.0, 370.0, 50.5), (31.0, 378.0, 50.5), (46.0, 378.0, 50.5), (-4.0, 315.0, 31), (79.0, 319.0, 33), (8.0, 194.0, -24), (56.0, 193.0, -14), (-5.0, 103.0, 0), (67.0, 102.0, 5), (-7.0, 17.0, 0), (69.0, 17.0, 5), (0, 0, 0), (65.0, 7.0, 0), (-34.0, 0, 28), (78.0, 0, 41)]
[(36.0, 371.0, 48.5), (30.0, 379.0, 48.5), (45.0, 379.0, 48.5), (-4.0, 316.0, 32), (79.0, 319.0, 33), (8.0, 194.0, -21), (56.0, 193.0, -14), (-5.0, 102.0, 0), (67.0, 102.0, 5), (-7.0, 17.0, 0), (69.0, 17.0, 5), (0, 0, 0), (65.0, 7.0, 0), (-35.0, 0, 27), (78.0, 0, 41)]
[(35.0, 370.0, 59.0), (28.0, 378.0, 59.0), (44.0, 378.0, 59.0), (-5.0, 315.0, 40), (79.0, 319.0, 32), (8.0, 194.0, -15), (56.0, 192.0, -13), (-6.0, 101.0, 0), (67.0, 101.0, 6), (-7.0, 16.0, 0), (69.0, 15.0, 6), (0, 0, 0), (64.0, 6.0, 0), (-34.0, 0, 28), (78.0, 0, 41)]
[(34.0, 372.0, 51.5), (27.0, 379.0, 51.5), (42.0, 379.0, 51.5), (-5.0, 315.0, 33), (78.0, 319.0, 37), (8.0, 193.0, -20), (56.0, 193.0, -11), (-6.0, 101.0, 0), (66.0, 101.0, 4), (-7.0, 15.0, 0), (68.0, 15.0, 4), (0, 0, 0), (63.0, 5.0, 0), (-33.0, 0, 29), (78.0, 0, 41)]
[(33.0, 372.0, 53.5), (26.0, 379.0, 53.5), (42.0, 380.0, 53.5), (-6.0, 315.0, 36), (77.0, 319.0, 35), (8.0, 192.0, -14), (56.0, 192.0, -11), (-7.0, 99.0, 0), (66.0, 100.0, 4), (-7.0, 15.0, 0), (68.0, 15.0, 4), (0, 0, 0), (63.0, 5.0, 0), (-33.0, 0, 29), (78.0, 0, 41)]
[(33.0, 372.0, 52.0), (25.0, 379.0, 52.0), (41.0, 380.0, 52.0), (-6.0, 315.0, 36), (76.0, 320.0, 32), (8.0, 192.0, -14), (56.0, 192.0, -11), (-7.0, 99.0, 0), (66.0, 100.0, 4), (-7.0, 15.0, 0), (68.0, 15.0, 4), (0, 0, 0), (63.0, 5.0, 0), (-33.0, 0, 29), (78.0, 0, 41)]
[(31.0, 373.0, 40.5), (23.0, 380.0, 40.5), (39.0, 381.0, 40.5), (-7.0, 316.0, 26), (75.0, 321.0, 29), (7.0, 191.0, -19), (55.0, 192.0, -11), (-8.0, 99.0, 0), (65.0, 100.0, 4), (-8.0, 15.0, 0), (67.0, 16.0, 4), (0, 0, 0), (62.0, 6.0, 0), (-34.0, 0, 28), (77.0, 0, 41)]
[(31.0, 373.0, 50.5), (23.0, 380.0, 50.5), (39.0, 381.0, 50.5), (-9.0, 317.0, 30), (74.0, 321.0, 41), (7.0, 192.0, -14), (55.0, 193.0, -3), (-8.0, 99.0, 0), (64.0, 100.0, 4), (-8.0, 15.0, 0), (67.0, 16.0, 4), (0, 0, 0), (62.0, 6.0, 0), (-34.0, 0, 28), (77.0, 0, 41)]
[(31.0, 373.0, 62.0), (23.0, 381.0, 62.0), (39.0, 381.0, 62.0), (-9.0, 317.0, 41), (74.0, 321.0, 42), (7.0, 192.0, -3), (55.0, 193.0, -2), (-8.0, 98.0, 0), (65.0, 100.0, 4), (-9.0, 14.0, 0), (66.0, 16.0, 4), (0, 0, 0), (61.0, 6.0, 0), (-34.0, 0, 28), (77.0, 0, 40)]
[(31.0, 374.0, 59.0), (22.0, 381.0, 59.0), (39.0, 382.0, 59.0), (-10.0, 318.0, 38), (74.0, 321.0, 42), (7.0, 192.0, -3), (55.0, 193.0, -2), (-8.0, 98.0, 0), (65.0, 100.0, 4), (-9.0, 14.0, 0), (66.0, 16.0, 4), (0, 0, 0), (61.0, 6.0, 0), (-34.0, 0, 28), (77.0, 0, 40)]
[(30.0, 374.0, 53.5), (22.0, 381.0, 53.5), (39.0, 382.0, 53.5), (-10.0, 318.0, 32), (74.0, 321.0, 43), (6.0, 191.0, -6), (55.0, 192.0, 2), (-8.0, 97.0, 0), (66.0, 99.0, 6), (-9.0, 14.0, 0), (66.0, 15.0, 6), (0, 0, 0), (61.0, 6.0, 0), (-34.0, 0, 28), (77.0, 0, 40)]
[(30.0, 374.0, 55.5), (21.0, 382.0, 55.5), (38.0, 382.0, 55.5), (-11.0, 318.0, 34), (74.0, 321.0, 43), (6.0, 190.0, 0), (55.0, 191.0, 6), (-8.0, 95.0, 0), (66.0, 97.0, 6), (-9.0, 13.0, 0), (66.0, 15.0, 6), (0, 0, 0), (61.0, 6.0, 0), (-32.0, 0, 30), (77.0, 0, 40)]
[(30.0, 375.0, 52.0), (21.0, 382.0, 52.0), (38.0, 383.0, 52.0), (-11.0, 318.0, 34), (73.0, 322.0, 36), (6.0, 190.0, 0), (55.0, 190.0, 6), (-7.0, 94.0, 0), (67.0, 96.0, 6), (-8.0, 13.0, 0), (66.0, 15.0, 6), (0, 0, 0), (61.0, 6.0, 0), (-33.0, 0, 29), (78.0, 0, 40)]
[(29.0, 375.0, 45.0), (20.0, 382.0, 45.0), (37.0, 383.0, 45.0), (-12.0, 319.0, 30), (72.0, 322.0, 30), (5.0, 190.0, 0), (54.0, 190.0, 0), (-8.0, 93.0, 0), (66.0, 94.0, 0), (-9.0, 13.0, 0), (66.0, 15.0, 0), (0, 0, 0), (59.0, 5.0, 0), (-34.0, 0, 28), (77.0, 0, 40)]
[(29.0, 375.0, 46.0), (20.0, 383.0, 46.0), (37.0, 384.0, 46.0), (-13.0, 319.0, 30), (72.0, 322.0, 32), (5.0, 190.0, 0), (54.0, 190.0, 2), (-8.0, 93.0, 0), (67.0, 94.0, 2), (-9.0, 12.0, 0), (66.0, 15.0, 2), (0, 0, 0), (60.0, 5.0, 0), (-34.0, 0, 28), (78.0, 0, 40)]
[(29.0, 377.0, 46.5), (19.0, 384.0, 46.5), (36.0, 385.0, 46.5), (-14.0, 320.0, 29), (72.0, 323.0, 35), (5.0, 191.0, 0), (54.0, 191.0, 5), (-7.0, 94.0, 0), (67.0, 95.0, 5), (-9.0, 13.0, 0), (66.0, 16.0, 5), (0, 0, 0), (60.0, 7.0, 0), (-34.0, 0, 28), (78.0, 0, 39)]
[(28.0, 377.0, 44.0), (19.0, 385.0, 44.0), (36.0, 385.0, 44.0), (-14.0, 320.0, 29), (72.0, 323.0, 30), (5.0, 191.0, 0), (54.0, 191.0, 0), (-7.0, 94.0, 0), (68.0, 96.0, 0), (-9.0, 13.0, 0), (67.0, 17.0, 0), (0, 0, 0), (60.0, 7.0, 0), (-34.0, 0, 28), (78.0, 0, 39)]
[(28.0, 378.0, 38.0), (19.0, 385.0, 38.0), (36.0, 386.0, 38.0), (-15.0, 321.0, 23), (72.0, 323.0, 30), (5.0, 191.0, 0), (54.0, 191.0, 0), (-7.0, 94.0, 0), (69.0, 96.0, 0), (-9.0, 13.0, 0), (67.0, 17.0, 0), (0, 0, 0), (60.0, 7.0, 0), (-34.0, 0, 28), (79.0, 0, 39)]
[(28.0, 379.0, 39.5), (18.0, 386.0, 39.5), (36.0, 387.0, 39.5), (-17.0, 321.0, 22), (71.0, 323.0, 35), (4.0, 191.0, 0), (54.0, 192.0, 0), (-7.0, 94.0, 0), (68.0, 97.0, 0), (-9.0, 13.0, 0), (67.0, 17.0, 0), (0, 0, 0), (60.0, 7.0, 0), (-34.0, 0, 28), (79.0, 0, 39)]
[(28.0, 381.0, 38.5), (18.0, 388.0, 38.5), (36.0, 388.0, 38.5), (-18.0, 322.0, 21), (70.0, 324.0, 35), (4.0, 192.0, 0), (54.0, 193.0, 0), (-7.0, 95.0, 0), (67.0, 99.0, 0), (-9.0, 13.0, 0), (67.0, 19.0, 0), (0, 0, 0), (60.0, 9.0, 0), (-34.0, 0, 28), (79.0, 0, 38)]
[(28.0, 382.0, 39.5), (18.0, 389.0, 39.5), (36.0, 389.0, 39.5), (-18.0, 322.0, 22), (70.0, 324.0, 35), (3.0, 192.0, 0), (54.0, 193.0, 0), (-8.0, 95.0, 0), (67.0, 99.0, 0), (-9.0, 13.0, 0), (67.0, 18.0, 0), (0, 0, 0), (60.0, 8.0, 0), (-34.0, 0, 28), (79.0, 0, 39)]
[(27.0, 382.0, 41.5), (18.0, 390.0, 41.5), (35.0, 390.0, 41.5), (-19.0, 322.0, 22), (69.0, 324.0, 39), (2.0, 192.0, 0), (53.0, 194.0, 0), (-8.0, 95.0, 0), (67.0, 99.0, 0), (-9.0, 13.0, 0), (68.0, 18.0, 0), (0, 0, 0), (60.0, 8.0, 0), (-34.0, 0, 28), (79.0, 0, 39)]
[(27.0, 381.0, 48.0), (18.0, 389.0, 48.0), (35.0, 389.0, 48.0), (-19.0, 321.0, 27), (68.0, 323.0, 42), (2.0, 192.0, 0), (53.0, 193.0, 3), (-8.0, 94.0, 0), (66.0, 99.0, 3), (-9.0, 13.0, 0), (68.0, 17.0, 3), (0, 0, 0), (61.0, 8.0, 0), (-34.0, 0, 28), (79.0, 0, 39)]
[(27.0, 381.0, 47.5), (18.0, 388.0, 47.5), (35.0, 389.0, 47.5), (-19.0, 321.0, 28), (68.0, 323.0, 39), (1.0, 192.0, 0), (53.0, 193.0, 0), (-8.0, 94.0, 0), (66.0, 99.0, 0), (-9.0, 13.0, 0), (68.0, 17.0, 0), (0, 0, 0), (61.0, 7.0, 0), (-33.0, 0, 29), (79.0, 0, 39)]
[(27.0, 381.0, 48.0), (18.0, 389.0, 48.0), (35.0, 389.0, 48.0), (-20.0, 321.0, 27), (68.0, 323.0, 42), (2.0, 192.0, 0), (53.0, 194.0, 0), (-8.0, 95.0, 0), (66.0, 100.0, 0), (-9.0, 13.0, 0), (68.0, 17.0, 0), (0, 0, 0), (61.0, 7.0, 0), (-33.0, 0, 29), (79.0, 0, 39)]
[(27.0, 380.0, 42.5), (17.0, 388.0, 42.5), (35.0, 388.0, 42.5), (-20.0, 321.0, 21), (67.0, 322.0, 43), (2.0, 191.0, 0), (53.0, 193.0, 0), (-8.0, 95.0, 0), (64.0, 99.0, 0), (-10.0, 13.0, 0), (68.0, 16.0, 0), (0, 0, 0), (61.0, 6.0, 0), (-33.0, 0, 29), (78.0, 0, 40)]
[(27.0, 381.0, 36.5), (17.0, 388.0, 36.5), (34.0, 388.0, 36.5), (-20.0, 322.0, 14), (67.0, 323.0, 45), (2.0, 191.0, 0), (53.0, 194.0, 2), (-8.0, 96.0, 0), (64.0, 100.0, 2), (-10.0, 13.0, 0), (67.0, 16.0, 2), (0, 0, 0), (61.0, 6.0, 0), (-33.0, 0, 29), (78.0, 0, 40)]
[(26.0, 379.0, 33.0), (17.0, 386.0, 33.0), (34.0, 386.0, 33.0), (-20.0, 320.0, 16), (67.0, 322.0, 34), (1.0, 189.0, 0), (53.0, 191.0, -2), (-8.0, 94.0, 0), (64.0, 98.0, 2), (-10.0, 13.0, 0), (67.0, 14.0, 2), (0, 0, 0), (61.0, 4.0, 0), (-33.0, 0, 29), (78.0, 0, 40)]
[(27.0, 379.0, 33.0), (18.0, 387.0, 33.0), (35.0, 387.0, 33.0), (-19.0, 320.0, 16), (68.0, 323.0, 34), (2.0, 189.0, 0), (53.0, 191.0, 2), (-7.0, 94.0, 0), (65.0, 97.0, 2), (-9.0, 13.0, 0), (68.0, 14.0, 2), (0, 0, 0), (62.0, 4.0, 0), (-32.0, 0, 30), (79.0, 0, 40)]
[(27.0, 379.0, 14.5), (17.0, 387.0, 14.5), (34.0, 387.0, 14.5), (-19.0, 320.0, 0), (68.0, 323.0, 29), (2.0, 188.0, 0), (53.0, 190.0, 2), (-7.0, 93.0, 0), (65.0, 96.0, 2), (-9.0, 14.0, 0), (68.0, 14.0, 2), (0, 0, 0), (62.0, 4.0, 0), (-32.0, 0, 30), (79.0, 0, 40)]
[(26.0, 379.0, 12.0), (17.0, 387.0, 12.0), (34.0, 387.0, 12.0), (-19.0, 320.0, 0), (68.0, 323.0, 24), (2.0, 188.0, 0), (53.0, 189.0, 2), (-7.0, 93.0, 0), (65.0, 96.0, 2), (-9.0, 14.0, 0), (68.0, 14.0, 2), (0, 0, 0), (62.0, 4.0, 0), (-32.0, 0, 30), (79.0, 0, 40)]
[(26.0, 380.0, 11.0), (17.0, 387.0, 11.0), (33.0, 388.0, 11.0), (-20.0, 320.0, 0), (67.0, 323.0, 22), (2.0, 188.0, 0), (52.0, 189.0, 0), (-7.0, 93.0, 0), (65.0, 94.0, 0), (-9.0, 14.0, 0), (68.0, 14.0, 0), (0, 0, 0), (61.0, 3.0, 0), (-32.0, 0, 30), (79.0, 0, 40)]
[(26.0, 380.0, 11.0), (17.0, 387.0, 11.0), (34.0, 388.0, 11.0), (-19.0, 320.0, 0), (68.0, 323.0, 22), (2.0, 188.0, 0), (53.0, 189.0, 0), (-6.0, 93.0, 0), (66.0, 95.0, 0), (-9.0, 13.0, 0), (69.0, 13.0, 0), (0, 0, 0), (62.0, 2.0, 0), (-31.0, 0, 31), (81.0, 0, 39)]
[(25.0, 380.0, 7.5), (16.0, 388.0, 7.5), (33.0, 389.0, 7.5), (-19.0, 321.0, 0), (68.0, 325.0, 15), (2.0, 189.0, 0), (53.0, 190.0, 0), (-6.0, 94.0, 0), (67.0, 96.0, 0), (-9.0, 13.0, 0), (69.0, 15.0, 0), (0, 0, 0), (62.0, 4.0, 0), (-31.0, 0, 31), (81.0, 0, 39)]
[(25.0, 379.0, 27.0), (15.0, 386.0, 27.0), (33.0, 388.0, 27.0), (-19.0, 321.0, 16), (68.0, 325.0, 22), (2.0, 190.0, 0), (53.0, 191.0, 0), (-6.0, 94.0, 0), (68.0, 96.0, 0), (-9.0, 14.0, 0), (69.0, 15.0, 0), (0, 0, 0), (62.0, 4.0, 0), (-31.0, 0, 31), (81.0, 0, 39)]
[(24.0, 378.0, 23.5), (14.0, 385.0, 23.5), (32.0, 387.0, 23.5), (-19.0, 322.0, 16), (68.0, 326.0, 15), (2.0, 191.0, 0), (53.0, 191.0, 0), (-6.0, 94.0, 0), (68.0, 95.0, 0), (-9.0, 14.0, 0), (69.0, 15.0, 0), (0, 0, 0), (62.0, 4.0, 0), (-31.0, 0, 31), (81.0, 0, 39)]
[(23.0, 378.0, 27.0), (14.0, 385.0, 27.0), (31.0, 386.0, 27.0), (-19.0, 322.0, 16), (68.0, 326.0, 22), (2.0, 191.0, 0), (53.0, 192.0, 0), (-6.0, 94.0, 0), (68.0, 96.0, 0), (-9.0, 14.0, 0), (69.0, 15.0, 0), (0, 0, 0), (62.0, 4.0, 0), (-31.0, 0, 31), (81.0, 0, 39)]
[(24.0, 376.0, 43.0), (14.0, 384.0, 43.0), (31.0, 386.0, 43.0), (-19.0, 322.0, 22), (68.0, 326.0, 22), (2.0, 192.0, 0), (53.0, 192.0, 0), (-6.0, 95.0, 0), (68.0, 96.0, 0), (-9.0, 14.0, 0), (69.0, 15.0, 0), (0, 0, 0), (62.0, 4.0, 0), (-31.0, 0, 31), (81.0, 0, 39)]
[(25.0, 368.0, 67.0), (15.0, 378.0, 67.0), (32.0, 379.0, 67.0), (-19.0, 321.0, 27), (68.0, 326.0, 22), (2.0, 192.0, 0), (53.0, 192.0, 0), (-6.0, 95.0, 0), (68.0, 96.0, 0), (-9.0, 14.0, 0), (69.0, 15.0, 0), (0, 0, 0), (62.0, 4.0, 0), (-31.0, 0, 31), (81.0, 0, 39)]
[(25.0, 365.0, 74.5), (15.0, 374.0, 74.5), (32.0, 376.0, 74.5), (-18.0, 319.0, 32), (68.0, 325.0, 23), (2.0, 191.0, 0), (54.0, 191.0, 0), (-6.0, 94.0, 0), (69.0, 95.0, 0), (-9.0, 13.0, 0), (69.0, 14.0, 0), (0, 0, 0), (62.0, 3.0, 0), (-31.0, 0, 31), (81.0, 0, 39)]
[(25.0, 363.0, 77.0), (15.0, 373.0, 77.0), (32.0, 375.0, 77.0), (-18.0, 320.0, 32), (69.0, 326.0, 22), (3.0, 192.0, 0), (54.0, 192.0, 0), (-6.0, 94.0, 0), (69.0, 96.0, 0), (-9.0, 14.0, 0), (69.0, 15.0, 0), (0, 0, 0), (62.0, 4.0, 0), (-31.0, 0, 31), (82.0, 0, 39)]
[(26.0, 363.0, 77.0), (16.0, 372.0, 77.0), (33.0, 374.0, 77.0), (-18.0, 320.0, 32), (69.0, 326.0, 22), (3.0, 192.0, 0), (54.0, 192.0, 0), (-6.0, 94.0, 0), (69.0, 96.0, 0), (-9.0, 14.0, 0), (69.0, 15.0, 0), (0, 0, 0), (62.0, 4.0, 0), (-31.0, 0, 31), (82.0, 0, 39)]
[(27.0, 362.0, 75.5), (17.0, 372.0, 75.5), (34.0, 373.0, 75.5), (-18.0, 320.0, 32), (69.0, 327.0, 15), (3.0, 192.0, 0), (54.0, 192.0, 0), (-6.0, 94.0, 0), (70.0, 96.0, 0), (-9.0, 13.0, 0), (69.0, 15.0, 0), (0, 0, 0), (61.0, 4.0, 0), (-31.0, 0, 31), (82.0, 0, 38)]
[(27.0, 362.0, 75.5), (18.0, 371.0, 75.5), (34.0, 372.0, 75.5), (-17.0, 320.0, 32), (70.0, 327.0, 15), (3.0, 192.0, 0), (55.0, 192.0, 0), (-6.0, 95.0, 0), (70.0, 96.0, 0), (-10.0, 13.0, 0), (69.0, 15.0, 0), (0, 0, 0), (62.0, 4.0, 0), (-31.0, 0, 31), (82.0, 0, 39)]
[(28.0, 361.0, 76.5), (18.0, 371.0, 76.5), (35.0, 372.0, 76.5), (-17.0, 320.0, 32), (70.0, 327.0, 15), (4.0, 192.0, 0), (55.0, 192.0, 0), (-6.0, 95.0, 0), (70.0, 97.0, 0), (-9.0, 13.0, 0), (69.0, 15.0, 0), (0, 0, 0), (62.0, 4.0, 0), (-31.0, 0, 31), (82.0, 0, 39)]
[(28.0, 359.0, 77.0), (18.0, 368.0, 77.0), (35.0, 370.0, 77.0), (-16.0, 319.0, 32), (71.0, 326.0, 14), (4.0, 191.0, 0), (55.0, 191.0, 0), (-6.0, 94.0, 0), (70.0, 96.0, 0), (-9.0, 13.0, 0), (70.0, 15.0, 0), (0, 0, 0), (62.0, 4.0, 0), (-30.0, 0, 32), (82.0, 0, 39)]
[(28.0, 358.0, 77.0), (18.0, 367.0, 77.0), (35.0, 369.0, 77.0), (-16.0, 318.0, 32), (71.0, 325.0, 14), (4.0, 190.0, 0), (55.0, 190.0, 0), (-6.0, 93.0, 0), (70.0, 96.0, 0), (-9.0, 13.0, 0), (70.0, 14.0, 0), (0, 0, 0), (62.0, 3.0, 0), (-30.0, 0, 32), (82.0, 0, 39)]
[(28.0, 357.0, 81.5), (18.0, 366.0, 81.5), (35.0, 368.0, 81.5), (-16.0, 319.0, 32), (71.0, 325.0, 21), (4.0, 191.0, 0), (55.0, 191.0, 0), (-6.0, 94.0, 0), (70.0, 96.0, 0), (-9.0, 13.0, 0), (70.0, 15.0, 0), (0, 0, 0), (62.0, 3.0, 0), (-29.0, 0, 33), (82.0, 0, 39)]
[(27.0, 354.0, 88.5), (18.0, 363.0, 88.5), (35.0, 365.0, 88.5), (-16.0, 318.0, 36), (71.0, 325.0, 21), (4.0, 191.0, 0), (55.0, 191.0, 0), (-6.0, 94.0, 0), (70.0, 96.0, 0), (-9.0, 14.0, 0), (70.0, 15.0, 0), (0, 0, 0), (62.0, 4.0, 0), (-29.0, 0, 33), (81.0, 0, 39)]
[(28.0, 354.0, 84.5), (18.0, 362.0, 84.5), (35.0, 364.0, 84.5), (-15.0, 318.0, 32), (72.0, 325.0, 21), (5.0, 190.0, 0), (56.0, 191.0, 0), (-6.0, 94.0, 0), (70.0, 96.0, 0), (-9.0, 14.0, 0), (71.0, 15.0, 0), (0, 0, 0), (63.0, 4.0, 0), (-28.0, 0, 34), (82.0, 0, 39)]
[(27.0, 352.0, 83.0), (17.0, 361.0, 83.0), (33.0, 363.0, 83.0), (-16.0, 318.0, 32), (70.0, 325.0, 16), (4.0, 190.0, 0), (56.0, 190.0, 0), (-7.0, 94.0, 0), (70.0, 97.0, 0), (-9.0, 13.0, 0), (71.0, 15.0, 0), (0, 0, 0), (63.0, 4.0, 0), (-28.0, 0, 34), (82.0, 0, 39)]
[(25.0, 352.0, 86.0), (15.0, 361.0, 86.0), (30.0, 363.0, 86.0), (-17.0, 318.0, 31), (68.0, 325.0, 24), (5.0, 190.0, 0), (57.0, 191.0, 0), (-6.0, 94.0, 0), (71.0, 97.0, 0), (-9.0, 13.0, 0), (72.0, 15.0, 0), (0, 0, 0), (64.0, 4.0, 0), (-27.0, 0, 35), (83.0, 0, 39)]
[(23.0, 352.0, 86.0), (14.0, 361.0, 86.0), (29.0, 363.0, 86.0), (-17.0, 318.0, 31), (68.0, 325.0, 24), (5.0, 190.0, 0), (57.0, 191.0, 0), (-6.0, 94.0, 0), (73.0, 97.0, 0), (-9.0, 13.0, 0), (74.0, 16.0, 0), (0, 0, 0), (66.0, 4.0, 0), (-25.0, 0, 36), (85.0, 0, 39)]
[(19.0, 351.0, 81.5), (10.0, 361.0, 81.5), (24.0, 362.0, 81.5), (-20.0, 318.0, 25), (66.0, 325.0, 25), (4.0, 189.0, 0), (56.0, 191.0, 0), (-6.0, 93.0, 0), (73.0, 97.0, 0), (-10.0, 13.0, 0), (74.0, 16.0, 0), (0, 0, 0), (67.0, 5.0, 0), (-24.0, 0, 37), (85.0, 0, 40)]
[(16.0, 351.0, 78.5), (8.0, 361.0, 78.5), (21.0, 362.0, 78.5), (-22.0, 318.0, 23), (64.0, 325.0, 25), (4.0, 189.0, 0), (56.0, 191.0, 0), (-5.0, 93.0, 0), (74.0, 98.0, 0), (-9.0, 13.0, 0), (78.0, 17.0, 0), (0, 0, 0), (72.0, 5.0, 0), (-23.0, 0, 37), (87.0, 0, 41)]
[(16.0, 349.0, 73.0), (7.0, 359.0, 73.0), (21.0, 360.0, 73.0), (-22.0, 318.0, 18), (63.0, 325.0, 20), (3.0, 188.0, 0), (56.0, 190.0, 0), (-6.0, 93.0, 0), (75.0, 98.0, 0), (-8.0, 13.0, 0), (80.0, 17.0, 0), (0, 0, 0), (75.0, 6.0, 0), (-24.0, 0, 37), (87.0, 0, 42)]
[(16.0, 349.0, 80.5), (6.0, 358.0, 80.5), (20.0, 360.0, 80.5), (-23.0, 317.0, 23), (62.0, 325.0, 25), (3.0, 188.0, 0), (55.0, 190.0, 5), (-6.0, 93.0, 0), (75.0, 98.0, 5), (-8.0, 13.0, 0), (82.0, 17.0, 5), (0, 0, 0), (79.0, 7.0, 0), (-25.0, 0, 36), (87.0, 0, 42)]
[(16.0, 349.0, 74.0), (6.0, 358.0, 74.0), (20.0, 360.0, 74.0), (-23.0, 317.0, 23), (62.0, 325.0, 12), (3.0, 188.0, 0), (55.0, 190.0, -8), (-6.0, 93.0, 0), (75.0, 99.0, 2), (-8.0, 13.0, 0), (82.0, 18.0, 2), (0, 0, 0), (78.0, 7.0, 0), (-25.0, 0, 36), (90.0, 0, 42)]
[(18.0, 349.0, 79.0), (7.0, 358.0, 79.0), (22.0, 360.0, 79.0), (-22.0, 317.0, 24), (62.0, 325.0, 20), (3.0, 188.0, 0), (55.0, 190.0, 0), (-6.0, 93.0, 0), (74.0, 98.0, 0), (-8.0, 13.0, 0), (82.0, 17.0, 0), (0, 0, 0), (77.0, 6.0, 0), (-25.0, 0, 36), (90.0, 0, 41)]
[(20.0, 349.0, 78.5), (9.0, 357.0, 78.5), (25.0, 360.0, 78.5), (-21.0, 317.0, 24), (64.0, 325.0, 19), (4.0, 188.0, 0), (55.0, 190.0, 0), (-6.0, 93.0, 0), (74.0, 97.0, 0), (-8.0, 13.0, 0), (82.0, 16.0, 0), (0, 0, 0), (77.0, 5.0, 0), (-24.0, 0, 37), (90.0, 0, 42)]
[(24.0, 348.0, 87.0), (12.0, 357.0, 87.0), (28.0, 360.0, 87.0), (-18.0, 316.0, 30), (68.0, 324.0, 24), (6.0, 188.0, 0), (57.0, 190.0, 0), (-5.0, 93.0, 0), (75.0, 97.0, 0), (-8.0, 13.0, 0), (82.0, 16.0, 0), (0, 0, 0), (77.0, 5.0, 0), (-25.0, 0, 36), (90.0, 0, 42)]
[(28.0, 348.0, 88.5), (16.0, 358.0, 88.5), (33.0, 360.0, 88.5), (-15.0, 316.0, 32), (71.0, 324.0, 23), (6.0, 188.0, 0), (58.0, 190.0, 0), (-5.0, 93.0, 0), (75.0, 97.0, 0), (-8.0, 13.0, 0), (82.0, 15.0, 0), (0, 0, 0), (76.0, 4.0, 0), (-25.0, 0, 36), (91.0, 0, 41)]
[(33.0, 346.0, 87.5), (21.0, 356.0, 87.5), (38.0, 358.0, 87.5), (-11.0, 314.0, 37), (77.0, 322.0, 11), (8.0, 186.0, 4), (59.0, 187.0, 0), (-4.0, 91.0, 4), (77.0, 93.0, 0), (-7.0, 13.0, 0), (84.0, 13.0, 0), (0, 0, 0), (79.0, 2.0, 0), (-23.0, 0, 37), (92.0, 0, 42)]
[(40.0, 344.0, 99.5), (29.0, 354.0, 99.5), (46.0, 356.0, 99.5), (-5.0, 312.0, 46), (84.0, 319.0, 19), (12.0, 184.0, 12), (65.0, 185.0, 0), (-0.0, 89.0, 12), (82.0, 90.0, 0), (-5.0, 12.0, 0), (88.0, 10.0, 0), (0, 0, 0), (83.0, -1.0, 0), (-17.0, 0, 40), (96.0, 0, 42)]
[(45.0, 344.0, 100.0), (33.0, 353.0, 100.0), (50.0, 356.0, 100.0), (-1.0, 312.0, 47), (88.0, 319.0, 18), (15.0, 184.0, 12), (68.0, 185.0, 0), (-0.0, 89.0, 12), (84.0, 89.0, 0), (-5.0, 12.0, 0), (89.0, 10.0, 0), (0, 0, 0), (84.0, -1.0, 0), (-15.0, 0, 41), (97.0, 0, 42)]
[(46.0, 344.0, 101.0), (36.0, 354.0, 101.0), (52.0, 356.0, 101.0), (1.0, 313.0, 43), (91.0, 318.0, 28), (17.0, 184.0, 12), (71.0, 185.0, 4), (2.0, 89.0, 12), (86.0, 88.0, 4), (-4.0, 12.0, 0), (91.0, 10.0, 4), (0, 0, 0), (86.0, 0.0, 0), (-13.0, 0, 42), (98.0, 0, 42)]
[(47.0, 343.0, 96.5), (37.0, 353.0, 96.5), (53.0, 355.0, 96.5), (2.0, 314.0, 37), (92.0, 318.0, 29), (19.0, 184.0, 11), (73.0, 185.0, 4), (3.0, 89.0, 11), (87.0, 88.0, 4), (-4.0, 12.0, 0), (92.0, 10.0, 4), (0, 0, 0), (87.0, 0.0, 0), (-14.0, 0, 42), (100.0, 0, 42)]
[(48.0, 342.0, 91.0), (37.0, 352.0, 91.0), (54.0, 355.0, 91.0), (3.0, 315.0, 30), (93.0, 319.0, 30), (20.0, 186.0, 0), (75.0, 186.0, 4), (5.0, 91.0, 0), (90.0, 90.0, 4), (-4.0, 13.0, 0), (94.0, 10.0, 4), (0, 0, 0), (89.0, 0.0, 0), (-15.0, 0, 41), (103.0, 0, 42)]
[(47.0, 344.0, 91.0), (37.0, 355.0, 91.0), (54.0, 357.0, 91.0), (3.0, 317.0, 30), (93.0, 321.0, 30), (20.0, 188.0, 0), (75.0, 188.0, 4), (6.0, 93.0, 0), (90.0, 92.0, 4), (-5.0, 15.0, 0), (94.0, 12.0, 4), (0, 0, 0), (89.0, 2.0, 0), (-17.0, 0, 40), (103.0, 0, 41)]
[(47.0, 344.0, 89.0), (36.0, 355.0, 89.0), (53.0, 357.0, 89.0), (3.0, 317.0, 30), (92.0, 321.0, 26), (20.0, 188.0, 0), (75.0, 188.0, 0), (7.0, 93.0, 0), (90.0, 92.0, 0), (-5.0, 15.0, 0), (94.0, 13.0, 0), (0, 0, 0), (89.0, 2.0, 0), (-17.0, 0, 40), (103.0, 0, 41)]
[(44.0, 345.0, 87.5), (35.0, 355.0, 87.5), (51.0, 357.0, 87.5), (2.0, 317.0, 30), (91.0, 321.0, 23), (20.0, 188.0, 0), (75.0, 187.0, 2), (8.0, 93.0, 0), (91.0, 94.0, 2), (-5.0, 14.0, 0), (95.0, 13.0, 2), (0, 0, 0), (89.0, 3.0, 0), (-18.0, 0, 40), (103.0, 0, 41)]
[(44.0, 347.0, 89.0), (35.0, 356.0, 89.0), (50.0, 359.0, 89.0), (1.0, 318.0, 30), (88.0, 323.0, 26), (19.0, 189.0, 0), (73.0, 189.0, 4), (8.0, 94.0, 0), (90.0, 96.0, 4), (-5.0, 15.0, 0), (95.0, 14.0, 4), (0, 0, 0), (90.0, 4.0, 0), (-19.0, 0, 39), (103.0, 0, 42)]
[(43.0, 347.0, 85.0), (34.0, 356.0, 85.0), (49.0, 359.0, 85.0), (-1.0, 318.0, 29), (86.0, 324.0, 20), (18.0, 189.0, 0), (72.0, 189.0, 4), (7.0, 94.0, 0), (90.0, 96.0, 4), (-5.0, 15.0, 0), (94.0, 14.0, 4), (0, 0, 0), (89.0, 4.0, 0), (-19.0, 0, 39), (103.0, 0, 41)]
[(43.0, 347.0, 78.5), (33.0, 356.0, 78.5), (48.0, 359.0, 78.5), (-2.0, 318.0, 28), (85.0, 325.0, 9), (18.0, 189.0, 0), (72.0, 189.0, 4), (7.0, 94.0, 0), (90.0, 96.0, 4), (-5.0, 14.0, 0), (94.0, 14.0, 4), (0, 0, 0), (89.0, 4.0, 0), (-19.0, 0, 39), (103.0, 0, 41)]
[(37.0, 346.0, 69.0), (28.0, 356.0, 69.0), (43.0, 358.0, 69.0), (-4.0, 318.0, 18), (82.0, 325.0, 8), (16.0, 189.0, -10), (71.0, 189.0, 0), (5.0, 95.0, 0), (90.0, 96.0, 0), (-5.0, 14.0, 0), (94.0, 15.0, 0), (0, 0, 0), (89.0, 4.0, 0), (-20.0, 0, 39), (103.0, 0, 41)]
[(35.0, 348.0, 65.5), (25.0, 358.0, 65.5), (40.0, 360.0, 65.5), (-7.0, 319.0, 12), (79.0, 326.0, 15), (14.0, 189.0, -10), (69.0, 190.0, 6), (3.0, 95.0, 0), (89.0, 96.0, 6), (-5.0, 14.0, 0), (93.0, 16.0, 6), (0, 0, 0), (88.0, 7.0, 0), (-21.0, 0, 38), (100.0, 0, 42)]
[(34.0, 348.0, 40.5), (24.0, 358.0, 40.5), (39.0, 360.0, 40.5), (-9.0, 318.0, -8), (77.0, 326.0, 5), (13.0, 187.0, -22), (68.0, 189.0, 5), (2.0, 95.0, 0), (88.0, 96.0, 5), (-5.0, 14.0, 0), (92.0, 17.0, 5), (0, 0, 0), (88.0, 7.0, 0), (-22.0, 0, 38), (99.0, 0, 42)]
[(33.0, 349.0, 51.5), (23.0, 358.0, 51.5), (37.0, 360.0, 51.5), (-10.0, 318.0, 4), (77.0, 326.0, 5), (12.0, 188.0, -17), (67.0, 189.0, 5), (1.0, 95.0, 0), (88.0, 97.0, 5), (-5.0, 14.0, 0), (92.0, 17.0, 5), (0, 0, 0), (88.0, 7.0, 0), (-22.0, 0, 38), (99.0, 0, 42)]
[(31.0, 348.0, 53.0), (22.0, 357.0, 53.0), (37.0, 359.0, 53.0), (-11.0, 316.0, 3), (76.0, 323.0, 12), (12.0, 186.0, -17), (66.0, 187.0, 3), (1.0, 93.0, 0), (87.0, 93.0, 3), (-5.0, 13.0, 0), (92.0, 14.0, 3), (0, 0, 0), (89.0, 3.0, 0), (-19.0, 0, 39), (99.0, 0, 43)]
[(30.0, 349.0, 52.5), (21.0, 358.0, 52.5), (36.0, 359.0, 52.5), (-11.0, 315.0, 3), (77.0, 322.0, 13), (11.0, 185.0, -18), (66.0, 186.0, 5), (1.0, 92.0, 0), (87.0, 94.0, 5), (-5.0, 13.0, 0), (92.0, 13.0, 5), (0, 0, 0), (89.0, 3.0, 0), (-17.0, 0, 40), (99.0, 0, 43)]
[(32.0, 352.0, 40.0), (22.0, 362.0, 40.0), (38.0, 363.0, 40.0), (-10.0, 314.0, -1), (78.0, 321.0, 2), (12.0, 184.0, -22), (66.0, 185.0, -5), (2.0, 92.0, 0), (86.0, 94.0, 5), (-4.0, 12.0, 0), (92.0, 12.0, 5), (0, 0, 0), (89.0, 2.0, 0), (-17.0, 0, 40), (99.0, 0, 43)]
[(33.0, 363.0, 35.0), (24.0, 372.0, 35.0), (39.0, 373.0, 35.0), (-10.0, 316.0, -4), (79.0, 322.0, 20), (12.0, 185.0, -18), (67.0, 187.0, 3), (2.0, 92.0, 0), (85.0, 95.0, 5), (-5.0, 13.0, 0), (93.0, 13.0, 5), (0, 0, 0), (89.0, 3.0, 0), (-16.0, 0, 41), (100.0, 0, 42)]
[(32.0, 367.0, 23.0), (23.0, 376.0, 23.0), (38.0, 376.0, 23.0), (-10.0, 317.0, -11), (78.0, 322.0, 22), (11.0, 185.0, -11), (66.0, 187.0, 5), (1.0, 91.0, 0), (84.0, 92.0, 5), (-6.0, 12.0, 0), (92.0, 12.0, 5), (0, 0, 0), (88.0, 2.0, 0), (-18.0, 0, 40), (99.0, 0, 42)]
[(33.0, 371.0, 19.0), (24.0, 379.0, 19.0), (40.0, 380.0, 19.0), (-10.0, 317.0, 0), (78.0, 322.0, 12), (11.0, 185.0, 0), (66.0, 186.0, 5), (-0.0, 90.0, 0), (84.0, 91.0, 5), (-6.0, 12.0, 0), (91.0, 12.0, 5), (0, 0, 0), (87.0, 2.0, 0), (-20.0, 0, 39), (99.0, 0, 42)]
[(34.0, 373.0, 28.0), (24.0, 381.0, 28.0), (41.0, 382.0, 28.0), (-9.0, 317.0, 18), (79.0, 322.0, 20), (11.0, 185.0, 12), (66.0, 186.0, 15), (-0.0, 89.0, 12), (84.0, 89.0, 15), (-6.0, 12.0, 0), (91.0, 12.0, 5), (0, 0, 0), (87.0, 2.0, 0), (-20.0, 0, 39), (98.0, 0, 42)]
[(35.0, 372.0, 42.0), (25.0, 380.0, 42.0), (43.0, 381.0, 42.0), (-8.0, 315.0, 32), (80.0, 321.0, 20), (11.0, 183.0, 24), (66.0, 184.0, 20), (-1.0, 87.0, 24), (84.0, 86.0, 20), (-6.0, 13.0, 0), (91.0, 10.0, 4), (0, 0, 0), (86.0, 0.0, 0), (-20.0, 0, 39), (98.0, 0, 42)]
[(35.0, 374.0, 33.0), (25.0, 382.0, 33.0), (43.0, 383.0, 33.0), (-8.0, 316.0, 21), (80.0, 322.0, 24), (10.0, 183.0, 21), (65.0, 185.0, 24), (-2.0, 88.0, 21), (83.0, 86.0, 24), (-7.0, 13.0, 0), (90.0, 11.0, 4), (0, 0, 0), (85.0, 1.0, 0), (-22.0, 0, 38), (97.0, 0, 42)]
[(36.0, 374.0, 32.0), (26.0, 382.0, 32.0), (45.0, 383.0, 32.0), (-7.0, 317.0, 20), (81.0, 322.0, 24), (12.0, 183.0, 20), (66.0, 185.0, 24), (1.0, 88.0, 20), (84.0, 86.0, 24), (-6.0, 13.0, 0), (91.0, 11.0, 4), (0, 0, 0), (86.0, 1.0, 0), (-21.0, 0, 38), (98.0, 0, 42)]
[(38.0, 374.0, 33.0), (27.0, 382.0, 33.0), (46.0, 384.0, 33.0), (-6.0, 317.0, 20), (82.0, 322.0, 26), (12.0, 183.0, 20), (67.0, 185.0, 26), (3.0, 88.0, 20), (84.0, 86.0, 26), (-6.0, 13.0, 0), (90.0, 11.0, 6), (0, 0, 0), (85.0, 2.0, 0), (-20.0, 0, 39), (98.0, 0, 42)]
[(39.0, 377.0, 21.0), (28.0, 385.0, 21.0), (47.0, 386.0, 21.0), (-5.0, 319.0, 8), (83.0, 324.0, 26), (13.0, 185.0, 8), (68.0, 187.0, 26), (5.0, 90.0, 8), (84.0, 88.0, 26), (-5.0, 13.0, 0), (90.0, 13.0, 6), (0, 0, 0), (85.0, 4.0, 0), (-20.0, 0, 39), (98.0, 0, 42)]
[(40.0, 378.0, 19.5), (30.0, 386.0, 19.5), (48.0, 387.0, 19.5), (-4.0, 320.0, 8), (84.0, 325.0, 23), (14.0, 186.0, 8), (70.0, 189.0, 23), (5.0, 90.0, 8), (85.0, 90.0, 23), (-5.0, 13.0, 0), (90.0, 14.0, 6), (0, 0, 0), (85.0, 5.0, 0), (-20.0, 0, 39), (98.0, 0, 42)]
[(42.0, 379.0, 20.0), (32.0, 386.0, 20.0), (50.0, 387.0, 20.0), (-3.0, 320.0, 0), (85.0, 325.0, 40), (16.0, 187.0, 0), (72.0, 190.0, 23), (7.0, 91.0, 0), (86.0, 90.0, 23), (-4.0, 13.0, 0), (91.0, 14.0, 6), (0, 0, 0), (86.0, 5.0, 0), (-19.0, 0, 39), (99.0, 0, 42)]
[(43.0, 379.0, 23.0), (33.0, 387.0, 23.0), (51.0, 388.0, 23.0), (-2.0, 321.0, 0), (85.0, 325.0, 46), (17.0, 188.0, 0), (72.0, 191.0, 23), (7.0, 91.0, 0), (86.0, 90.0, 23), (-4.0, 13.0, 0), (91.0, 14.0, 6), (0, 0, 0), (86.0, 5.0, 0), (-18.0, 0, 40), (99.0, 0, 42)]
[(43.0, 379.0, 22.5), (33.0, 386.0, 22.5), (51.0, 387.0, 22.5), (-2.0, 321.0, 0), (86.0, 325.0, 45), (17.0, 188.0, 0), (73.0, 191.0, 22), (8.0, 91.0, 0), (87.0, 90.0, 22), (-4.0, 13.0, 0), (91.0, 14.0, 5), (0, 0, 0), (85.0, 5.0, 0), (-18.0, 0, 40), (99.0, 0, 41)]
[(45.0, 378.0, 23.0), (34.0, 386.0, 23.0), (52.0, 387.0, 23.0), (-0.0, 321.0, 3), (88.0, 324.0, 40), (19.0, 188.0, 3), (75.0, 190.0, 17), (10.0, 90.0, 3), (88.0, 90.0, 17), (-3.0, 13.0, 0), (92.0, 13.0, 5), (0, 0, 0), (86.0, 4.0, 0), (-16.0, 0, 41), (100.0, 0, 41)]
[(45.0, 378.0, 25.5), (35.0, 386.0, 25.5), (53.0, 387.0, 25.5), (1.0, 321.0, 3), (88.0, 324.0, 45), (20.0, 188.0, 3), (75.0, 191.0, 17), (10.0, 90.0, 3), (88.0, 90.0, 17), (-3.0, 13.0, 0), (92.0, 13.0, 5), (0, 0, 0), (86.0, 4.0, 0), (-16.0, 0, 41), (100.0, 0, 41)]
[(45.0, 378.0, 31.0), (35.0, 386.0, 31.0), (53.0, 387.0, 31.0), (1.0, 321.0, 8), (88.0, 324.0, 46), (20.0, 189.0, 0), (76.0, 191.0, 17), (11.0, 90.0, 0), (89.0, 90.0, 17), (-3.0, 13.0, 0), (92.0, 13.0, 5), (0, 0, 0), (86.0, 4.0, 0), (-15.0, 0, 41), (100.0, 0, 41)]
[(44.0, 380.0, 24.0), (34.0, 387.0, 24.0), (52.0, 388.0, 24.0), (-0.0, 324.0, 0), (87.0, 325.0, 48), (19.0, 191.0, 0), (74.0, 193.0, 15), (9.0, 91.0, 0), (87.0, 91.0, 15), (-4.0, 13.0, 0), (91.0, 14.0, 3), (0, 0, 0), (84.0, 5.0, 0), (-18.0, 0, 40), (99.0, 0, 41)]
[(43.0, 380.0, 34.0), (33.0, 387.0, 34.0), (51.0, 388.0, 34.0), (-1.0, 323.0, 10), (86.0, 325.0, 48), (17.0, 191.0, 0), (73.0, 193.0, 15), (8.0, 91.0, 0), (86.0, 91.0, 15), (-5.0, 13.0, 0), (90.0, 14.0, 3), (0, 0, 0), (83.0, 5.0, 0), (-19.0, 0, 39), (98.0, 0, 41)]
[(43.0, 380.0, 32.5), (32.0, 387.0, 32.5), (51.0, 388.0, 32.5), (-2.0, 323.0, 8), (86.0, 325.0, 49), (17.0, 191.0, 0), (72.0, 193.0, 17), (7.0, 91.0, 0), (85.0, 91.0, 17), (-5.0, 13.0, 0), (89.0, 14.0, 5), (0, 0, 0), (83.0, 5.0, 0), (-20.0, 0, 39), (97.0, 0, 41)]
[(43.0, 379.0, 48.0), (32.0, 386.0, 48.0), (51.0, 388.0, 48.0), (-2.0, 322.0, 24), (86.0, 324.0, 48), (17.0, 191.0, 6), (72.0, 192.0, 16), (7.0, 90.0, 6), (84.0, 90.0, 16), (-5.0, 13.0, 0), (89.0, 13.0, 5), (0, 0, 0), (83.0, 4.0, 0), (-20.0, 0, 39), (97.0, 0, 41)]
[(43.0, 378.0, 48.5), (32.0, 385.0, 48.5), (51.0, 386.0, 48.5), (-2.0, 321.0, 21), (85.0, 323.0, 55), (17.0, 189.0, 13), (72.0, 191.0, 22), (7.0, 89.0, 13), (84.0, 88.0, 22), (-5.0, 13.0, 0), (89.0, 12.0, 5), (0, 0, 0), (83.0, 3.0, 0), (-19.0, 0, 39), (97.0, 0, 41)]
[(43.0, 378.0, 37.0), (32.0, 385.0, 37.0), (51.0, 386.0, 37.0), (-3.0, 321.0, 12), (85.0, 323.0, 50), (17.0, 189.0, 6), (72.0, 190.0, 22), (7.0, 89.0, 6), (84.0, 88.0, 22), (-5.0, 12.0, 0), (89.0, 12.0, 5), (0, 0, 0), (83.0, 3.0, 0), (-19.0, 0, 39), (96.0, 0, 42)]
[(43.0, 378.0, 36.5), (32.0, 385.0, 36.5), (51.0, 386.0, 36.5), (-3.0, 321.0, 12), (85.0, 323.0, 49), (17.0, 189.0, 6), (72.0, 190.0, 21), (7.0, 89.0, 6), (84.0, 88.0, 21), (-5.0, 12.0, 0), (88.0, 12.0, 4), (0, 0, 0), (83.0, 2.0, 0), (-18.0, 0, 40), (97.0, 0, 41)]
[(44.0, 378.0, 42.0), (33.0, 385.0, 42.0), (52.0, 386.0, 42.0), (-2.0, 320.0, 19), (86.0, 323.0, 46), (18.0, 188.0, 13), (73.0, 190.0, 18), (8.0, 88.0, 13), (85.0, 88.0, 18), (-4.0, 12.0, 0), (89.0, 11.0, 6), (0, 0, 0), (84.0, 2.0, 0), (-17.0, 0, 40), (98.0, 0, 41)]
[(44.0, 378.0, 37.0), (33.0, 385.0, 37.0), (52.0, 386.0, 37.0), (-1.0, 320.0, 14), (87.0, 323.0, 46), (19.0, 188.0, 8), (73.0, 190.0, 18), (8.0, 88.0, 8), (85.0, 88.0, 18), (-4.0, 11.0, 2), (89.0, 11.0, 6), (0, 0, 0), (84.0, 2.0, 0), (-17.0, 0, 40), (98.0, 0, 41)]
[(45.0, 378.0, 28.0), (34.0, 385.0, 28.0), (52.0, 386.0, 28.0), (-1.0, 320.0, 8), (88.0, 323.0, 40), (19.0, 187.0, 8), (73.0, 189.0, 18), (8.0, 88.0, 8), (85.0, 88.0, 18), (-4.0, 11.0, 2), (89.0, 11.0, 6), (0, 0, 0), (84.0, 2.0, 0), (-18.0, 0, 40), (97.0, 0, 42)]
[(46.0, 378.0, 26.5), (35.0, 385.0, 26.5), (54.0, 386.0, 26.5), (-1.0, 320.0, 10), (89.0, 322.0, 33), (19.0, 187.0, 10), (73.0, 189.0, 6), (8.0, 88.0, 10), (85.0, 88.0, 6), (-3.0, 11.0, 3), (89.0, 10.0, 6), (0, 0, 0), (84.0, 1.0, 0), (-18.0, 0, 40), (97.0, 0, 42)]
[(48.0, 378.0, 21.5), (37.0, 386.0, 21.5), (55.0, 387.0, 21.5), (-0.0, 320.0, 5), (90.0, 322.0, 33), (20.0, 187.0, 5), (74.0, 189.0, 6), (9.0, 88.0, 5), (85.0, 89.0, 6), (-4.0, 11.0, 2), (89.0, 10.0, 6), (0, 0, 0), (84.0, 1.0, 0), (-18.0, 0, 40), (97.0, 0, 42)]
[(49.0, 379.0, 19.5), (39.0, 387.0, 19.5), (57.0, 388.0, 19.5), (1.0, 321.0, 3), (92.0, 323.0, 33), (20.0, 188.0, 3), (75.0, 190.0, 7), (10.0, 89.0, 3), (86.0, 90.0, 7), (-3.0, 11.0, 3), (89.0, 9.0, 7), (0, 0, 0), (84.0, 1.0, 0), (-18.0, 0, 40), (97.0, 0, 42)]
[(51.0, 380.0, 16.5), (40.0, 388.0, 16.5), (58.0, 389.0, 16.5), (2.0, 322.0, 3), (94.0, 324.0, 27), (21.0, 189.0, 3), (76.0, 190.0, 7), (10.0, 90.0, 3), (87.0, 91.0, 7), (-3.0, 11.0, 3), (89.0, 10.0, 7), (0, 0, 0), (84.0, 2.0, 0), (-18.0, 0, 40), (98.0, 0, 41)]
[(52.0, 380.0, 16.0), (41.0, 388.0, 16.0), (59.0, 389.0, 16.0), (3.0, 322.0, 3), (94.0, 324.0, 26), (22.0, 189.0, 3), (76.0, 190.0, 6), (11.0, 89.0, 3), (88.0, 91.0, 6), (-3.0, 11.0, 3), (89.0, 10.0, 6), (0, 0, 0), (84.0, 1.0, 0), (-18.0, 0, 40), (98.0, 0, 41)]
[(52.0, 380.0, 16.0), (42.0, 388.0, 16.0), (60.0, 389.0, 16.0), (3.0, 323.0, 3), (95.0, 324.0, 26), (23.0, 188.0, 3), (77.0, 190.0, 6), (11.0, 89.0, 3), (88.0, 91.0, 6), (-3.0, 11.0, 3), (89.0, 10.0, 6), (0, 0, 0), (85.0, 1.0, 0), (-18.0, 0, 40), (98.0, 0, 42)]
[(53.0, 380.0, 15.0), (43.0, 388.0, 15.0), (61.0, 389.0, 15.0), (4.0, 322.0, 3), (97.0, 324.0, 24), (24.0, 188.0, 3), (77.0, 190.0, 6), (11.0, 90.0, 3), (89.0, 91.0, 6), (-3.0, 11.0, 3), (90.0, 10.0, 6), (0, 0, 0), (85.0, 1.0, 0), (-18.0, 0, 40), (98.0, 0, 42)]
[(54.0, 380.0, 12.0), (44.0, 388.0, 12.0), (62.0, 389.0, 12.0), (5.0, 322.0, 0), (98.0, 323.0, 24), (24.0, 188.0, 0), (77.0, 189.0, 7), (11.0, 91.0, 0), (90.0, 92.0, 7), (-3.0, 12.0, 0), (90.0, 10.0, 7), (0, 0, 0), (85.0, 2.0, 0), (-17.0, 0, 40), (98.0, 0, 42)]
[(55.0, 380.0, 12.0), (44.0, 388.0, 12.0), (63.0, 389.0, 12.0), (5.0, 322.0, 0), (98.0, 323.0, 24), (24.0, 188.0, 0), (77.0, 189.0, 7), (11.0, 92.0, 0), (90.0, 93.0, 7), (-3.0, 12.0, 0), (90.0, 10.0, 7), (0, 0, 0), (85.0, 2.0, 0), (-15.0, 0, 41), (99.0, 0, 41)]
[(53.0, 380.0, 11.5), (43.0, 388.0, 11.5), (62.0, 389.0, 11.5), (4.0, 322.0, 0), (97.0, 323.0, 23), (23.0, 188.0, 0), (76.0, 189.0, 6), (9.0, 92.0, 0), (89.0, 93.0, 6), (-4.0, 12.0, 0), (89.0, 10.0, 6), (0, 0, 0), (83.0, 2.0, 0), (-16.0, 0, 41), (99.0, 0, 41)]
[(54.0, 379.0, 11.5), (44.0, 387.0, 11.5), (63.0, 387.0, 11.5), (5.0, 320.0, 0), (97.0, 321.0, 23), (24.0, 186.0, 0), (77.0, 187.0, 5), (11.0, 91.0, 0), (90.0, 92.0, 5), (-3.0, 12.0, 0), (90.0, 10.0, 5), (0, 0, 0), (84.0, 1.0, 0), (-15.0, 0, 41), (100.0, 0, 41)]
[(52.0, 378.0, 11.5), (43.0, 387.0, 11.5), (62.0, 387.0, 11.5), (3.0, 319.0, 3), (95.0, 321.0, 17), (23.0, 186.0, 3), (77.0, 186.0, 6), (11.0, 90.0, 3), (90.0, 92.0, 6), (-3.0, 11.0, 3), (90.0, 11.0, 6), (0, 0, 0), (85.0, 2.0, 0), (-14.0, 0, 42), (100.0, 0, 41)]
[(51.0, 378.0, 14.5), (42.0, 387.0, 14.5), (60.0, 387.0, 14.5), (-0.0, 319.0, 3), (91.0, 321.0, 23), (22.0, 186.0, 3), (75.0, 186.0, 9), (11.0, 90.0, 3), (89.0, 92.0, 9), (-3.0, 11.0, 3), (90.0, 14.0, 7), (0, 0, 0), (85.0, 6.0, 0), (-14.0, 0, 42), (99.0, 0, 41)]
[(49.0, 378.0, 15.0), (39.0, 387.0, 15.0), (58.0, 387.0, 15.0), (-2.0, 319.0, 3), (88.0, 321.0, 24), (20.0, 185.0, 3), (73.0, 186.0, 9), (10.0, 90.0, 3), (88.0, 92.0, 9), (-3.0, 11.0, 3), (90.0, 14.0, 7), (0, 0, 0), (85.0, 6.0, 0), (-14.0, 0, 42), (99.0, 0, 41)]
[(45.0, 377.0, 6.5), (35.0, 386.0, 6.5), (54.0, 386.0, 6.5), (-3.0, 318.0, 3), (86.0, 321.0, 7), (19.0, 184.0, 3), (72.0, 185.0, 7), (10.0, 89.0, 3), (87.0, 92.0, 7), (-3.0, 11.0, 3), (90.0, 13.0, 7), (0, 0, 0), (85.0, 5.0, 0), (-14.0, 0, 42), (99.0, 0, 41)]
[(44.0, 377.0, -11.0), (34.0, 385.0, -11.0), (53.0, 386.0, -11.0), (-4.0, 318.0, -9), (85.0, 321.0, -4), (18.0, 184.0, -9), (71.0, 185.0, -4), (9.0, 90.0, 3), (86.0, 93.0, 6), (-3.0, 11.0, 3), (90.0, 13.0, 6), (0, 0, 0), (85.0, 4.0, 0), (-14.0, 0, 42), (99.0, 0, 41)]
[(37.0, 373.0, 7.0), (27.0, 382.0, 7.0), (45.0, 382.0, 7.0), (-8.0, 315.0, 3), (80.0, 319.0, 8), (18.0, 181.0, 3), (70.0, 183.0, -1), (7.0, 87.0, 13), (86.0, 91.0, 7), (-3.0, 10.0, 5), (91.0, 11.0, 7), (0, 0, 0), (88.0, 2.0, 0), (-13.0, 0, 42), (100.0, 0, 42)]
[(32.0, 374.0, 14.5), (22.0, 383.0, 14.5), (40.0, 383.0, 14.5), (-11.0, 315.0, 11), (78.0, 320.0, 7), (16.0, 182.0, 11), (68.0, 184.0, -2), (1.0, 88.0, 14), (84.0, 92.0, 6), (-4.0, 11.0, 2), (91.0, 12.0, 6), (0, 0, 0), (87.0, 3.0, 0), (-15.0, 0, 41), (99.0, 0, 42)]
[(30.0, 374.0, 24.5), (21.0, 383.0, 24.5), (38.0, 383.0, 24.5), (-12.0, 314.0, 17), (77.0, 320.0, 15), (14.0, 182.0, 17), (67.0, 184.0, 6), (-0.0, 87.0, 17), (83.0, 91.0, 6), (-5.0, 11.0, 0), (90.0, 12.0, 6), (0, 0, 0), (85.0, 3.0, 0), (-16.0, 0, 41), (99.0, 0, 41)]
[(32.0, 376.0, 26.0), (22.0, 384.0, 26.0), (39.0, 385.0, 26.0), (-11.0, 315.0, 20), (77.0, 322.0, 12), (14.0, 184.0, 12), (66.0, 186.0, 4), (-0.0, 89.0, 12), (84.0, 93.0, 4), (-6.0, 12.0, 0), (90.0, 14.0, 4), (0, 0, 0), (85.0, 4.0, 0), (-18.0, 0, 40), (100.0, 0, 41)]
[(32.0, 376.0, -13.0), (23.0, 384.0, -13.0), (40.0, 385.0, -13.0), (-11.0, 315.0, -15), (78.0, 322.0, 4), (14.0, 183.0, -15), (66.0, 185.0, 4), (-0.0, 90.0, 0), (84.0, 93.0, 6), (-6.0, 12.0, 0), (90.0, 14.0, 6), (0, 0, 0), (85.0, 5.0, 0), (-18.0, 0, 40), (99.0, 0, 41)]
[(34.0, 376.0, 5.0), (24.0, 384.0, 5.0), (42.0, 385.0, 5.0), (-9.0, 315.0, 5), (79.0, 322.0, 0), (15.0, 184.0, -6), (67.0, 185.0, 0), (1.0, 90.0, 0), (84.0, 93.0, 6), (-5.0, 12.0, 0), (91.0, 14.0, 6), (0, 0, 0), (86.0, 5.0, 0), (-17.0, 0, 40), (100.0, 0, 41)]
[(35.0, 376.0, 2.0), (25.0, 384.0, 2.0), (43.0, 385.0, 2.0), (-9.0, 314.0, 3), (80.0, 322.0, -2), (16.0, 184.0, -15), (68.0, 185.0, -2), (2.0, 91.0, 0), (84.0, 93.0, 6), (-5.0, 12.0, 0), (91.0, 14.0, 6), (0, 0, 0), (86.0, 5.0, 0), (-17.0, 0, 40), (100.0, 0, 41)]
[(35.0, 376.0, 3.0), (26.0, 384.0, 3.0), (43.0, 385.0, 3.0), (-8.0, 314.0, 4), (80.0, 322.0, -2), (16.0, 184.0, -15), (68.0, 185.0, -2), (2.0, 91.0, 0), (84.0, 93.0, 6), (-5.0, 12.0, 0), (91.0, 14.0, 6), (0, 0, 0), (86.0, 5.0, 0), (-17.0, 0, 40), (100.0, 0, 41)]
[(36.0, 376.0, -7.0), (26.0, 384.0, -7.0), (44.0, 385.0, -7.0), (-6.0, 314.0, -4), (81.0, 322.0, -6), (18.0, 184.0, -23), (69.0, 185.0, -6), (3.0, 93.0, 0), (84.0, 93.0, 4), (-6.0, 12.0, 0), (91.0, 14.0, 4), (0, 0, 0), (86.0, 4.0, 0), (-17.0, 0, 40), (100.0, 0, 41)]
[(39.0, 376.0, -6.5), (28.0, 384.0, -6.5), (47.0, 385.0, -6.5), (-4.0, 314.0, -4), (84.0, 322.0, -5), (20.0, 184.0, -23), (70.0, 185.0, -5), (5.0, 93.0, 0), (85.0, 93.0, 5), (-5.0, 12.0, 0), (92.0, 14.0, 5), (0, 0, 0), (88.0, 4.0, 0), (-15.0, 0, 41), (100.0, 0, 42)]
[(41.0, 375.0, -4.5), (31.0, 383.0, -4.5), (49.0, 384.0, -4.5), (-2.0, 313.0, -2), (87.0, 321.0, -5), (21.0, 183.0, -22), (72.0, 184.0, -5), (7.0, 92.0, 2), (86.0, 92.0, 6), (-4.0, 11.0, 2), (93.0, 12.0, 6), (0, 0, 0), (89.0, 3.0, 0), (-14.0, 0, 42), (101.0, 0, 42)]
[(44.0, 375.0, 18.5), (33.0, 383.0, 18.5), (52.0, 384.0, 18.5), (-0.0, 313.0, 9), (90.0, 320.0, 19), (22.0, 184.0, -18), (74.0, 185.0, 5), (8.0, 92.0, 2), (87.0, 91.0, 5), (-4.0, 11.0, 2), (95.0, 11.0, 5), (0, 0, 0), (91.0, 1.0, 0), (-13.0, 0, 42), (103.0, 0, 42)]
[(46.0, 375.0, 28.0), (35.0, 383.0, 28.0), (54.0, 384.0, 28.0), (1.0, 313.0, 19), (92.0, 320.0, 18), (22.0, 185.0, -13), (75.0, 185.0, 5), (8.0, 92.0, 2), (87.0, 90.0, 5), (-4.0, 11.0, 2), (95.0, 10.0, 5), (0, 0, 0), (91.0, 0.0, 0), (-12.0, 0, 42), (104.0, 0, 42)]
[(45.0, 375.0, 37.5), (35.0, 383.0, 37.5), (53.0, 384.0, 37.5), (1.0, 313.0, 25), (91.0, 319.0, 25), (20.0, 185.0, -8), (73.0, 185.0, 5), (7.0, 91.0, 0), (85.0, 90.0, 5), (-5.0, 11.0, 0), (93.0, 10.0, 5), (0, 0, 0), (89.0, 0.0, 0), (-14.0, 0, 42), (102.0, 0, 42)]
[(47.0, 375.0, 33.5), (37.0, 383.0, 33.5), (55.0, 384.0, 33.5), (1.0, 314.0, 21), (91.0, 319.0, 25), (20.0, 185.0, -8), (74.0, 185.0, 4), (10.0, 91.0, 3), (86.0, 90.0, 4), (-3.0, 11.0, 3), (93.0, 10.0, 4), (0, 0, 0), (88.0, 0.0, 0), (-14.0, 0, 42), (103.0, 0, 41)]
[(48.0, 376.0, 27.5), (37.0, 384.0, 27.5), (56.0, 385.0, 27.5), (1.0, 316.0, 12), (92.0, 319.0, 31), (20.0, 186.0, -12), (75.0, 186.0, 5), (11.0, 92.0, 0), (87.0, 91.0, 5), (-3.0, 12.0, 0), (93.0, 11.0, 5), (0, 0, 0), (89.0, 1.0, 0), (-15.0, 0, 41), (103.0, 0, 41)]
[(47.0, 374.0, 23.5), (36.0, 382.0, 23.5), (55.0, 383.0, 23.5), (-0.0, 314.0, 10), (91.0, 317.0, 27), (20.0, 184.0, -13), (74.0, 183.0, 6), (12.0, 90.0, 0), (87.0, 90.0, 6), (-3.0, 12.0, 0), (92.0, 9.0, 6), (0, 0, 0), (88.0, 0.0, 0), (-15.0, 0, 41), (102.0, 0, 42)]
[(47.0, 374.0, 11.5), (37.0, 382.0, 11.5), (55.0, 383.0, 11.5), (-0.0, 314.0, -2), (91.0, 317.0, 27), (20.0, 183.0, -19), (75.0, 183.0, 6), (12.0, 90.0, 0), (87.0, 90.0, 6), (-3.0, 13.0, 0), (92.0, 9.0, 6), (0, 0, 0), (88.0, 0.0, 0), (-15.0, 0, 41), (101.0, 0, 42)]
[(47.0, 374.0, 11.5), (37.0, 382.0, 11.5), (56.0, 383.0, 11.5), (-0.0, 314.0, -2), (91.0, 317.0, 27), (20.0, 183.0, -19), (75.0, 183.0, 6), (12.0, 90.0, 0), (87.0, 90.0, 6), (-3.0, 13.0, 0), (91.0, 9.0, 6), (0, 0, 0), (87.0, 0.0, 0), (-15.0, 0, 41), (101.0, 0, 42)]
[(47.0, 374.0, 5.0), (37.0, 382.0, 5.0), (56.0, 383.0, 5.0), (-0.0, 314.0, -2), (91.0, 317.0, 14), (21.0, 183.0, -18), (75.0, 183.0, -7), (12.0, 90.0, 0), (87.0, 91.0, 6), (-3.0, 13.0, 0), (91.0, 10.0, 6), (0, 0, 0), (87.0, 1.0, 0), (-14.0, 0, 42), (101.0, 0, 41)]
[(45.0, 374.0, -11.0), (35.0, 382.0, -11.0), (54.0, 383.0, -11.0), (-2.0, 315.0, -18), (89.0, 317.0, 14), (19.0, 183.0, -18), (73.0, 183.0, -7), (10.0, 90.0, 0), (85.0, 91.0, 6), (-4.0, 12.0, 0), (90.0, 10.0, 6), (0, 0, 0), (85.0, 1.0, 0), (-16.0, 0, 41), (99.0, 0, 41)]
[(45.0, 374.0, -16.0), (35.0, 382.0, -16.0), (54.0, 383.0, -16.0), (-2.0, 315.0, -23), (89.0, 317.0, 14), (19.0, 182.0, -23), (73.0, 183.0, -7), (10.0, 90.0, 0), (85.0, 91.0, 6), (-4.0, 12.0, 0), (90.0, 11.0, 6), (0, 0, 0), (86.0, 2.0, 0), (-15.0, 0, 41), (99.0, 0, 42)]
[(45.0, 374.0, -11.0), (35.0, 382.0, -11.0), (54.0, 383.0, -11.0), (-2.0, 315.0, -18), (89.0, 317.0, 14), (19.0, 182.0, -18), (73.0, 183.0, -7), (10.0, 89.0, 0), (85.0, 91.0, 6), (-4.0, 12.0, 0), (90.0, 11.0, 6), (0, 0, 0), (85.0, 2.0, 0), (-15.0, 0, 41), (99.0, 0, 41)]
[(45.0, 374.0, 9.0), (35.0, 382.0, 9.0), (54.0, 383.0, 9.0), (-1.0, 315.0, -1), (89.0, 317.0, 20), (19.0, 182.0, -1), (73.0, 182.0, 6), (10.0, 88.0, 11), (85.0, 89.0, 6), (-4.0, 12.0, 0), (90.0, 11.0, 6), (0, 0, 0), (85.0, 2.0, 0), (-15.0, 0, 41), (99.0, 0, 41)]
[(45.0, 373.0, 33.0), (35.0, 382.0, 33.0), (54.0, 383.0, 33.0), (-1.0, 315.0, 17), (89.0, 317.0, 32), (18.0, 182.0, 17), (73.0, 182.0, 18), (10.0, 87.0, 17), (85.0, 88.0, 18), (-3.0, 12.0, 0), (89.0, 11.0, 6), (0, 0, 0), (85.0, 2.0, 0), (-15.0, 0, 41), (99.0, 0, 41)]
[(47.0, 373.0, 30.5), (37.0, 381.0, 30.5), (56.0, 382.0, 30.5), (2.0, 315.0, 16), (91.0, 317.0, 29), (20.0, 182.0, 16), (74.0, 182.0, 16), (11.0, 87.0, 16), (86.0, 88.0, 16), (-2.0, 11.0, 4), (91.0, 11.0, 5), (0, 0, 0), (87.0, 1.0, 0), (-14.0, 0, 42), (100.0, 0, 42)]
[(48.0, 373.0, 33.5), (37.0, 381.0, 33.5), (56.0, 382.0, 33.5), (2.0, 315.0, 16), (91.0, 317.0, 35), (21.0, 182.0, 16), (74.0, 182.0, 22), (11.0, 87.0, 16), (86.0, 87.0, 22), (-2.0, 11.0, 4), (91.0, 11.0, 5), (0, 0, 0), (87.0, 1.0, 0), (-14.0, 0, 42), (100.0, 0, 42)]
[(48.0, 373.0, 25.5), (37.0, 381.0, 25.5), (56.0, 382.0, 25.5), (2.0, 315.0, 14), (91.0, 317.0, 23), (21.0, 182.0, 14), (73.0, 181.0, 23), (11.0, 87.0, 14), (87.0, 86.0, 23), (-3.0, 11.0, 3), (91.0, 10.0, 6), (0, 0, 0), (87.0, 1.0, 0), (-14.0, 0, 42), (100.0, 0, 42)]
[(48.0, 373.0, 26.5), (37.0, 381.0, 26.5), (56.0, 382.0, 26.5), (2.0, 315.0, 15), (91.0, 317.0, 23), (21.0, 182.0, 15), (73.0, 181.0, 23), (10.0, 87.0, 15), (87.0, 86.0, 23), (-3.0, 11.0, 3), (91.0, 10.0, 6), (0, 0, 0), (87.0, 1.0, 0), (-14.0, 0, 42), (100.0, 0, 42)]
[(48.0, 374.0, 17.5), (37.0, 382.0, 17.5), (56.0, 383.0, 17.5), (2.0, 316.0, 6), (91.0, 319.0, 23), (21.0, 183.0, 6), (73.0, 182.0, 23), (10.0, 88.0, 6), (87.0, 87.0, 23), (-3.0, 11.0, 3), (91.0, 11.0, 6), (0, 0, 0), (87.0, 2.0, 0), (-14.0, 0, 42), (100.0, 0, 42)]
[(49.0, 375.0, 12.0), (39.0, 383.0, 12.0), (57.0, 384.0, 12.0), (3.0, 317.0, 3), (92.0, 320.0, 18), (22.0, 183.0, 3), (74.0, 183.0, 18), (11.0, 88.0, 3), (88.0, 88.0, 18), (-3.0, 11.0, 3), (92.0, 11.0, 6), (0, 0, 0), (88.0, 2.0, 0), (-13.0, 0, 42), (101.0, 0, 42)]
[(49.0, 376.0, 11.0), (39.0, 384.0, 11.0), (58.0, 385.0, 11.0), (3.0, 318.0, 0), (92.0, 321.0, 22), (21.0, 185.0, 0), (74.0, 184.0, 22), (11.0, 89.0, 0), (88.0, 89.0, 22), (-3.0, 12.0, 0), (92.0, 13.0, 5), (0, 0, 0), (88.0, 3.0, 0), (-14.0, 0, 42), (100.0, 0, 42)]
[(49.0, 376.0, 9.0), (39.0, 384.0, 9.0), (58.0, 385.0, 9.0), (3.0, 318.0, 0), (92.0, 321.0, 18), (21.0, 185.0, 0), (74.0, 184.0, 18), (11.0, 90.0, 0), (88.0, 89.0, 18), (-3.0, 12.0, 0), (92.0, 12.0, 6), (0, 0, 0), (88.0, 3.0, 0), (-15.0, 0, 41), (101.0, 0, 42)]
[(49.0, 378.0, 8.5), (39.0, 386.0, 8.5), (58.0, 387.0, 8.5), (3.0, 320.0, 0), (91.0, 323.0, 17), (21.0, 187.0, 0), (74.0, 187.0, 17), (10.0, 91.0, 0), (89.0, 91.0, 17), (-3.0, 12.0, 0), (92.0, 14.0, 5), (0, 0, 0), (88.0, 4.0, 0), (-15.0, 0, 41), (101.0, 0, 42)]
[(49.0, 378.0, 8.5), (39.0, 386.0, 8.5), (58.0, 387.0, 8.5), (3.0, 320.0, 0), (91.0, 323.0, 17), (21.0, 187.0, 0), (73.0, 187.0, 17), (9.0, 91.0, 0), (89.0, 91.0, 17), (-3.0, 12.0, 0), (92.0, 14.0, 5), (0, 0, 0), (88.0, 4.0, 0), (-15.0, 0, 41), (101.0, 0, 42)]
[(49.0, 378.0, 11.5), (39.0, 385.0, 11.5), (58.0, 386.0, 11.5), (3.0, 321.0, 0), (90.0, 323.0, 23), (20.0, 187.0, 0), (73.0, 189.0, 2), (9.0, 91.0, 0), (89.0, 93.0, 2), (-3.0, 12.0, 0), (92.0, 13.0, 2), (0, 0, 0), (88.0, 2.0, 0), (-15.0, 0, 41), (100.0, 0, 42)]
[(48.0, 378.0, 15.5), (38.0, 386.0, 15.5), (57.0, 387.0, 15.5), (2.0, 323.0, 0), (89.0, 324.0, 31), (19.0, 190.0, 0), (72.0, 192.0, 0), (8.0, 91.0, 0), (88.0, 94.0, 0), (-3.0, 12.0, 0), (91.0, 13.0, 0), (0, 0, 0), (86.0, 2.0, 0), (-16.0, 0, 41), (99.0, 0, 42)]
[(47.0, 378.0, 32.5), (37.0, 386.0, 32.5), (56.0, 387.0, 32.5), (1.0, 323.0, 12), (87.0, 324.0, 41), (18.0, 191.0, 0), (71.0, 193.0, 6), (7.0, 92.0, 0), (87.0, 94.0, 6), (-4.0, 12.0, 0), (90.0, 12.0, 6), (0, 0, 0), (85.0, 3.0, 0), (-17.0, 0, 40), (97.0, 0, 42)]
[(47.0, 378.0, 19.5), (37.0, 386.0, 19.5), (56.0, 387.0, 19.5), (1.0, 325.0, 0), (87.0, 325.0, 35), (18.0, 192.0, 0), (71.0, 193.0, 4), (7.0, 92.0, 0), (87.0, 94.0, 4), (-4.0, 12.0, 0), (90.0, 13.0, 4), (0, 0, 0), (85.0, 3.0, 0), (-17.0, 0, 40), (97.0, 0, 42)]
[(47.0, 378.0, 24.5), (37.0, 386.0, 24.5), (56.0, 387.0, 24.5), (2.0, 327.0, 0), (87.0, 326.0, 25), (18.0, 192.0, 0), (71.0, 192.0, 4), (7.0, 92.0, 0), (87.0, 94.0, 4), (-4.0, 12.0, 0), (90.0, 13.0, 4), (0, 0, 0), (85.0, 3.0, 0), (-17.0, 0, 40), (97.0, 0, 42)]
[(46.0, 379.0, 25.5), (36.0, 387.0, 25.5), (55.0, 388.0, 25.5), (2.0, 329.0, 0), (85.0, 328.0, 19), (17.0, 194.0, 0), (70.0, 193.0, 4), (6.0, 93.0, 0), (86.0, 95.0, 4), (-4.0, 12.0, 0), (89.0, 13.0, 4), (0, 0, 0), (84.0, 3.0, 0), (-18.0, 0, 40), (96.0, 0, 42)]
[(46.0, 379.0, 25.0), (36.0, 387.0, 25.0), (55.0, 388.0, 25.0), (3.0, 330.0, 2), (85.0, 330.0, 6), (17.0, 195.0, 2), (70.0, 194.0, 6), (6.0, 93.0, 2), (86.0, 95.0, 6), (-4.0, 11.0, 2), (89.0, 12.0, 6), (0, 0, 0), (84.0, 3.0, 0), (-17.0, 0, 40), (95.0, 0, 42)]
[(47.0, 379.0, 25.0), (37.0, 387.0, 25.0), (55.0, 387.0, 25.0), (4.0, 330.0, 2), (86.0, 331.0, 4), (18.0, 196.0, 2), (71.0, 195.0, 4), (7.0, 94.0, 2), (86.0, 96.0, 4), (-4.0, 11.0, 2), (90.0, 13.0, 4), (0, 0, 0), (85.0, 3.0, 0), (-16.0, 0, 41), (96.0, 0, 42)]
[(48.0, 379.0, 27.0), (38.0, 387.0, 27.0), (56.0, 387.0, 27.0), (5.0, 330.0, 3), (87.0, 331.0, 6), (19.0, 195.0, 3), (72.0, 194.0, 6), (8.0, 93.0, 3), (87.0, 95.0, 6), (-3.0, 11.0, 3), (90.0, 12.0, 6), (0, 0, 0), (85.0, 3.0, 0), (-14.0, 0, 42), (97.0, 0, 42)]
[(49.0, 379.0, 27.0), (39.0, 387.0, 27.0), (57.0, 387.0, 27.0), (6.0, 330.0, 3), (88.0, 331.0, 6), (20.0, 195.0, 3), (74.0, 194.0, 6), (8.0, 93.0, 3), (88.0, 95.0, 6), (-3.0, 11.0, 3), (91.0, 12.0, 6), (0, 0, 0), (86.0, 3.0, 0), (-13.0, 0, 42), (98.0, 0, 42)]
[(49.0, 378.0, 29.0), (39.0, 386.0, 29.0), (57.0, 387.0, 29.0), (6.0, 330.0, 3), (88.0, 331.0, 6), (20.0, 195.0, 3), (74.0, 195.0, 6), (8.0, 93.0, 3), (88.0, 95.0, 6), (-3.0, 11.0, 3), (91.0, 12.0, 6), (0, 0, 0), (86.0, 3.0, 0), (-13.0, 0, 42), (99.0, 0, 42)]
[(49.0, 379.0, 28.0), (39.0, 386.0, 28.0), (57.0, 387.0, 28.0), (6.0, 331.0, 3), (88.0, 331.0, 6), (20.0, 196.0, 3), (74.0, 195.0, 6), (8.0, 93.0, 3), (88.0, 95.0, 6), (-3.0, 11.0, 3), (91.0, 12.0, 6), (0, 0, 0), (86.0, 3.0, 0), (-13.0, 0, 42), (98.0, 0, 42)]
[(49.0, 380.0, 34.0), (39.0, 387.0, 34.0), (57.0, 388.0, 34.0), (6.0, 332.0, 2), (88.0, 332.0, 20), (21.0, 197.0, 2), (74.0, 197.0, 4), (8.0, 94.0, 2), (88.0, 96.0, 4), (-4.0, 11.0, 2), (92.0, 13.0, 4), (0, 0, 0), (87.0, 3.0, 0), (-13.0, 0, 42), (99.0, 0, 42)]
[(50.0, 380.0, 28.0), (40.0, 387.0, 28.0), (58.0, 388.0, 28.0), (7.0, 332.0, 3), (89.0, 333.0, 4), (22.0, 197.0, 3), (75.0, 197.0, 4), (9.0, 94.0, 3), (89.0, 95.0, 4), (-3.0, 11.0, 3), (93.0, 13.0, 4), (0, 0, 0), (88.0, 3.0, 0), (-12.0, 0, 42), (101.0, 0, 42)]
[(49.0, 380.0, 27.0), (39.0, 387.0, 27.0), (57.0, 388.0, 27.0), (6.0, 332.0, 2), (88.0, 333.0, 4), (21.0, 197.0, 2), (74.0, 197.0, 4), (8.0, 94.0, 2), (88.0, 95.0, 4), (-4.0, 11.0, 2), (92.0, 13.0, 4), (0, 0, 0), (87.0, 3.0, 0), (-13.0, 0, 42), (100.0, 0, 42)]
[(50.0, 379.0, 32.0), (40.0, 386.0, 32.0), (58.0, 387.0, 32.0), (7.0, 332.0, 5), (89.0, 333.0, 4), (22.0, 196.0, 5), (75.0, 196.0, 4), (9.0, 94.0, 5), (89.0, 95.0, 4), (-3.0, 10.0, 5), (93.0, 12.0, 4), (0, 0, 0), (88.0, 2.0, 0), (-13.0, 0, 42), (101.0, 0, 42)]
[(50.0, 378.0, 32.0), (40.0, 385.0, 32.0), (58.0, 386.0, 32.0), (8.0, 331.0, 3), (89.0, 333.0, 6), (23.0, 196.0, 3), (75.0, 196.0, 6), (10.0, 93.0, 3), (88.0, 94.0, 6), (-3.0, 11.0, 3), (93.0, 10.0, 6), (0, 0, 0), (88.0, 1.0, 0), (-11.0, 0, 42), (101.0, 0, 42)]
[(49.0, 378.0, 30.5), (39.0, 385.0, 30.5), (58.0, 386.0, 30.5), (7.0, 331.0, 2), (88.0, 333.0, 5), (22.0, 196.0, 2), (74.0, 196.0, 5), (9.0, 93.0, 2), (87.0, 94.0, 5), (-4.0, 11.0, 2), (92.0, 10.0, 5), (0, 0, 0), (86.0, 1.0, 0), (-13.0, 0, 42), (100.0, 0, 41)]
[(50.0, 378.0, 30.5), (40.0, 385.0, 30.5), (59.0, 386.0, 30.5), (7.0, 331.0, 2), (89.0, 333.0, 5), (23.0, 197.0, 2), (75.0, 196.0, 5), (10.0, 93.0, 2), (88.0, 94.0, 5), (-4.0, 11.0, 2), (93.0, 10.0, 5), (0, 0, 0), (87.0, 1.0, 0), (-12.0, 0, 42), (101.0, 0, 41)]
[(51.0, 378.0, 30.0), (41.0, 385.0, 30.0), (60.0, 386.0, 30.0), (8.0, 331.0, 2), (90.0, 334.0, 2), (24.0, 197.0, 2), (76.0, 196.0, 2), (11.0, 93.0, 2), (89.0, 95.0, 2), (-4.0, 11.0, 2), (94.0, 11.0, 2), (0, 0, 0), (88.0, 1.0, 0), (-11.0, 0, 42), (102.0, 0, 41)]
[(51.0, 378.0, 32.0), (41.0, 386.0, 32.0), (60.0, 386.0, 32.0), (8.0, 331.0, 2), (90.0, 334.0, 6), (24.0, 197.0, 2), (76.0, 196.0, 6), (11.0, 94.0, 2), (89.0, 95.0, 6), (-4.0, 11.0, 2), (94.0, 11.0, 6), (0, 0, 0), (90.0, 2.0, 0), (-12.0, 0, 42), (102.0, 0, 42)]
[(51.0, 379.0, 35.0), (41.0, 387.0, 35.0), (60.0, 387.0, 35.0), (8.0, 332.0, 5), (90.0, 335.0, 6), (24.0, 198.0, 5), (76.0, 197.0, 6), (11.0, 94.0, 5), (89.0, 95.0, 6), (-4.0, 10.0, 5), (94.0, 12.0, 6), (0, 0, 0), (89.0, 3.0, 0), (-12.0, 0, 42), (101.0, 0, 42)]
[(52.0, 378.0, 34.0), (42.0, 386.0, 34.0), (60.0, 386.0, 34.0), (8.0, 330.0, 5), (90.0, 334.0, 6), (24.0, 196.0, 5), (76.0, 196.0, 6), (11.0, 93.0, 5), (89.0, 94.0, 6), (-4.0, 10.0, 5), (94.0, 11.0, 6), (0, 0, 0), (89.0, 2.0, 0), (-12.0, 0, 42), (101.0, 0, 42)]
[(52.0, 378.0, 34.0), (42.0, 385.0, 34.0), (60.0, 386.0, 34.0), (8.0, 330.0, 5), (90.0, 334.0, 6), (24.0, 196.0, 5), (76.0, 196.0, 6), (11.0, 93.0, 5), (89.0, 94.0, 6), (-4.0, 10.0, 5), (94.0, 11.0, 6), (0, 0, 0), (89.0, 2.0, 0), (-12.0, 0, 42), (101.0, 0, 42)]
[(51.0, 378.0, 34.0), (42.0, 386.0, 34.0), (60.0, 386.0, 34.0), (8.0, 330.0, 5), (90.0, 334.0, 6), (25.0, 196.0, 5), (76.0, 196.0, 6), (11.0, 93.0, 5), (90.0, 94.0, 6), (-4.0, 10.0, 5), (94.0, 11.0, 6), (0, 0, 0), (90.0, 2.0, 0), (-12.0, 0, 42), (101.0, 0, 42)]
[(51.0, 378.0, 36.0), (42.0, 386.0, 36.0), (60.0, 387.0, 36.0), (8.0, 331.0, 5), (90.0, 335.0, 6), (25.0, 197.0, 5), (77.0, 197.0, 6), (11.0, 94.0, 5), (90.0, 95.0, 6), (-4.0, 10.0, 5), (94.0, 12.0, 6), (0, 0, 0), (90.0, 3.0, 0), (-12.0, 0, 42), (102.0, 0, 42)]
[(51.0, 379.0, 34.0), (42.0, 386.0, 34.0), (60.0, 387.0, 34.0), (7.0, 331.0, 5), (90.0, 335.0, 6), (25.0, 197.0, 5), (77.0, 197.0, 6), (11.0, 94.0, 5), (90.0, 95.0, 6), (-4.0, 10.0, 5), (94.0, 12.0, 6), (0, 0, 0), (90.0, 3.0, 0), (-12.0, 0, 42), (102.0, 0, 42)]
[(51.0, 378.0, 34.0), (41.0, 385.0, 34.0), (60.0, 386.0, 34.0), (7.0, 329.0, 5), (90.0, 334.0, 8), (25.0, 196.0, 5), (77.0, 196.0, 8), (11.0, 93.0, 5), (90.0, 94.0, 8), (-4.0, 10.0, 5), (94.0, 9.0, 8), (0, 0, 0), (90.0, 1.0, 0), (-12.0, 0, 42), (102.0, 0, 42)]
[(50.0, 377.0, 36.0), (41.0, 385.0, 36.0), (59.0, 386.0, 36.0), (6.0, 329.0, 5), (89.0, 334.0, 8), (23.0, 196.0, 5), (76.0, 196.0, 8), (9.0, 92.0, 5), (89.0, 93.0, 8), (-4.0, 10.0, 5), (93.0, 9.0, 8), (0, 0, 0), (89.0, 1.0, 0), (-13.0, 0, 42), (101.0, 0, 42)]
[(48.0, 377.0, 34.0), (39.0, 385.0, 34.0), (57.0, 386.0, 34.0), (4.0, 329.0, 4), (86.0, 334.0, 6), (21.0, 196.0, 4), (74.0, 196.0, 6), (7.0, 92.0, 4), (87.0, 93.0, 6), (-5.0, 10.0, 4), (91.0, 10.0, 6), (0, 0, 0), (87.0, 1.0, 0), (-14.0, 0, 42), (99.0, 0, 42)]
[(48.0, 376.0, 35.0), (39.0, 384.0, 35.0), (57.0, 385.0, 35.0), (4.0, 329.0, 4), (86.0, 333.0, 6), (21.0, 196.0, 4), (74.0, 196.0, 6), (7.0, 92.0, 4), (87.0, 93.0, 6), (-5.0, 10.0, 4), (91.0, 9.0, 6), (0, 0, 0), (87.0, 0.0, 0), (-14.0, 0, 42), (100.0, 0, 42)]
[(47.0, 377.0, 31.0), (38.0, 385.0, 31.0), (56.0, 386.0, 31.0), (3.0, 330.0, 0), (85.0, 334.0, 6), (20.0, 196.0, 0), (73.0, 197.0, 6), (6.0, 94.0, 0), (87.0, 95.0, 6), (-5.0, 11.0, 0), (90.0, 11.0, 6), (0, 0, 0), (86.0, 2.0, 0), (-16.0, 0, 41), (99.0, 0, 42)]
[(47.0, 377.0, 31.0), (38.0, 385.0, 31.0), (55.0, 386.0, 31.0), (3.0, 330.0, 0), (85.0, 334.0, 6), (20.0, 196.0, 0), (73.0, 196.0, 6), (6.0, 93.0, 0), (87.0, 94.0, 6), (-5.0, 11.0, 0), (90.0, 11.0, 6), (0, 0, 0), (86.0, 2.0, 0), (-16.0, 0, 41), (98.0, 0, 42)]
[(47.0, 376.0, 30.0), (38.0, 384.0, 30.0), (55.0, 385.0, 30.0), (3.0, 328.0, 0), (84.0, 333.0, 6), (20.0, 195.0, 0), (73.0, 195.0, 6), (5.0, 93.0, 0), (87.0, 93.0, 6), (-5.0, 12.0, 0), (90.0, 10.0, 6), (0, 0, 0), (86.0, 1.0, 0), (-15.0, 0, 41), (99.0, 0, 42)]
[(47.0, 376.0, 30.0), (37.0, 384.0, 30.0), (55.0, 385.0, 30.0), (3.0, 328.0, 0), (84.0, 333.0, 6), (20.0, 195.0, 0), (72.0, 195.0, 6), (5.0, 92.0, 0), (87.0, 93.0, 6), (-5.0, 12.0, 0), (90.0, 10.0, 6), (0, 0, 0), (86.0, 1.0, 0), (-15.0, 0, 41), (99.0, 0, 42)]
[(46.0, 376.0, 30.0), (37.0, 384.0, 30.0), (55.0, 385.0, 30.0), (2.0, 328.0, 0), (84.0, 333.0, 6), (20.0, 195.0, 0), (72.0, 195.0, 6), (5.0, 92.0, 0), (87.0, 93.0, 6), (-4.0, 12.0, 0), (90.0, 10.0, 6), (0, 0, 0), (86.0, 1.0, 0), (-15.0, 0, 41), (99.0, 0, 42)]
[(46.0, 376.0, 30.0), (37.0, 384.0, 30.0), (55.0, 385.0, 30.0), (2.0, 328.0, 0), (84.0, 333.0, 6), (20.0, 194.0, 0), (72.0, 195.0, 6), (5.0, 92.0, 0), (87.0, 93.0, 6), (-4.0, 12.0, 0), (90.0, 10.0, 6), (0, 0, 0), (86.0, 1.0, 0), (-15.0, 0, 41), (99.0, 0, 42)]
[(46.0, 375.0, 31.0), (37.0, 383.0, 31.0), (55.0, 384.0, 31.0), (1.0, 326.0, 2), (84.0, 332.0, 6), (20.0, 193.0, 2), (72.0, 194.0, 6), (5.0, 91.0, 2), (87.0, 92.0, 6), (-4.0, 11.0, 2), (91.0, 10.0, 6), (0, 0, 0), (87.0, 1.0, 0), (-15.0, 0, 41), (98.0, 0, 42)]
[(46.0, 375.0, 31.0), (37.0, 383.0, 31.0), (54.0, 384.0, 31.0), (1.0, 326.0, 2), (84.0, 332.0, 6), (20.0, 193.0, 2), (72.0, 194.0, 6), (5.0, 92.0, 2), (87.0, 92.0, 6), (-4.0, 11.0, 2), (90.0, 10.0, 6), (0, 0, 0), (86.0, 1.0, 0), (-14.0, 0, 42), (98.0, 0, 42)]
[(46.0, 375.0, 30.0), (37.0, 383.0, 30.0), (54.0, 384.0, 30.0), (1.0, 326.0, 2), (84.0, 331.0, 6), (20.0, 193.0, 2), (72.0, 194.0, 6), (5.0, 92.0, 2), (87.0, 92.0, 6), (-4.0, 11.0, 2), (91.0, 10.0, 6), (0, 0, 0), (87.0, 1.0, 0), (-14.0, 0, 42), (98.0, 0, 42)]
[(46.0, 375.0, 30.0), (37.0, 383.0, 30.0), (54.0, 384.0, 30.0), (1.0, 326.0, 2), (84.0, 331.0, 6), (20.0, 193.0, 2), (72.0, 194.0, 6), (5.0, 92.0, 2), (87.0, 92.0, 6), (-4.0, 11.0, 2), (91.0, 10.0, 6), (0, 0, 0), (87.0, 1.0, 0), (-15.0, 0, 41), (99.0, 0, 42)]
[(46.0, 375.0, 30.0), (37.0, 383.0, 30.0), (54.0, 384.0, 30.0), (1.0, 326.0, 2), (84.0, 331.0, 6), (20.0, 193.0, 2), (72.0, 194.0, 6), (5.0, 92.0, 2), (87.0, 92.0, 6), (-4.0, 11.0, 2), (91.0, 10.0, 6), (0, 0, 0), (87.0, 1.0, 0), (-14.0, 0, 42), (99.0, 0, 42)]
[(46.0, 375.0, 30.0), (37.0, 383.0, 30.0), (54.0, 384.0, 30.0), (1.0, 326.0, 2), (84.0, 331.0, 6), (20.0, 193.0, 2), (72.0, 194.0, 6), (6.0, 92.0, 2), (87.0, 92.0, 6), (-4.0, 11.0, 2), (91.0, 10.0, 6), (0, 0, 0), (87.0, 1.0, 0), (-15.0, 0, 41), (99.0, 0, 42)]
[(45.0, 375.0, 30.0), (37.0, 383.0, 30.0), (54.0, 383.0, 30.0), (-0.0, 326.0, 2), (83.0, 331.0, 6), (20.0, 193.0, 2), (72.0, 194.0, 6), (5.0, 92.0, 2), (87.0, 92.0, 6), (-4.0, 11.0, 2), (91.0, 10.0, 6), (0, 0, 0), (87.0, 1.0, 0), (-15.0, 0, 41), (99.0, 0, 42)]
[(45.0, 376.0, 27.5), (37.0, 384.0, 27.5), (54.0, 384.0, 27.5), (-0.0, 327.0, 0), (83.0, 332.0, 5), (20.0, 194.0, 0), (72.0, 195.0, 5), (5.0, 93.0, 0), (87.0, 93.0, 5), (-4.0, 12.0, 0), (91.0, 12.0, 5), (0, 0, 0), (87.0, 2.0, 0), (-15.0, 0, 41), (99.0, 0, 42)]
[(45.0, 375.0, 30.0), (37.0, 383.0, 30.0), (54.0, 383.0, 30.0), (-0.0, 327.0, 2), (83.0, 331.0, 4), (19.0, 193.0, 2), (72.0, 193.0, 4), (4.0, 92.0, 2), (87.0, 91.0, 4), (-4.0, 11.0, 2), (91.0, 11.0, 4), (0, 0, 0), (86.0, 1.0, 0), (-15.0, 0, 41), (100.0, 0, 41)]
[(45.0, 375.0, 31.0), (37.0, 383.0, 31.0), (54.0, 384.0, 31.0), (-0.0, 328.0, 2), (83.0, 331.0, 4), (19.0, 193.0, 2), (71.0, 193.0, 4), (3.0, 92.0, 2), (87.0, 92.0, 4), (-4.0, 11.0, 2), (91.0, 11.0, 4), (0, 0, 0), (86.0, 1.0, 0), (-16.0, 0, 41), (101.0, 0, 41)]
[(45.0, 374.0, 31.0), (36.0, 382.0, 31.0), (54.0, 383.0, 31.0), (-0.0, 327.0, 2), (82.0, 330.0, 4), (18.0, 192.0, 2), (71.0, 193.0, 4), (3.0, 92.0, 2), (87.0, 92.0, 4), (-4.0, 11.0, 2), (91.0, 11.0, 4), (0, 0, 0), (86.0, 1.0, 0), (-16.0, 0, 41), (101.0, 0, 41)]
[(45.0, 374.0, 31.0), (36.0, 381.0, 31.0), (54.0, 382.0, 31.0), (-1.0, 327.0, 2), (82.0, 330.0, 4), (18.0, 192.0, 2), (71.0, 193.0, 4), (3.0, 93.0, 2), (87.0, 93.0, 4), (-4.0, 11.0, 2), (91.0, 11.0, 4), (0, 0, 0), (86.0, 1.0, 0), (-17.0, 0, 40), (101.0, 0, 41)]
[(45.0, 373.0, 31.5), (36.0, 381.0, 31.5), (53.0, 381.0, 31.5), (-1.0, 326.0, 2), (82.0, 330.0, 5), (18.0, 192.0, 2), (71.0, 193.0, 5), (2.0, 93.0, 2), (87.0, 93.0, 5), (-4.0, 11.0, 2), (91.0, 11.0, 5), (0, 0, 0), (87.0, 1.0, 0), (-16.0, 0, 41), (101.0, 0, 41)]
[(45.0, 372.0, 31.5), (36.0, 380.0, 31.5), (53.0, 381.0, 31.5), (-1.0, 326.0, 0), (82.0, 330.0, 5), (18.0, 192.0, 0), (71.0, 193.0, 5), (2.0, 93.0, 0), (87.0, 93.0, 5), (-5.0, 12.0, 0), (91.0, 11.0, 5), (0, 0, 0), (87.0, 1.0, 0), (-16.0, 0, 41), (101.0, 0, 41)]
[(45.0, 372.0, 31.0), (36.0, 380.0, 31.0), (53.0, 381.0, 31.0), (-1.0, 326.0, 0), (82.0, 330.0, 4), (18.0, 192.0, 0), (71.0, 193.0, 4), (2.0, 93.0, 0), (87.0, 93.0, 4), (-5.0, 12.0, 0), (91.0, 11.0, 4), (0, 0, 0), (86.0, 1.0, 0), (-16.0, 0, 41), (101.0, 0, 41)]
[(45.0, 371.0, 32.5), (36.0, 380.0, 32.5), (53.0, 380.0, 32.5), (-1.0, 326.0, 0), (82.0, 330.0, 5), (18.0, 193.0, 0), (71.0, 193.0, 5), (2.0, 94.0, 0), (87.0, 94.0, 5), (-5.0, 12.0, 0), (91.0, 11.0, 5), (0, 0, 0), (85.0, 2.0, 0), (-16.0, 0, 41), (100.0, 0, 41)]
[(44.0, 371.0, 31.0), (35.0, 379.0, 31.0), (52.0, 380.0, 31.0), (-2.0, 326.0, 0), (81.0, 330.0, 2), (17.0, 192.0, 0), (70.0, 192.0, 2), (1.0, 93.0, 0), (86.0, 93.0, 2), (-6.0, 12.0, 0), (90.0, 12.0, 2), (0, 0, 0), (84.0, 2.0, 0), (-17.0, 0, 40), (99.0, 0, 41)]
[(44.0, 371.0, 31.0), (35.0, 379.0, 31.0), (52.0, 380.0, 31.0), (-2.0, 326.0, 0), (81.0, 330.0, 2), (17.0, 192.0, 0), (70.0, 192.0, 2), (-0.0, 93.0, 0), (86.0, 93.0, 2), (-5.0, 12.0, 0), (90.0, 11.0, 2), (0, 0, 0), (84.0, 1.0, 0), (-17.0, 0, 40), (100.0, 0, 41)]
[(44.0, 371.0, 31.0), (35.0, 379.0, 31.0), (52.0, 380.0, 31.0), (-2.0, 326.0, 0), (81.0, 330.0, 2), (17.0, 192.0, 0), (70.0, 192.0, 2), (-0.0, 93.0, 0), (86.0, 93.0, 2), (-5.0, 12.0, 0), (90.0, 11.0, 2), (0, 0, 0), (84.0, 1.0, 0), (-17.0, 0, 40), (100.0, 0, 41)]
[(42.0, 372.0, 31.0), (33.0, 380.0, 31.0), (50.0, 380.0, 31.0), (-4.0, 326.0, 0), (79.0, 330.0, 4), (15.0, 192.0, 0), (68.0, 192.0, 4), (-2.0, 93.0, 0), (84.0, 93.0, 4), (-6.0, 12.0, 0), (88.0, 11.0, 4), (0, 0, 0), (83.0, 1.0, 0), (-20.0, 0, 39), (98.0, 0, 41)]
[(42.0, 373.0, 30.0), (33.0, 380.0, 30.0), (50.0, 381.0, 30.0), (-3.0, 326.0, 0), (79.0, 330.0, 4), (15.0, 192.0, 0), (68.0, 192.0, 4), (-1.0, 93.0, 0), (84.0, 93.0, 4), (-6.0, 12.0, 0), (88.0, 11.0, 4), (0, 0, 0), (83.0, 1.0, 0), (-20.0, 0, 39), (97.0, 0, 41)]
[(41.0, 372.0, 30.5), (32.0, 379.0, 30.5), (49.0, 380.0, 30.5), (-4.0, 325.0, 0), (78.0, 329.0, 5), (14.0, 191.0, 0), (67.0, 191.0, 5), (-2.0, 92.0, 0), (83.0, 92.0, 5), (-6.0, 11.0, 0), (87.0, 10.0, 5), (0, 0, 0), (83.0, 0.0, 0), (-21.0, 0, 38), (96.0, 0, 42)]
[(41.0, 372.0, 30.5), (32.0, 379.0, 30.5), (49.0, 380.0, 30.5), (-4.0, 325.0, 0), (78.0, 329.0, 5), (14.0, 191.0, 0), (67.0, 191.0, 5), (-2.0, 92.0, 0), (83.0, 92.0, 5), (-6.0, 12.0, 0), (87.0, 10.0, 5), (0, 0, 0), (83.0, 0.0, 0), (-21.0, 0, 38), (96.0, 0, 42)]
[(41.0, 372.0, 30.5), (32.0, 379.0, 30.5), (49.0, 380.0, 30.5), (-4.0, 325.0, 0), (78.0, 329.0, 5), (14.0, 190.0, 0), (67.0, 191.0, 5), (-2.0, 91.0, 0), (84.0, 92.0, 5), (-6.0, 12.0, 0), (87.0, 10.0, 5), (0, 0, 0), (83.0, 0.0, 0), (-21.0, 0, 38), (96.0, 0, 42)]
[(41.0, 372.0, 30.0), (32.0, 379.0, 30.0), (49.0, 380.0, 30.0), (-4.0, 325.0, 0), (78.0, 329.0, 4), (14.0, 190.0, 0), (67.0, 191.0, 4), (-2.0, 91.0, 0), (84.0, 91.0, 4), (-6.0, 12.0, 0), (87.0, 10.0, 4), (0, 0, 0), (82.0, 0.0, 0), (-21.0, 0, 38), (96.0, 0, 42)]
[(42.0, 370.0, 34.0), (33.0, 378.0, 34.0), (50.0, 378.0, 34.0), (-4.0, 324.0, 4), (79.0, 327.0, 4), (14.0, 188.0, 4), (68.0, 189.0, 4), (-3.0, 89.0, 4), (85.0, 89.0, 4), (-6.0, 11.0, 0), (89.0, 8.0, 4), (0, 0, 0), (84.0, -2.0, 0), (-20.0, 0, 39), (97.0, 0, 42)]
[(41.0, 370.0, 34.0), (32.0, 378.0, 34.0), (49.0, 378.0, 34.0), (-5.0, 324.0, 4), (78.0, 327.0, 4), (13.0, 188.0, 4), (67.0, 189.0, 4), (-4.0, 89.0, 4), (84.0, 90.0, 4), (-7.0, 11.0, 0), (88.0, 8.0, 4), (0, 0, 0), (83.0, -2.0, 0), (-21.0, 0, 38), (96.0, 0, 42)]
[(41.0, 371.0, 32.0), (32.0, 379.0, 32.0), (49.0, 379.0, 32.0), (-5.0, 325.0, 3), (78.0, 327.0, 4), (13.0, 189.0, 3), (67.0, 190.0, 4), (-3.0, 90.0, 3), (84.0, 91.0, 4), (-7.0, 12.0, 0), (88.0, 9.0, 4), (0, 0, 0), (83.0, -1.0, 0), (-21.0, 0, 38), (96.0, 0, 42)]
[(41.0, 371.0, 32.0), (32.0, 379.0, 32.0), (49.0, 379.0, 32.0), (-5.0, 325.0, 3), (78.0, 327.0, 4), (13.0, 189.0, 3), (67.0, 190.0, 4), (-3.0, 90.0, 3), (84.0, 91.0, 4), (-7.0, 12.0, 0), (88.0, 10.0, 4), (0, 0, 0), (83.0, 0.0, 0), (-21.0, 0, 38), (96.0, 0, 42)]
[(40.0, 372.0, 34.5), (31.0, 379.0, 34.5), (48.0, 379.0, 34.5), (-6.0, 325.0, 4), (78.0, 326.0, 11), (12.0, 189.0, 4), (66.0, 190.0, 4), (-4.0, 90.0, 4), (83.0, 91.0, 4), (-7.0, 12.0, 0), (87.0, 10.0, 4), (0, 0, 0), (82.0, 0.0, 0), (-22.0, 0, 38), (95.0, 0, 42)]
[(39.0, 372.0, 31.0), (30.0, 380.0, 31.0), (48.0, 380.0, 31.0), (-6.0, 325.0, 0), (78.0, 326.0, 12), (12.0, 189.0, 0), (66.0, 190.0, 5), (-3.0, 91.0, 0), (83.0, 92.0, 5), (-7.0, 12.0, 0), (87.0, 10.0, 5), (0, 0, 0), (81.0, 1.0, 0), (-22.0, 0, 38), (95.0, 0, 41)]
[(40.0, 373.0, 31.5), (31.0, 381.0, 31.5), (48.0, 381.0, 31.5), (-5.0, 325.0, 3), (79.0, 326.0, 11), (13.0, 190.0, 3), (67.0, 190.0, 4), (-2.0, 91.0, 3), (83.0, 92.0, 4), (-6.0, 13.0, 0), (87.0, 11.0, 4), (0, 0, 0), (82.0, 1.0, 0), (-21.0, 0, 38), (96.0, 0, 41)]
[(38.0, 373.0, 37.5), (30.0, 382.0, 37.5), (47.0, 381.0, 37.5), (-7.0, 325.0, 3), (78.0, 326.0, 23), (11.0, 190.0, 3), (65.0, 191.0, 6), (-3.0, 91.0, 3), (82.0, 93.0, 6), (-7.0, 13.0, 0), (86.0, 11.0, 6), (0, 0, 0), (81.0, 2.0, 0), (-23.0, 0, 37), (94.0, 0, 42)]
[(38.0, 374.0, 32.5), (29.0, 382.0, 32.5), (47.0, 382.0, 32.5), (-7.0, 325.0, 0), (77.0, 326.0, 23), (11.0, 191.0, 0), (65.0, 191.0, 6), (-2.0, 92.0, 0), (81.0, 94.0, 6), (-7.0, 13.0, 0), (86.0, 12.0, 6), (0, 0, 0), (81.0, 3.0, 0), (-23.0, 0, 37), (94.0, 0, 42)]
[(39.0, 374.0, 31.5), (30.0, 382.0, 31.5), (48.0, 382.0, 31.5), (-7.0, 324.0, 0), (78.0, 324.0, 29), (12.0, 190.0, 0), (65.0, 190.0, 6), (-1.0, 91.0, 0), (82.0, 93.0, 6), (-6.0, 12.0, 0), (87.0, 11.0, 6), (0, 0, 0), (82.0, 2.0, 0), (-21.0, 0, 38), (95.0, 0, 42)]
[(40.0, 376.0, 16.5), (31.0, 384.0, 16.5), (49.0, 384.0, 16.5), (-7.0, 320.0, 0), (80.0, 323.0, 33), (13.0, 187.0, 0), (65.0, 190.0, 6), (-0.0, 91.0, 0), (80.0, 93.0, 6), (-6.0, 12.0, 0), (87.0, 12.0, 6), (0, 0, 0), (82.0, 3.0, 0), (-20.0, 0, 39), (95.0, 0, 42)]
[(40.0, 377.0, 14.5), (31.0, 385.0, 14.5), (49.0, 386.0, 14.5), (-8.0, 319.0, 0), (80.0, 322.0, 29), (12.0, 186.0, 0), (65.0, 189.0, 2), (-0.0, 91.0, 0), (81.0, 93.0, 2), (-6.0, 12.0, 0), (87.0, 13.0, 2), (0, 0, 0), (81.0, 3.0, 0), (-20.0, 0, 39), (95.0, 0, 41)]
[(41.0, 378.0, 8.0), (31.0, 386.0, 8.0), (50.0, 386.0, 8.0), (-9.0, 319.0, 0), (81.0, 322.0, 16), (11.0, 185.0, 0), (65.0, 187.0, 2), (-0.0, 90.0, 0), (81.0, 92.0, 2), (-6.0, 12.0, 0), (87.0, 13.0, 2), (0, 0, 0), (81.0, 3.0, 0), (-19.0, 0, 39), (96.0, 0, 41)]
[(41.0, 378.0, 9.5), (31.0, 386.0, 9.5), (50.0, 387.0, 9.5), (-9.0, 318.0, 2), (82.0, 322.0, 15), (11.0, 184.0, 2), (65.0, 185.0, 15), (-0.0, 90.0, 12), (81.0, 91.0, 15), (-5.0, 13.0, 0), (87.0, 14.0, 4), (0, 0, 0), (82.0, 4.0, 0), (-19.0, 0, 39), (96.0, 0, 41)]
[(41.0, 379.0, -7.0), (31.0, 387.0, -7.0), (50.0, 387.0, -7.0), (-8.0, 317.0, -10), (82.0, 321.0, 6), (11.0, 184.0, -10), (65.0, 185.0, 6), (-0.0, 90.0, 0), (81.0, 91.0, 6), (-5.0, 12.0, 0), (87.0, 13.0, 6), (0, 0, 0), (82.0, 4.0, 0), (-19.0, 0, 39), (96.0, 0, 41)]
[(41.0, 380.0, 0.5), (32.0, 388.0, 0.5), (50.0, 388.0, 0.5), (-8.0, 318.0, -9), (83.0, 321.0, 19), (12.0, 185.0, -9), (66.0, 186.0, 6), (-0.0, 91.0, 0), (81.0, 92.0, 6), (-5.0, 13.0, 0), (87.0, 14.0, 6), (0, 0, 0), (82.0, 5.0, 0), (-19.0, 0, 39), (96.0, 0, 41)]
[(40.0, 380.0, 11.5), (31.0, 388.0, 11.5), (49.0, 388.0, 11.5), (-9.0, 317.0, -4), (82.0, 321.0, 31), (11.0, 185.0, -10), (65.0, 186.0, 18), (-0.0, 91.0, 0), (80.0, 92.0, 18), (-6.0, 13.0, 0), (86.0, 15.0, 7), (0, 0, 0), (81.0, 7.0, 0), (-20.0, 0, 39), (95.0, 0, 41)]
[(40.0, 378.0, 16.0), (31.0, 387.0, 16.0), (49.0, 387.0, 16.0), (-9.0, 316.0, -4), (82.0, 320.0, 40), (11.0, 184.0, -10), (65.0, 186.0, 19), (-0.0, 90.0, 0), (80.0, 91.0, 19), (-6.0, 12.0, 0), (86.0, 14.0, 8), (0, 0, 0), (82.0, 6.0, 0), (-19.0, 0, 39), (95.0, 0, 41)]
[(40.0, 379.0, 20.5), (31.0, 387.0, 20.5), (49.0, 388.0, 20.5), (-9.0, 317.0, 7), (82.0, 321.0, 27), (11.0, 186.0, -10), (65.0, 187.0, 6), (-0.0, 92.0, 0), (80.0, 94.0, 6), (-6.0, 13.0, 0), (86.0, 15.0, 6), (0, 0, 0), (82.0, 6.0, 0), (-19.0, 0, 39), (95.0, 0, 41)]
[(40.0, 379.0, 4.5), (31.0, 387.0, 4.5), (49.0, 388.0, 4.5), (-9.0, 318.0, -9), (82.0, 321.0, 27), (12.0, 186.0, -9), (65.0, 187.0, 6), (-0.0, 92.0, 0), (80.0, 93.0, 6), (-6.0, 13.0, 0), (86.0, 15.0, 6), (0, 0, 0), (82.0, 6.0, 0), (-19.0, 0, 39), (95.0, 0, 41)]
[(41.0, 379.0, 22.0), (32.0, 387.0, 22.0), (50.0, 388.0, 22.0), (-8.0, 318.0, 0), (83.0, 320.0, 44), (13.0, 186.0, 0), (67.0, 187.0, 17), (1.0, 91.0, 0), (81.0, 92.0, 17), (-5.0, 12.0, 0), (87.0, 15.0, 6), (0, 0, 0), (83.0, 6.0, 0), (-19.0, 0, 39), (95.0, 0, 42)]
[(40.0, 379.0, 32.5), (31.0, 387.0, 32.5), (49.0, 388.0, 32.5), (-9.0, 317.0, 16), (82.0, 320.0, 33), (12.0, 186.0, 0), (66.0, 187.0, 6), (1.0, 91.0, 0), (80.0, 93.0, 6), (-5.0, 13.0, 0), (86.0, 15.0, 6), (0, 0, 0), (82.0, 6.0, 0), (-20.0, 0, 39), (94.0, 0, 42)]
[(40.0, 379.0, 22.5), (31.0, 387.0, 22.5), (49.0, 388.0, 22.5), (-9.0, 317.0, 6), (82.0, 320.0, 33), (12.0, 186.0, -10), (66.0, 187.0, 6), (1.0, 92.0, 0), (79.0, 93.0, 6), (-6.0, 13.0, 0), (86.0, 15.0, 6), (0, 0, 0), (82.0, 6.0, 0), (-21.0, 0, 38), (94.0, 0, 42)]
[(40.0, 379.0, 33.0), (31.0, 387.0, 33.0), (49.0, 388.0, 33.0), (-8.0, 317.0, 17), (83.0, 320.0, 32), (12.0, 186.0, 0), (66.0, 187.0, 6), (1.0, 91.0, 0), (79.0, 93.0, 6), (-6.0, 13.0, 0), (86.0, 14.0, 6), (0, 0, 0), (81.0, 5.0, 0), (-21.0, 0, 38), (94.0, 0, 42)]
[(40.0, 379.0, 32.0), (31.0, 387.0, 32.0), (49.0, 388.0, 32.0), (-8.0, 317.0, 16), (83.0, 320.0, 32), (13.0, 186.0, 0), (66.0, 187.0, 6), (1.0, 91.0, 0), (79.0, 92.0, 6), (-6.0, 12.0, 0), (86.0, 14.0, 6), (0, 0, 0), (81.0, 5.0, 0), (-21.0, 0, 38), (94.0, 0, 42)]
[(40.0, 379.0, 38.5), (31.0, 387.0, 38.5), (49.0, 388.0, 38.5), (-8.0, 317.0, 22), (83.0, 320.0, 33), (13.0, 187.0, 0), (66.0, 187.0, 7), (1.0, 91.0, 0), (79.0, 91.0, 7), (-6.0, 12.0, 0), (86.0, 13.0, 7), (0, 0, 0), (81.0, 5.0, 0), (-21.0, 0, 38), (94.0, 0, 42)]
[(40.0, 378.0, 37.0), (31.0, 386.0, 37.0), (50.0, 387.0, 37.0), (-8.0, 316.0, 16), (83.0, 319.0, 42), (13.0, 185.0, 0), (66.0, 186.0, 16), (1.0, 90.0, 0), (79.0, 89.0, 16), (-6.0, 12.0, 0), (86.0, 12.0, 6), (0, 0, 0), (81.0, 3.0, 0), (-21.0, 0, 38), (94.0, 0, 42)]
[(40.0, 377.0, 42.0), (31.0, 385.0, 42.0), (50.0, 386.0, 42.0), (-8.0, 315.0, 28), (83.0, 319.0, 28), (12.0, 184.0, 11), (66.0, 185.0, 7), (1.0, 89.0, 11), (79.0, 89.0, 7), (-6.0, 12.0, 0), (86.0, 11.0, 7), (0, 0, 0), (81.0, 3.0, 0), (-21.0, 0, 38), (94.0, 0, 42)]
[(40.0, 377.0, 43.0), (31.0, 385.0, 43.0), (50.0, 386.0, 43.0), (-8.0, 315.0, 28), (82.0, 319.0, 30), (12.0, 184.0, 11), (66.0, 184.0, 16), (1.0, 89.0, 11), (79.0, 89.0, 16), (-6.0, 12.0, 0), (86.0, 12.0, 6), (0, 0, 0), (81.0, 3.0, 0), (-21.0, 0, 38), (94.0, 0, 42)]
[(40.0, 377.0, 20.5), (31.0, 385.0, 20.5), (50.0, 386.0, 20.5), (-8.0, 315.0, 9), (82.0, 320.0, 23), (12.0, 183.0, 3), (66.0, 184.0, 23), (-0.0, 89.0, 12), (79.0, 89.0, 23), (-6.0, 12.0, 0), (86.0, 13.0, 7), (0, 0, 0), (81.0, 5.0, 0), (-21.0, 0, 38), (94.0, 0, 42)]
[(39.0, 375.0, 19.5), (29.0, 384.0, 19.5), (48.0, 384.0, 19.5), (-9.0, 317.0, 3), (80.0, 320.0, 33), (11.0, 183.0, 3), (65.0, 185.0, 18), (-1.0, 89.0, 12), (80.0, 90.0, 18), (-6.0, 12.0, 0), (85.0, 13.0, 7), (0, 0, 0), (80.0, 5.0, 0), (-22.0, 0, 38), (93.0, 0, 42)]
[(39.0, 374.0, 18.0), (29.0, 382.0, 18.0), (48.0, 383.0, 18.0), (-9.0, 317.0, 7), (78.0, 320.0, 22), (11.0, 183.0, 7), (64.0, 185.0, 6), (-3.0, 89.0, 13), (82.0, 91.0, 6), (-6.0, 12.0, 0), (85.0, 13.0, 6), (0, 0, 0), (80.0, 4.0, 0), (-22.0, 0, 38), (94.0, 0, 41)]
[(38.0, 374.0, 26.0), (29.0, 382.0, 26.0), (47.0, 382.0, 26.0), (-9.0, 321.0, 7), (78.0, 322.0, 24), (11.0, 185.0, 7), (64.0, 187.0, 8), (-3.0, 91.0, 13), (83.0, 93.0, 8), (-6.0, 14.0, 0), (85.0, 15.0, 6), (0, 0, 0), (80.0, 6.0, 0), (-25.0, 0, 36), (95.0, 0, 41)]
[(38.0, 372.0, 38.5), (29.0, 380.0, 38.5), (47.0, 380.0, 38.5), (-9.0, 321.0, 10), (77.0, 322.0, 25), (11.0, 185.0, 10), (65.0, 186.0, 18), (-4.0, 91.0, 13), (83.0, 91.0, 18), (-6.0, 14.0, 0), (85.0, 14.0, 6), (0, 0, 0), (80.0, 5.0, 0), (-24.0, 0, 37), (95.0, 0, 41)]
[(39.0, 369.0, 26.5), (30.0, 377.0, 26.5), (48.0, 377.0, 26.5), (-7.0, 322.0, -10), (77.0, 323.0, 23), (12.0, 185.0, -10), (66.0, 186.0, 23), (-3.0, 92.0, 4), (84.0, 90.0, 23), (-5.0, 14.0, 0), (86.0, 14.0, 6), (0, 0, 0), (81.0, 5.0, 0), (-23.0, 0, 37), (97.0, 0, 40)]
[(39.0, 367.0, 29.0), (30.0, 375.0, 29.0), (48.0, 375.0, 29.0), (-7.0, 323.0, -15), (76.0, 323.0, 30), (12.0, 183.0, -15), (66.0, 185.0, 30), (-8.0, 92.0, 4), (85.0, 89.0, 30), (-6.0, 14.0, 0), (86.0, 15.0, 6), (0, 0, 0), (81.0, 6.0, 0), (-22.0, 0, 38), (97.0, 0, 40)]
[(39.0, 364.0, 40.0), (30.0, 372.0, 40.0), (47.0, 372.0, 40.0), (-7.0, 322.0, -10), (75.0, 322.0, 36), (11.0, 181.0, -10), (66.0, 181.0, 36), (-11.0, 91.0, 12), (86.0, 86.0, 36), (-6.0, 14.0, 0), (86.0, 14.0, 6), (0, 0, 0), (81.0, 5.0, 0), (-22.0, 0, 38), (97.0, 0, 40)]
[(37.0, 362.0, 60.0), (28.0, 371.0, 60.0), (45.0, 370.0, 60.0), (-8.0, 322.0, 8), (74.0, 320.0, 38), (10.0, 179.0, 8), (65.0, 180.0, 38), (-13.0, 88.0, 24), (86.0, 86.0, 38), (-7.0, 14.0, 0), (86.0, 15.0, 6), (0, 0, 0), (81.0, 6.0, 0), (-23.0, 0, 37), (96.0, 0, 41)]
[(37.0, 358.0, 54.0), (28.0, 366.0, 54.0), (44.0, 366.0, 54.0), (-8.0, 318.0, -1), (74.0, 318.0, 42), (10.0, 176.0, -1), (65.0, 177.0, 42), (-13.0, 88.0, 27), (87.0, 85.0, 42), (-7.0, 15.0, 0), (86.0, 15.0, 8), (0, 0, 0), (82.0, 7.0, 0), (-26.0, 0, 35), (96.0, 0, 41)]
[(36.0, 354.0, 62.5), (28.0, 362.0, 62.5), (44.0, 361.0, 62.5), (-8.0, 313.0, 4), (74.0, 313.0, 51), (10.0, 174.0, 4), (66.0, 174.0, 51), (-14.0, 86.0, 31), (88.0, 81.0, 51), (-7.0, 15.0, 0), (86.0, 16.0, 8), (0, 0, 0), (82.0, 8.0, 0), (-26.0, 0, 35), (96.0, 0, 41)]
[(36.0, 348.0, 55.0), (27.0, 356.0, 55.0), (44.0, 356.0, 55.0), (-9.0, 308.0, -5), (74.0, 308.0, 52), (10.0, 171.0, -5), (66.0, 171.0, 52), (-15.0, 86.0, 29), (90.0, 80.0, 52), (-7.0, 14.0, 0), (87.0, 16.0, 8), (0, 0, 0), (82.0, 9.0, 0), (-26.0, 0, 35), (96.0, 0, 41)]
[(36.0, 344.0, 59.0), (27.0, 351.0, 59.0), (44.0, 351.0, 59.0), (-9.0, 305.0, -5), (74.0, 304.0, 58), (10.0, 168.0, -5), (66.0, 169.0, 38), (-14.0, 84.0, 32), (91.0, 80.0, 53), (-8.0, 13.0, 0), (87.0, 16.0, 9), (0, 0, 0), (82.0, 10.0, 0), (-26.0, 0, 35), (97.0, 0, 40)]
[(36.0, 341.0, 47.5), (27.0, 348.0, 47.5), (44.0, 348.0, 47.5), (-9.0, 301.0, -9), (74.0, 299.0, 47), (10.0, 164.0, -9), (65.0, 165.0, 22), (-15.0, 83.0, 34), (91.0, 80.0, 51), (-8.0, 13.0, 0), (87.0, 16.0, 7), (0, 0, 0), (82.0, 8.0, 0), (-26.0, 0, 35), (98.0, 0, 40)]
[(37.0, 337.0, 39.5), (27.0, 344.0, 39.5), (44.0, 343.0, 39.5), (-8.0, 296.0, -16), (73.0, 295.0, 47), (9.0, 161.0, -16), (65.0, 163.0, 13), (-18.0, 83.0, 31), (91.0, 81.0, 50), (-10.0, 12.0, 0), (87.0, 16.0, 7), (0, 0, 0), (82.0, 8.0, 0), (-26.0, 0, 35), (98.0, 0, 40)]
[(37.0, 330.0, 33.0), (27.0, 337.0, 33.0), (44.0, 337.0, 33.0), (-8.0, 290.0, -23), (73.0, 289.0, 44), (9.0, 155.0, -23), (65.0, 157.0, 10), (-21.0, 82.0, 30), (92.0, 78.0, 52), (-10.0, 11.0, 0), (88.0, 15.0, 7), (0, 0, 0), (83.0, 7.0, 0), (-27.0, 0, 35), (100.0, 0, 40)]
[(38.0, 323.0, 38.0), (28.0, 330.0, 38.0), (45.0, 330.0, 38.0), (-7.0, 283.0, -12), (74.0, 285.0, 30), (10.0, 151.0, -24), (66.0, 152.0, 0), (-25.0, 82.0, 31), (94.0, 79.0, 51), (-11.0, 12.0, 0), (89.0, 15.0, 7), (0, 0, 0), (84.0, 7.0, 0), (-29.0, 0, 33), (101.0, 0, 40)]
[(41.0, 315.0, 69.0), (31.0, 323.0, 69.0), (48.0, 323.0, 69.0), (-3.0, 278.0, 10), (77.0, 280.0, 42), (14.0, 150.0, -24), (70.0, 151.0, -2), (-22.0, 82.0, 32), (97.0, 79.0, 51), (-10.0, 12.0, 0), (92.0, 15.0, 7), (0, 0, 0), (87.0, 7.0, 0), (-29.0, 0, 33), (104.0, 0, 40)]
[(40.0, 307.0, 93.0), (30.0, 315.0, 93.0), (48.0, 314.0, 93.0), (-3.0, 270.0, 28), (77.0, 273.0, 52), (14.0, 149.0, -26), (70.0, 150.0, -7), (-25.0, 82.0, 29), (98.0, 79.0, 47), (-10.0, 11.0, 0), (92.0, 12.0, 8), (0, 0, 0), (87.0, 5.0, 0), (-30.0, 0, 32), (103.0, 0, 40)]
[(37.0, 300.0, 87.0), (27.0, 307.0, 87.0), (45.0, 307.0, 87.0), (-5.0, 264.0, 22), (75.0, 263.0, 54), (12.0, 143.0, -32), (67.0, 144.0, -12), (-30.0, 82.0, 27), (97.0, 79.0, 48), (-13.0, 11.0, 0), (89.0, 13.0, 8), (0, 0, 0), (84.0, 6.0, 0), (-32.0, 0, 30), (98.0, 0, 41)]
[(32.0, 268.0, 111.0), (22.0, 275.0, 111.0), (40.0, 275.0, 111.0), (-8.0, 232.0, 37), (70.0, 237.0, 66), (10.0, 127.0, -43), (63.0, 128.0, -16), (-36.0, 80.0, 25), (94.0, 72.0, 52), (-12.0, 10.0, 0), (83.0, 9.0, 8), (0, 0, 0), (77.0, 3.0, 0), (-35.0, 0, 27), (93.0, 0, 41)]
[(31.0, 258.0, 109.5), (22.0, 265.0, 109.5), (39.0, 265.0, 109.5), (-9.0, 224.0, 38), (69.0, 226.0, 61), (9.0, 122.0, -46), (62.0, 123.0, -28), (-40.0, 79.0, 23), (95.0, 73.0, 44), (-12.0, 10.0, 0), (80.0, 6.0, 7), (0, 0, 0), (73.0, 0.0, 0), (-35.0, 0, 27), (91.0, 0, 40)]
[(31.0, 247.0, 113.0), (22.0, 254.0, 113.0), (39.0, 254.0, 113.0), (-8.0, 215.0, 41), (69.0, 219.0, 58), (9.0, 118.0, -49), (62.0, 118.0, -33), (-41.0, 79.0, 22), (96.0, 73.0, 41), (-12.0, 10.0, 0), (77.0, 6.0, 6), (0, 0, 0), (69.0, 0.0, 0), (-36.0, 0, 25), (89.0, 0, 39)]
[(31.0, 239.0, 121.0), (23.0, 246.0, 121.0), (39.0, 246.0, 121.0), (-6.0, 210.0, 51), (69.0, 213.0, 50), (9.0, 115.0, -41), (61.0, 115.0, -44), (-40.0, 77.0, 31), (98.0, 75.0, 32), (-12.0, 11.0, 0), (77.0, 7.0, 0), (0, 0, 0), (68.0, -1.0, 0), (-34.0, 0, 28), (89.0, 0, 38)]
[(31.0, 232.0, 124.0), (23.0, 239.0, 124.0), (39.0, 239.0, 124.0), (-5.0, 202.0, 53), (69.0, 207.0, 52), (10.0, 112.0, -44), (61.0, 112.0, -45), (-39.0, 77.0, 29), (98.0, 75.0, 32), (-12.0, 10.0, 0), (77.0, 7.0, 0), (0, 0, 0), (68.0, -1.0, 0), (-33.0, 0, 29), (89.0, 0, 38)]
[(32.0, 229.0, 123.0), (24.0, 236.0, 123.0), (40.0, 236.0, 123.0), (-6.0, 200.0, 51), (69.0, 205.0, 52), (10.0, 112.0, -48), (61.0, 112.0, -47), (-39.0, 80.0, 27), (98.0, 78.0, 32), (-12.0, 12.0, 0), (77.0, 10.0, 0), (0, 0, 0), (69.0, 1.0, 0), (-33.0, 0, 29), (91.0, 0, 38)]
[(32.0, 222.0, 126.0), (24.0, 230.0, 126.0), (40.0, 230.0, 126.0), (-4.0, 198.0, 50), (69.0, 199.0, 58), (10.0, 110.0, -49), (60.0, 110.0, -45), (-38.0, 79.0, 27), (98.0, 77.0, 34), (-11.0, 11.0, 0), (77.0, 10.0, 0), (0, 0, 0), (69.0, 0.0, 0), (-34.0, 0, 28), (91.0, 0, 38)]
[(32.0, 220.0, 121.5), (24.0, 226.0, 121.5), (41.0, 228.0, 121.5), (-3.0, 196.0, 46), (69.0, 194.0, 59), (10.0, 106.0, -51), (60.0, 107.0, -46), (-38.0, 79.0, 26), (98.0, 78.0, 34), (-10.0, 11.0, 0), (77.0, 11.0, 0), (0, 0, 0), (69.0, 1.0, 0), (-33.0, 0, 29), (91.0, 0, 38)]
[(32.0, 218.0, 126.5), (24.0, 226.0, 126.5), (41.0, 227.0, 126.5), (-3.0, 194.0, 52), (69.0, 193.0, 55), (9.0, 106.0, -47), (59.0, 105.0, -49), (-38.0, 80.0, 31), (98.0, 79.0, 32), (-10.0, 14.0, 0), (77.0, 11.0, 0), (0, 0, 0), (69.0, 1.0, 0), (-32.0, 0, 30), (91.0, 0, 38)]
[(33.0, 219.0, 121.0), (25.0, 226.0, 121.0), (42.0, 228.0, 121.0), (-2.0, 193.0, 50), (70.0, 194.0, 50), (10.0, 106.0, -50), (60.0, 107.0, -54), (-37.0, 81.0, 28), (99.0, 81.0, 27), (-9.0, 14.0, 0), (78.0, 11.0, 0), (0, 0, 0), (71.0, 1.0, 0), (-32.0, 0, 30), (92.0, 0, 38)]
[(34.0, 221.0, 122.0), (25.0, 228.0, 122.0), (42.0, 230.0, 122.0), (-2.0, 194.0, 51), (71.0, 194.0, 52), (11.0, 107.0, -49), (61.0, 107.0, -52), (-36.0, 81.0, 29), (99.0, 81.0, 29), (-9.0, 14.0, 0), (78.0, 12.0, 0), (0, 0, 0), (71.0, 1.0, 0), (-32.0, 0, 30), (92.0, 0, 38)]
[(33.0, 226.0, 120.0), (25.0, 233.0, 120.0), (41.0, 235.0, 120.0), (-3.0, 198.0, 50), (72.0, 197.0, 52), (10.0, 111.0, -50), (60.0, 111.0, -53), (-35.0, 83.0, 29), (95.0, 84.0, 29), (-10.0, 15.0, 0), (77.0, 14.0, 0), (0, 0, 0), (70.0, 3.0, 0), (-33.0, 0, 29), (91.0, 0, 38)]
[(34.0, 232.0, 115.5), (25.0, 239.0, 115.5), (41.0, 240.0, 115.5), (-3.0, 203.0, 47), (72.0, 203.0, 49), (10.0, 115.0, -52), (60.0, 116.0, -55), (-33.0, 84.0, 27), (92.0, 87.0, 28), (-9.0, 15.0, 0), (77.0, 16.0, 0), (0, 0, 0), (70.0, 4.0, 0), (-32.0, 0, 30), (92.0, 0, 38)]
[(34.0, 236.0, 127.5), (26.0, 242.0, 127.5), (42.0, 243.0, 127.5), (-2.0, 206.0, 56), (71.0, 210.0, 53), (11.0, 122.0, -47), (60.0, 123.0, -51), (-31.0, 84.0, 29), (90.0, 87.0, 30), (-9.0, 15.0, 0), (78.0, 16.0, 0), (0, 0, 0), (71.0, 4.0, 0), (-32.0, 0, 30), (92.0, 0, 38)]
[(34.0, 244.0, 130.0), (26.0, 251.0, 130.0), (42.0, 251.0, 130.0), (-2.0, 214.0, 56), (70.0, 218.0, 58), (11.0, 129.0, -46), (60.0, 130.0, -46), (-28.0, 84.0, 28), (88.0, 86.0, 31), (-8.0, 14.0, 0), (79.0, 15.0, 0), (0, 0, 0), (72.0, 4.0, 0), (-31.0, 0, 31), (91.0, 0, 39)]
[(34.0, 254.0, 120.5), (26.0, 262.0, 120.5), (42.0, 261.0, 120.5), (-1.0, 223.0, 52), (70.0, 225.0, 51), (11.0, 133.0, -46), (61.0, 135.0, -51), (-25.0, 86.0, 28), (86.0, 88.0, 26), (-9.0, 15.0, 0), (80.0, 15.0, 0), (0, 0, 0), (74.0, 4.0, 0), (-32.0, 0, 30), (91.0, 0, 40)]
[(34.0, 266.0, 123.0), (26.0, 273.0, 123.0), (42.0, 272.0, 123.0), (-0.0, 232.0, 54), (70.0, 234.0, 56), (12.0, 139.0, -41), (61.0, 141.0, -43), (-23.0, 85.0, 29), (85.0, 87.0, 29), (-9.0, 14.0, 0), (80.0, 14.0, 2), (0, 0, 0), (74.0, 4.0, 0), (-32.0, 0, 30), (90.0, 0, 41)]
[(36.0, 276.0, 123.0), (27.0, 283.0, 123.0), (43.0, 283.0, 123.0), (-0.0, 241.0, 54), (70.0, 243.0, 58), (13.0, 148.0, -41), (62.0, 150.0, -41), (-18.0, 88.0, 26), (84.0, 89.0, 26), (-9.0, 15.0, 0), (80.0, 15.0, 2), (0, 0, 0), (74.0, 5.0, 0), (-30.0, 0, 32), (90.0, 0, 40)]
[(37.0, 286.0, 103.5), (28.0, 293.0, 103.5), (45.0, 293.0, 103.5), (1.0, 250.0, 43), (71.0, 251.0, 43), (15.0, 154.0, -48), (63.0, 155.0, -54), (-13.0, 91.0, 17), (82.0, 94.0, 14), (-8.0, 15.0, 0), (81.0, 17.0, 2), (0, 0, 0), (75.0, 7.0, 0), (-29.0, 0, 33), (91.0, 0, 40)]
[(37.0, 296.0, 82.0), (28.0, 302.0, 82.0), (45.0, 303.0, 82.0), (1.0, 259.0, 28), (72.0, 259.0, 32), (15.0, 159.0, -59), (64.0, 159.0, -60), (-12.0, 92.0, 3), (80.0, 94.0, 5), (-8.0, 14.0, 0), (80.0, 16.0, 2), (0, 0, 0), (74.0, 6.0, 0), (-28.0, 0, 34), (91.0, 0, 40)]
[(37.0, 306.0, 86.5), (28.0, 312.0, 86.5), (44.0, 313.0, 86.5), (1.0, 268.0, 28), (72.0, 269.0, 43), (15.0, 163.0, -53), (64.0, 163.0, -42), (-10.0, 91.0, 4), (80.0, 92.0, 17), (-7.0, 13.0, 0), (80.0, 16.0, 0), (0, 0, 0), (74.0, 5.0, 0), (-27.0, 0, 35), (91.0, 0, 40)]
[(38.0, 342.0, 95.5), (29.0, 348.0, 95.5), (45.0, 349.0, 95.5), (-0.0, 303.0, 28), (73.0, 302.0, 65), (14.0, 182.0, -27), (63.0, 181.0, 3), (-6.0, 93.0, 0), (78.0, 91.0, 24), (-8.0, 13.0, 0), (78.0, 17.0, 0), (0, 0, 0), (72.0, 6.0, 0), (-28.0, 0, 34), (89.0, 0, 40)]