[(46.0, 350.0, 80.5), (37.0, 357.0, 80.5), (54.0, 358.0, 80.5), (3.0, 312.0, 7), (82.0, 310.0, 77), (20.0, 185.0, -31), (70.0, 185.0, 23), (1.0, 97.0, 0), (86.0, 92.0, 23), (-6.0, 15.0, 0), (85.0, 16.0, 6), (0, 0, 0), (80.0, 7.0, 0), (-23.0, 0, 37), (94.0, 0, 41)]
[(46.0, 354.0, 76.0), (37.0, 362.0, 76.0), (54.0, 362.0, 76.0), (2.0, 315.0, 13), (82.0, 316.0, 54), (20.0, 188.0, -24), (70.0, 188.0, 8), (1.0, 98.0, 0), (86.0, 94.0, 8), (-6.0, 15.0, 0), (85.0, 16.0, 6), (0, 0, 0), (80.0, 7.0, 0), (-24.0, 0, 37), (94.0, 0, 41)]
[(46.0, 361.0, 72.5), (37.0, 369.0, 72.5), (54.0, 369.0, 72.5), (2.0, 321.0, 15), (83.0, 319.0, 49), (20.0, 191.0, -10), (70.0, 190.0, 6), (2.0, 98.0, 0), (86.0, 94.0, 6), (-5.0, 15.0, 0), (85.0, 15.0, 6), (0, 0, 0), (80.0, 6.0, 0), (-23.0, 0, 37), (94.0, 0, 41)]
[(46.0, 366.0, 50.5), (37.0, 374.0, 50.5), (54.0, 375.0, 50.5), (2.0, 324.0, 0), (83.0, 322.0, 39), (20.0, 191.0, 0), (70.0, 190.0, 6), (2.0, 97.0, 0), (86.0, 94.0, 6), (-5.0, 15.0, 0), (85.0, 15.0, 6), (0, 0, 0), (80.0, 6.0, 0), (-23.0, 0, 37), (95.0, 0, 41)]
[(46.0, 370.0, 46.0), (36.0, 377.0, 46.0), (54.0, 378.0, 46.0), (1.0, 328.0, 0), (83.0, 326.0, 32), (20.0, 193.0, 0), (70.0, 193.0, 4), (2.0, 98.0, 0), (86.0, 95.0, 4), (-5.0, 15.0, 0), (85.0, 16.0, 4), (0, 0, 0), (80.0, 6.0, 0), (-24.0, 0, 37), (96.0, 0, 40)]
[(45.0, 375.0, 40.0), (36.0, 383.0, 40.0), (53.0, 383.0, 40.0), (-0.0, 329.0, 0), (82.0, 329.0, 28), (18.0, 196.0, 0), (69.0, 196.0, 0), (1.0, 99.0, 0), (85.0, 97.0, 0), (-6.0, 15.0, 0), (84.0, 16.0, 0), (0, 0, 0), (77.0, 6.0, 0), (-25.0, 0, 36), (95.0, 0, 40)]
[(45.0, 375.0, 71.0), (36.0, 383.0, 71.0), (53.0, 383.0, 71.0), (-0.0, 330.0, 25), (82.0, 330.0, 36), (18.0, 200.0, 0), (68.0, 199.0, 0), (3.0, 102.0, 0), (85.0, 102.0, 0), (-6.0, 15.0, 0), (83.0, 17.0, 0), (0, 0, 0), (75.0, 6.0, 0), (-24.0, 0, 37), (95.0, 0, 39)]
[(44.0, 377.0, 54.0), (35.0, 385.0, 54.0), (52.0, 385.0, 54.0), (-1.0, 332.0, 10), (81.0, 332.0, 32), (17.0, 200.0, 0), (67.0, 200.0, 0), (2.0, 102.0, 0), (83.0, 103.0, 0), (-7.0, 15.0, 0), (81.0, 17.0, 0), (0, 0, 0), (73.0, 7.0, 0), (-25.0, 0, 36), (93.0, 0, 38)]
[(44.0, 379.0, 51.0), (35.0, 386.0, 51.0), (52.0, 386.0, 51.0), (-3.0, 332.0, 10), (81.0, 333.0, 32), (15.0, 200.0, 0), (66.0, 201.0, 0), (3.0, 103.0, 0), (83.0, 104.0, 0), (-7.0, 15.0, 0), (81.0, 18.0, 0), (0, 0, 0), (74.0, 7.0, 0), (-24.0, 0, 37), (93.0, 0, 39)]
[(44.0, 381.0, 31.5), (35.0, 388.0, 31.5), (52.0, 387.0, 31.5), (-4.0, 332.0, 0), (81.0, 333.0, 21), (14.0, 199.0, 0), (65.0, 199.0, 0), (3.0, 102.0, 0), (82.0, 103.0, 0), (-7.0, 15.0, 0), (82.0, 18.0, 0), (0, 0, 0), (76.0, 7.0, 0), (-24.0, 0, 37), (93.0, 0, 40)]
[(44.0, 380.0, 35.0), (35.0, 387.0, 35.0), (52.0, 387.0, 35.0), (-4.0, 332.0, 0), (81.0, 332.0, 26), (14.0, 197.0, 0), (65.0, 198.0, 5), (3.0, 101.0, 0), (81.0, 102.0, 5), (-7.0, 14.0, 0), (83.0, 17.0, 5), (0, 0, 0), (79.0, 7.0, 0), (-24.0, 0, 37), (91.0, 0, 42)]
[(43.0, 380.0, 35.0), (34.0, 387.0, 35.0), (52.0, 387.0, 35.0), (-5.0, 332.0, 0), (81.0, 332.0, 26), (13.0, 197.0, 0), (65.0, 198.0, 5), (3.0, 101.0, 0), (81.0, 102.0, 5), (-7.0, 14.0, 0), (83.0, 17.0, 5), (0, 0, 0), (79.0, 7.0, 0), (-24.0, 0, 37), (91.0, 0, 42)]
[(43.0, 380.0, 36.0), (34.0, 386.0, 36.0), (52.0, 387.0, 36.0), (-5.0, 333.0, 0), (81.0, 332.0, 26), (13.0, 197.0, 0), (64.0, 198.0, 5), (2.0, 101.0, 0), (80.0, 101.0, 5), (-7.0, 15.0, 0), (83.0, 17.0, 5), (0, 0, 0), (79.0, 7.0, 0), (-24.0, 0, 37), (90.0, 0, 42)]
[(43.0, 380.0, 35.0), (34.0, 386.0, 35.0), (51.0, 387.0, 35.0), (-5.0, 332.0, 0), (81.0, 332.0, 26), (13.0, 197.0, 0), (64.0, 198.0, 5), (1.0, 101.0, 0), (79.0, 100.0, 5), (-7.0, 15.0, 0), (83.0, 17.0, 5), (0, 0, 0), (79.0, 7.0, 0), (-24.0, 0, 37), (90.0, 0, 42)]
[(43.0, 378.0, 37.0), (34.0, 385.0, 37.0), (51.0, 386.0, 37.0), (-5.0, 331.0, 0), (81.0, 331.0, 26), (13.0, 196.0, 0), (64.0, 197.0, 5), (-0.0, 99.0, 0), (79.0, 99.0, 5), (-7.0, 14.0, 0), (83.0, 16.0, 5), (0, 0, 0), (79.0, 6.0, 0), (-24.0, 0, 37), (90.0, 0, 42)]
[(42.0, 379.0, 35.0), (33.0, 386.0, 35.0), (51.0, 386.0, 35.0), (-6.0, 331.0, 0), (81.0, 331.0, 26), (12.0, 196.0, 0), (64.0, 197.0, 5), (-1.0, 99.0, 0), (79.0, 99.0, 5), (-8.0, 14.0, 0), (82.0, 16.0, 5), (0, 0, 0), (78.0, 6.0, 0), (-24.0, 0, 37), (90.0, 0, 42)]
[(42.0, 379.0, 35.0), (33.0, 385.0, 35.0), (51.0, 386.0, 35.0), (-5.0, 331.0, 0), (81.0, 331.0, 26), (12.0, 196.0, 0), (64.0, 197.0, 5), (-1.0, 98.0, 0), (79.0, 99.0, 5), (-8.0, 13.0, 0), (82.0, 16.0, 5), (0, 0, 0), (78.0, 6.0, 0), (-24.0, 0, 37), (91.0, 0, 41)]
[(43.0, 379.0, 34.5), (34.0, 385.0, 34.5), (51.0, 387.0, 34.5), (-4.0, 331.0, 0), (81.0, 331.0, 25), (13.0, 196.0, 0), (65.0, 197.0, 4), (-1.0, 98.0, 0), (80.0, 98.0, 4), (-7.0, 13.0, 0), (83.0, 15.0, 4), (0, 0, 0), (78.0, 5.0, 0), (-23.0, 0, 37), (92.0, 0, 41)]
[(42.0, 379.0, 35.5), (34.0, 385.0, 35.5), (51.0, 386.0, 35.5), (-4.0, 331.0, 0), (81.0, 331.0, 27), (13.0, 196.0, 0), (65.0, 197.0, 6), (-2.0, 98.0, 0), (80.0, 97.0, 6), (-7.0, 13.0, 0), (83.0, 14.0, 6), (0, 0, 0), (78.0, 5.0, 0), (-23.0, 0, 37), (92.0, 0, 41)]
[(42.0, 379.0, 32.0), (34.0, 385.0, 32.0), (51.0, 386.0, 32.0), (-5.0, 331.0, 0), (81.0, 331.0, 20), (13.0, 196.0, 0), (65.0, 196.0, 6), (-2.0, 97.0, 0), (80.0, 96.0, 6), (-7.0, 14.0, 0), (83.0, 14.0, 6), (0, 0, 0), (78.0, 5.0, 0), (-23.0, 0, 37), (92.0, 0, 41)]
[(42.0, 378.0, 32.0), (34.0, 384.0, 32.0), (51.0, 385.0, 32.0), (-5.0, 330.0, 0), (81.0, 330.0, 20), (13.0, 194.0, 0), (65.0, 195.0, 6), (-2.0, 96.0, 0), (80.0, 95.0, 6), (-7.0, 13.0, 0), (83.0, 13.0, 6), (0, 0, 0), (78.0, 4.0, 0), (-22.0, 0, 38), (91.0, 0, 42)]
[(42.0, 378.0, 25.5), (34.0, 384.0, 25.5), (51.0, 385.0, 25.5), (-4.0, 330.0, 0), (81.0, 331.0, 5), (13.0, 195.0, 0), (65.0, 195.0, 5), (-1.0, 96.0, 0), (80.0, 95.0, 5), (-7.0, 12.0, 0), (83.0, 13.0, 5), (0, 0, 0), (77.0, 4.0, 0), (-22.0, 0, 38), (91.0, 0, 41)]
[(43.0, 378.0, 26.5), (35.0, 384.0, 26.5), (52.0, 385.0, 26.5), (-3.0, 331.0, 0), (82.0, 331.0, 5), (14.0, 195.0, 0), (66.0, 195.0, 5), (-0.0, 96.0, 0), (81.0, 95.0, 5), (-6.0, 13.0, 0), (84.0, 13.0, 5), (0, 0, 0), (78.0, 4.0, 0), (-21.0, 0, 38), (92.0, 0, 41)]
[(43.0, 378.0, 34.0), (35.0, 384.0, 34.0), (52.0, 385.0, 34.0), (-3.0, 331.0, 0), (82.0, 331.0, 20), (14.0, 195.0, 0), (66.0, 196.0, 6), (-0.0, 96.0, 0), (81.0, 95.0, 6), (-7.0, 13.0, 0), (84.0, 13.0, 6), (0, 0, 0), (79.0, 4.0, 0), (-21.0, 0, 38), (92.0, 0, 42)]
[(43.0, 378.0, 34.0), (35.0, 385.0, 34.0), (52.0, 385.0, 34.0), (-4.0, 331.0, 0), (82.0, 331.0, 20), (14.0, 195.0, 0), (66.0, 196.0, 6), (-0.0, 96.0, 0), (81.0, 95.0, 6), (-7.0, 13.0, 0), (84.0, 13.0, 6), (0, 0, 0), (79.0, 4.0, 0), (-21.0, 0, 38), (92.0, 0, 42)]
[(43.0, 377.0, 37.5), (34.0, 384.0, 37.5), (52.0, 384.0, 37.5), (-4.0, 330.0, 0), (82.0, 330.0, 27), (14.0, 195.0, 0), (66.0, 196.0, 6), (-0.0, 96.0, 0), (81.0, 96.0, 6), (-7.0, 12.0, 0), (84.0, 12.0, 6), (0, 0, 0), (79.0, 3.0, 0), (-21.0, 0, 38), (91.0, 0, 42)]
[(42.0, 378.0, 40.5), (34.0, 385.0, 40.5), (51.0, 385.0, 40.5), (-5.0, 331.0, 0), (81.0, 331.0, 33), (13.0, 197.0, 0), (65.0, 198.0, 6), (-0.0, 97.0, 0), (80.0, 97.0, 6), (-7.0, 13.0, 0), (83.0, 13.0, 6), (0, 0, 0), (79.0, 4.0, 0), (-22.0, 0, 38), (91.0, 0, 42)]
[(42.0, 378.0, 40.0), (34.0, 385.0, 40.0), (51.0, 385.0, 40.0), (-5.0, 331.0, 0), (81.0, 331.0, 32), (13.0, 197.0, 0), (65.0, 198.0, 5), (-0.0, 98.0, 0), (80.0, 98.0, 5), (-7.0, 13.0, 0), (83.0, 14.0, 5), (0, 0, 0), (79.0, 4.0, 0), (-22.0, 0, 38), (91.0, 0, 42)]
[(42.0, 378.0, 40.0), (34.0, 385.0, 40.0), (51.0, 385.0, 40.0), (-5.0, 331.0, 0), (80.0, 331.0, 32), (13.0, 197.0, 0), (65.0, 198.0, 5), (-0.0, 98.0, 0), (79.0, 99.0, 5), (-7.0, 13.0, 0), (83.0, 14.0, 5), (0, 0, 0), (79.0, 4.0, 0), (-22.0, 0, 38), (91.0, 0, 42)]
[(42.0, 379.0, 40.0), (33.0, 386.0, 40.0), (50.0, 386.0, 40.0), (-5.0, 332.0, 0), (80.0, 332.0, 32), (13.0, 198.0, 0), (65.0, 199.0, 5), (1.0, 99.0, 0), (80.0, 100.0, 5), (-7.0, 14.0, 0), (83.0, 15.0, 5), (0, 0, 0), (79.0, 5.0, 0), (-22.0, 0, 38), (91.0, 0, 42)]
[(41.0, 379.0, 40.5), (32.0, 386.0, 40.5), (49.0, 387.0, 40.5), (-6.0, 332.0, 0), (79.0, 332.0, 33), (12.0, 198.0, 0), (64.0, 199.0, 6), (-0.0, 99.0, 0), (79.0, 99.0, 6), (-7.0, 14.0, 0), (82.0, 15.0, 6), (0, 0, 0), (78.0, 6.0, 0), (-23.0, 0, 37), (90.0, 0, 42)]
[(41.0, 379.0, 41.0), (32.0, 386.0, 41.0), (49.0, 387.0, 41.0), (-6.0, 332.0, 0), (79.0, 332.0, 34), (12.0, 198.0, 0), (64.0, 199.0, 7), (-2.0, 98.0, 0), (79.0, 98.0, 7), (-8.0, 14.0, 0), (82.0, 15.0, 7), (0, 0, 0), (79.0, 6.0, 0), (-23.0, 0, 37), (90.0, 0, 42)]
[(41.0, 379.0, 41.0), (33.0, 386.0, 41.0), (50.0, 387.0, 41.0), (-5.0, 332.0, 0), (80.0, 332.0, 34), (13.0, 198.0, 0), (65.0, 199.0, 7), (-1.0, 98.0, 0), (80.0, 98.0, 7), (-7.0, 14.0, 0), (83.0, 15.0, 7), (0, 0, 0), (80.0, 6.0, 0), (-22.0, 0, 38), (91.0, 0, 42)]
[(41.0, 379.0, 34.5), (32.0, 386.0, 34.5), (49.0, 387.0, 34.5), (-5.0, 332.0, 0), (80.0, 332.0, 21), (13.0, 197.0, 0), (65.0, 197.0, 6), (-1.0, 98.0, 0), (80.0, 98.0, 6), (-7.0, 14.0, 0), (83.0, 15.0, 6), (0, 0, 0), (78.0, 6.0, 0), (-22.0, 0, 38), (91.0, 0, 41)]
[(42.0, 379.0, 26.0), (33.0, 386.0, 26.0), (51.0, 386.0, 26.0), (-5.0, 331.0, 0), (81.0, 332.0, 6), (14.0, 195.0, 0), (66.0, 195.0, 6), (-1.0, 96.0, 0), (81.0, 96.0, 6), (-7.0, 13.0, 0), (84.0, 14.0, 6), (0, 0, 0), (79.0, 5.0, 0), (-22.0, 0, 38), (93.0, 0, 41)]
[(42.0, 377.0, 28.0), (33.0, 385.0, 28.0), (51.0, 385.0, 28.0), (-5.0, 330.0, 0), (81.0, 331.0, 6), (14.0, 193.0, 0), (66.0, 193.0, 6), (-1.0, 95.0, 0), (82.0, 93.0, 6), (-7.0, 13.0, 0), (84.0, 14.0, 6), (0, 0, 0), (79.0, 5.0, 0), (-22.0, 0, 38), (93.0, 0, 41)]
[(41.0, 375.0, 31.0), (32.0, 382.0, 31.0), (49.0, 383.0, 31.0), (-7.0, 328.0, 0), (79.0, 326.0, 18), (13.0, 188.0, 0), (65.0, 190.0, 18), (-4.0, 93.0, 0), (85.0, 91.0, 18), (-8.0, 13.0, 0), (83.0, 14.0, 6), (0, 0, 0), (78.0, 5.0, 0), (-23.0, 0, 37), (93.0, 0, 41)]
[(41.0, 371.0, 31.5), (32.0, 378.0, 31.5), (49.0, 378.0, 31.5), (-7.0, 326.0, -6), (79.0, 324.0, 23), (12.0, 184.0, -6), (65.0, 186.0, 23), (-6.0, 91.0, 4), (85.0, 90.0, 23), (-8.0, 13.0, 0), (83.0, 14.0, 6), (0, 0, 0), (78.0, 5.0, 0), (-23.0, 0, 37), (93.0, 0, 41)]
[(41.0, 366.0, 47.0), (32.0, 374.0, 47.0), (49.0, 374.0, 47.0), (-7.0, 325.0, 8), (79.0, 322.0, 16), (13.0, 183.0, 8), (66.0, 185.0, 16), (-7.0, 90.0, 13), (87.0, 90.0, 16), (-7.0, 13.0, 0), (84.0, 13.0, 4), (0, 0, 0), (79.0, 3.0, 0), (-23.0, 0, 37), (95.0, 0, 41)]
[(40.0, 364.0, 28.5), (31.0, 372.0, 28.5), (48.0, 371.0, 28.5), (-7.0, 320.0, -5), (78.0, 319.0, 11), (13.0, 179.0, -5), (66.0, 181.0, 11), (-8.0, 89.0, 18), (86.0, 90.0, 21), (-7.0, 13.0, 0), (84.0, 14.0, 4), (0, 0, 0), (79.0, 4.0, 0), (-23.0, 0, 37), (95.0, 0, 41)]
[(41.0, 361.0, 64.5), (32.0, 369.0, 64.5), (48.0, 369.0, 64.5), (-6.0, 318.0, 20), (79.0, 317.0, 29), (14.0, 176.0, 20), (67.0, 179.0, 29), (-12.0, 85.0, 30), (89.0, 87.0, 29), (-7.0, 13.0, 0), (85.0, 14.0, 2), (0, 0, 0), (79.0, 4.0, 0), (-23.0, 0, 37), (96.0, 0, 40)]
[(40.0, 361.0, 59.0), (31.0, 367.0, 59.0), (47.0, 368.0, 59.0), (-6.0, 317.0, 13), (79.0, 315.0, 36), (14.0, 176.0, 13), (67.0, 178.0, 36), (-12.0, 86.0, 30), (90.0, 86.0, 36), (-7.0, 14.0, 0), (85.0, 16.0, 2), (0, 0, 0), (79.0, 6.0, 0), (-23.0, 0, 37), (96.0, 0, 40)]
[(39.0, 356.0, 75.5), (30.0, 363.0, 75.5), (46.0, 363.0, 75.5), (-7.0, 316.0, 14), (77.0, 312.0, 59), (12.0, 175.0, 14), (66.0, 177.0, 41), (-14.0, 85.0, 31), (89.0, 84.0, 41), (-7.0, 14.0, 0), (84.0, 15.0, 5), (0, 0, 0), (78.0, 6.0, 0), (-23.0, 0, 37), (95.0, 0, 40)]
[(39.0, 348.0, 63.0), (30.0, 356.0, 63.0), (46.0, 357.0, 63.0), (-7.0, 311.0, 3), (76.0, 309.0, 48), (12.0, 173.0, 3), (66.0, 175.0, 23), (-13.0, 85.0, 29), (89.0, 86.0, 41), (-7.0, 13.0, 0), (85.0, 16.0, 7), (0, 0, 0), (80.0, 8.0, 0), (-24.0, 0, 37), (96.0, 0, 40)]
[(39.0, 348.0, 56.0), (30.0, 355.0, 56.0), (46.0, 355.0, 56.0), (-6.0, 306.0, -1), (76.0, 306.0, 50), (12.0, 173.0, -1), (66.0, 174.0, 16), (-15.0, 86.0, 26), (90.0, 87.0, 41), (-7.0, 13.0, 0), (85.0, 17.0, 7), (0, 0, 0), (80.0, 9.0, 0), (-24.0, 0, 37), (97.0, 0, 39)]
[(39.0, 342.0, 86.0), (30.0, 349.0, 86.0), (47.0, 350.0, 86.0), (-6.0, 301.0, 22), (76.0, 302.0, 60), (11.0, 171.0, -4), (66.0, 172.0, 19), (-16.0, 85.0, 26), (90.0, 85.0, 44), (-7.0, 12.0, 0), (86.0, 17.0, 6), (0, 0, 0), (80.0, 9.0, 0), (-25.0, 0, 36), (97.0, 0, 39)]
[(40.0, 336.0, 96.0), (30.0, 344.0, 96.0), (47.0, 344.0, 96.0), (-5.0, 295.0, 31), (76.0, 298.0, 60), (12.0, 167.0, -3), (67.0, 168.0, 19), (-17.0, 83.0, 31), (91.0, 82.0, 47), (-7.0, 12.0, 0), (88.0, 16.0, 6), (0, 0, 0), (82.0, 8.0, 0), (-25.0, 0, 36), (100.0, 0, 39)]
[(40.0, 327.0, 96.0), (30.0, 335.0, 96.0), (47.0, 335.0, 96.0), (-4.0, 288.0, 32), (76.0, 291.0, 54), (12.0, 162.0, -9), (67.0, 163.0, 7), (-19.0, 82.0, 32), (92.0, 81.0, 45), (-8.0, 12.0, 0), (88.0, 14.0, 6), (0, 0, 0), (82.0, 6.0, 0), (-26.0, 0, 35), (100.0, 0, 40)]
[(39.0, 324.0, 101.5), (29.0, 330.0, 101.5), (47.0, 331.0, 101.5), (-4.0, 283.0, 38), (76.0, 287.0, 57), (12.0, 161.0, -14), (67.0, 161.0, 5), (-20.0, 83.0, 30), (92.0, 80.0, 45), (-9.0, 12.0, 0), (88.0, 13.0, 6), (0, 0, 0), (82.0, 5.0, 0), (-26.0, 0, 35), (101.0, 0, 39)]
[(39.0, 316.0, 105.5), (29.0, 323.0, 105.5), (47.0, 324.0, 105.5), (-4.0, 278.0, 35), (75.0, 280.0, 67), (12.0, 157.0, -19), (67.0, 160.0, 2), (-23.0, 83.0, 29), (92.0, 81.0, 45), (-9.0, 12.0, 0), (90.0, 13.0, 7), (0, 0, 0), (85.0, 5.0, 0), (-29.0, 0, 33), (101.0, 0, 40)]
[(38.0, 310.0, 122.5), (28.0, 318.0, 122.5), (46.0, 317.0, 122.5), (-5.0, 273.0, 49), (74.0, 276.0, 69), (11.0, 157.0, -15), (66.0, 159.0, -1), (-25.0, 82.0, 31), (91.0, 81.0, 44), (-10.0, 12.0, 0), (88.0, 12.0, 8), (0, 0, 0), (84.0, 4.0, 0), (-30.0, 0, 32), (97.0, 0, 42)]
[(38.0, 304.0, 122.5), (29.0, 311.0, 122.5), (46.0, 311.0, 122.5), (-3.0, 269.0, 50), (75.0, 270.0, 65), (12.0, 155.0, -18), (66.0, 156.0, -9), (-25.0, 82.0, 30), (93.0, 82.0, 41), (-9.0, 12.0, 0), (88.0, 12.0, 7), (0, 0, 0), (83.0, 4.0, 0), (-30.0, 0, 32), (97.0, 0, 41)]
[(38.0, 297.0, 129.5), (29.0, 304.0, 129.5), (46.0, 304.0, 129.5), (-3.0, 264.0, 52), (74.0, 264.0, 73), (12.0, 153.0, -20), (66.0, 155.0, -9), (-26.0, 82.0, 30), (93.0, 82.0, 43), (-9.0, 12.0, 0), (87.0, 14.0, 6), (0, 0, 0), (82.0, 5.0, 0), (-30.0, 0, 32), (93.0, 0, 42)]
[(37.0, 289.0, 138.0), (28.0, 297.0, 138.0), (45.0, 297.0, 138.0), (-2.0, 260.0, 57), (73.0, 259.0, 74), (11.0, 152.0, -20), (64.0, 153.0, -11), (-27.0, 82.0, 32), (93.0, 83.0, 44), (-10.0, 13.0, 0), (86.0, 15.0, 7), (0, 0, 0), (81.0, 7.0, 0), (-32.0, 0, 30), (92.0, 0, 42)]
[(35.0, 283.0, 137.0), (27.0, 290.0, 137.0), (44.0, 290.0, 137.0), (-3.0, 254.0, 57), (72.0, 253.0, 72), (10.0, 149.0, -24), (63.0, 149.0, -16), (-29.0, 82.0, 31), (92.0, 83.0, 43), (-10.0, 13.0, 0), (85.0, 15.0, 6), (0, 0, 0), (80.0, 6.0, 0), (-32.0, 0, 30), (92.0, 0, 42)]
[(35.0, 275.0, 139.5), (27.0, 283.0, 139.5), (44.0, 283.0, 139.5), (-3.0, 248.0, 60), (72.0, 249.0, 67), (10.0, 147.0, -26), (62.0, 147.0, -23), (-29.0, 82.0, 31), (92.0, 84.0, 39), (-10.0, 13.0, 0), (85.0, 16.0, 2), (0, 0, 0), (79.0, 6.0, 0), (-31.0, 0, 31), (91.0, 0, 42)]
[(35.0, 266.0, 133.5), (27.0, 275.0, 133.5), (44.0, 274.0, 133.5), (-2.0, 243.0, 55), (72.0, 242.0, 63), (10.0, 141.0, -30), (62.0, 141.0, -28), (-29.0, 81.0, 32), (92.0, 83.0, 39), (-9.0, 13.0, 0), (84.0, 16.0, 0), (0, 0, 0), (78.0, 5.0, 0), (-29.0, 0, 33), (91.0, 0, 42)]
[(36.0, 259.0, 137.0), (27.0, 267.0, 137.0), (44.0, 267.0, 137.0), (-2.0, 236.0, 55), (72.0, 238.0, 68), (10.0, 138.0, -35), (62.0, 138.0, -24), (-29.0, 81.0, 30), (92.0, 81.0, 44), (-9.0, 12.0, 0), (83.0, 15.0, 4), (0, 0, 0), (78.0, 5.0, 0), (-28.0, 0, 34), (90.0, 0, 42)]
[(35.0, 254.0, 137.5), (26.0, 263.0, 137.5), (43.0, 262.0, 137.5), (-2.0, 233.0, 53), (71.0, 233.0, 73), (9.0, 138.0, -40), (61.0, 138.0, -24), (-32.0, 83.0, 26), (92.0, 82.0, 44), (-10.0, 13.0, 0), (82.0, 16.0, 4), (0, 0, 0), (77.0, 6.0, 0), (-29.0, 0, 33), (90.0, 0, 41)]
[(35.0, 248.0, 129.0), (26.0, 256.0, 129.0), (43.0, 256.0, 129.0), (-1.0, 226.0, 47), (71.0, 227.0, 68), (10.0, 134.0, -49), (61.0, 133.0, -30), (-32.0, 85.0, 21), (92.0, 82.0, 42), (-10.0, 13.0, 0), (82.0, 16.0, 2), (0, 0, 0), (76.0, 6.0, 0), (-30.0, 0, 32), (90.0, 0, 41)]
[(35.0, 245.0, 125.0), (27.0, 253.0, 125.0), (43.0, 252.0, 125.0), (-0.0, 224.0, 44), (71.0, 222.0, 66), (10.0, 131.0, -51), (61.0, 131.0, -35), (-32.0, 85.0, 21), (93.0, 82.0, 38), (-10.0, 13.0, 0), (82.0, 15.0, 0), (0, 0, 0), (76.0, 4.0, 0), (-30.0, 0, 32), (90.0, 0, 41)]
[(35.0, 240.0, 121.5), (27.0, 248.0, 121.5), (43.0, 248.0, 121.5), (-0.0, 220.0, 42), (72.0, 221.0, 61), (10.0, 130.0, -56), (61.0, 129.0, -39), (-32.0, 87.0, 17), (93.0, 84.0, 36), (-10.0, 14.0, 0), (82.0, 16.0, 0), (0, 0, 0), (76.0, 5.0, 0), (-30.0, 0, 32), (91.0, 0, 41)]
[(35.0, 236.0, 116.0), (27.0, 245.0, 116.0), (43.0, 245.0, 116.0), (-0.0, 216.0, 36), (73.0, 215.0, 62), (11.0, 127.0, -63), (61.0, 126.0, -41), (-32.0, 87.0, 12), (94.0, 84.0, 36), (-10.0, 13.0, 0), (82.0, 16.0, 0), (0, 0, 0), (76.0, 5.0, 0), (-30.0, 0, 32), (90.0, 0, 41)]
[(35.0, 233.0, 123.0), (27.0, 241.0, 123.0), (43.0, 242.0, 123.0), (1.0, 214.0, 42), (75.0, 212.0, 64), (11.0, 126.0, -58), (61.0, 125.0, -40), (-32.0, 87.0, 17), (95.0, 84.0, 37), (-10.0, 14.0, 0), (82.0, 17.0, 0), (0, 0, 0), (75.0, 6.0, 0), (-30.0, 0, 32), (91.0, 0, 40)]
[(35.0, 232.0, 111.5), (27.0, 240.0, 111.5), (43.0, 240.0, 111.5), (1.0, 213.0, 34), (76.0, 209.0, 59), (11.0, 124.0, -65), (61.0, 123.0, -46), (-32.0, 88.0, 12), (96.0, 86.0, 32), (-10.0, 14.0, 0), (80.0, 17.0, 0), (0, 0, 0), (73.0, 6.0, 0), (-31.0, 0, 31), (91.0, 0, 40)]
[(37.0, 227.0, 125.5), (28.0, 236.0, 125.5), (45.0, 237.0, 125.5), (1.0, 210.0, 46), (76.0, 209.0, 59), (11.0, 124.0, -55), (61.0, 123.0, -46), (-32.0, 86.0, 21), (96.0, 86.0, 32), (-10.0, 14.0, 0), (80.0, 17.0, 0), (0, 0, 0), (72.0, 5.0, 0), (-31.0, 0, 31), (91.0, 0, 39)]
[(39.0, 229.0, 123.0), (30.0, 237.0, 123.0), (47.0, 237.0, 123.0), (1.0, 211.0, 45), (76.0, 208.0, 58), (11.0, 124.0, -55), (61.0, 122.0, -47), (-29.0, 86.0, 22), (96.0, 86.0, 32), (-9.0, 14.0, 0), (80.0, 17.0, 0), (0, 0, 0), (73.0, 5.0, 0), (-31.0, 0, 31), (90.0, 0, 40)]
[(40.0, 232.0, 114.5), (31.0, 241.0, 114.5), (50.0, 241.0, 114.5), (1.0, 214.0, 39), (77.0, 212.0, 53), (11.0, 126.0, -61), (61.0, 125.0, -51), (-27.0, 88.0, 17), (95.0, 89.0, 28), (-9.0, 14.0, 0), (80.0, 18.0, 0), (0, 0, 0), (73.0, 6.0, 0), (-30.0, 0, 32), (92.0, 0, 39)]
[(40.0, 236.0, 117.0), (31.0, 244.0, 117.0), (50.0, 245.0, 117.0), (2.0, 217.0, 42), (77.0, 215.0, 52), (11.0, 127.0, -56), (61.0, 126.0, -50), (-26.0, 88.0, 22), (92.0, 89.0, 30), (-9.0, 15.0, 0), (80.0, 18.0, 0), (0, 0, 0), (73.0, 7.0, 0), (-30.0, 0, 32), (92.0, 0, 39)]
[(40.0, 237.0, 124.5), (31.0, 245.0, 124.5), (49.0, 246.0, 124.5), (1.0, 218.0, 48), (77.0, 215.0, 55), (10.0, 130.0, -52), (60.0, 129.0, -49), (-26.0, 88.0, 25), (90.0, 89.0, 30), (-9.0, 16.0, 0), (79.0, 18.0, 0), (0, 0, 0), (73.0, 7.0, 0), (-32.0, 0, 30), (91.0, 0, 39)]
[(41.0, 244.0, 123.0), (32.0, 252.0, 123.0), (50.0, 252.0, 123.0), (2.0, 221.0, 48), (77.0, 220.0, 56), (11.0, 136.0, -54), (61.0, 136.0, -50), (-23.0, 88.0, 20), (89.0, 89.0, 26), (-9.0, 14.0, 0), (80.0, 16.0, 0), (0, 0, 0), (73.0, 5.0, 0), (-31.0, 0, 31), (91.0, 0, 40)]
[(42.0, 253.0, 114.0), (33.0, 261.0, 114.0), (50.0, 261.0, 114.0), (4.0, 229.0, 47), (78.0, 225.0, 42), (12.0, 142.0, -54), (62.0, 142.0, -65), (-20.0, 90.0, 19), (88.0, 93.0, 10), (-9.0, 15.0, 0), (81.0, 16.0, 0), (0, 0, 0), (74.0, 5.0, 0), (-31.0, 0, 31), (91.0, 0, 40)]
[(44.0, 261.0, 98.0), (35.0, 269.0, 98.0), (52.0, 269.0, 98.0), (6.0, 237.0, 36), (80.0, 232.0, 32), (14.0, 147.0, -62), (64.0, 147.0, -73), (-18.0, 92.0, 8), (88.0, 94.0, 0), (-8.0, 15.0, 0), (82.0, 16.0, 0), (0, 0, 0), (75.0, 5.0, 0), (-30.0, 0, 32), (92.0, 0, 40)]
[(44.0, 270.0, 91.0), (35.0, 278.0, 91.0), (52.0, 278.0, 91.0), (7.0, 245.0, 25), (80.0, 241.0, 42), (15.0, 151.0, -69), (64.0, 151.0, -59), (-15.0, 93.0, 0), (87.0, 93.0, 11), (-8.0, 15.0, 0), (82.0, 16.0, 0), (0, 0, 0), (75.0, 5.0, 0), (-30.0, 0, 32), (92.0, 0, 40)]
[(44.0, 278.0, 83.0), (36.0, 285.0, 83.0), (52.0, 286.0, 83.0), (7.0, 251.0, 24), (81.0, 247.0, 30), (16.0, 154.0, -67), (65.0, 154.0, -68), (-13.0, 93.0, 0), (86.0, 94.0, 0), (-8.0, 14.0, 0), (82.0, 15.0, 0), (0, 0, 0), (76.0, 4.0, 0), (-30.0, 0, 32), (90.0, 0, 41)]
[(45.0, 286.0, 83.5), (36.0, 293.0, 83.5), (53.0, 294.0, 83.5), (7.0, 259.0, 25), (81.0, 256.0, 29), (17.0, 159.0, -63), (66.0, 159.0, -66), (-12.0, 94.0, 0), (86.0, 96.0, 0), (-8.0, 14.0, 0), (83.0, 15.0, 0), (0, 0, 0), (78.0, 4.0, 0), (-29.0, 0, 33), (90.0, 0, 42)]
[(44.0, 295.0, 83.5), (36.0, 302.0, 83.5), (53.0, 302.0, 83.5), (7.0, 267.0, 23), (81.0, 264.0, 33), (18.0, 164.0, -61), (66.0, 165.0, -60), (-10.0, 97.0, 0), (85.0, 96.0, 0), (-8.0, 14.0, 0), (83.0, 15.0, 0), (0, 0, 0), (78.0, 4.0, 0), (-29.0, 0, 33), (90.0, 0, 42)]
[(46.0, 304.0, 87.0), (37.0, 311.0, 87.0), (53.0, 311.0, 87.0), (8.0, 272.0, 27), (81.0, 271.0, 36), (18.0, 169.0, -57), (67.0, 169.0, -53), (-7.0, 97.0, 0), (86.0, 96.0, 2), (-7.0, 14.0, 0), (84.0, 15.0, 2), (0, 0, 0), (78.0, 5.0, 0), (-27.0, 0, 35), (90.0, 0, 42)]
[(46.0, 313.0, 85.5), (37.0, 320.0, 85.5), (54.0, 320.0, 85.5), (8.0, 276.0, 29), (81.0, 277.0, 37), (18.0, 170.0, -51), (67.0, 170.0, -46), (-7.0, 94.0, 0), (86.0, 93.0, 4), (-7.0, 13.0, 0), (83.0, 14.0, 4), (0, 0, 0), (78.0, 4.0, 0), (-25.0, 0, 36), (89.0, 0, 42)]
[(47.0, 323.0, 75.5), (38.0, 330.0, 75.5), (54.0, 330.0, 75.5), (7.0, 283.0, 24), (81.0, 284.0, 33), (18.0, 173.0, -51), (68.0, 173.0, -45), (-4.0, 96.0, 0), (85.0, 94.0, 2), (-7.0, 13.0, 0), (83.0, 13.0, 2), (0, 0, 0), (77.0, 3.0, 0), (-25.0, 0, 36), (89.0, 0, 42)]
[(47.0, 328.0, 71.0), (38.0, 336.0, 71.0), (55.0, 336.0, 71.0), (7.0, 290.0, 17), (82.0, 290.0, 34), (18.0, 174.0, -48), (68.0, 174.0, -36), (-1.0, 94.0, 0), (85.0, 91.0, 4), (-7.0, 13.0, 0), (82.0, 11.0, 4), (0, 0, 0), (77.0, 1.0, 0), (-23.0, 0, 37), (89.0, 0, 42)]
[(48.0, 339.0, 71.0), (39.0, 347.0, 71.0), (55.0, 346.0, 71.0), (5.0, 296.0, 22), (84.0, 297.0, 36), (18.0, 178.0, -39), (69.0, 178.0, -29), (-0.0, 93.0, 0), (85.0, 91.0, 2), (-6.0, 13.0, 0), (82.0, 11.0, 2), (0, 0, 0), (76.0, 1.0, 0), (-23.0, 0, 37), (90.0, 0, 41)]