[(41.0, 375.0, 138.0), (33.0, 384.0, 138.0), (50.0, 383.0, 138.0), (-3.0, 332.0, 68), (83.0, 328.0, 64), (13.0, 204.0, 22), (65.0, 202.0, 20), (-8.0, 106.0, 22), (94.0, 107.0, 20), (-8.0, 13.0, 0), (98.0, 13.0, 0), (0, 0, 0), (91.0, 0.0, 0), (-31.0, 0, 35), (121.0, 0, 36)]
[(40.0, 377.0, 117.5), (32.0, 386.0, 117.5), (49.0, 386.0, 117.5), (-4.0, 333.0, 65), (83.0, 329.0, 33), (12.0, 204.0, 22), (64.0, 203.0, -11), (-8.0, 106.0, 22), (90.0, 109.0, 4), (-8.0, 13.0, 0), (97.0, 13.0, 0), (0, 0, 0), (90.0, 0.0, 0), (-33.0, 0, 34), (120.0, 0, 36)]
[(40.0, 388.0, 89.0), (31.0, 397.0, 89.0), (49.0, 398.0, 89.0), (-5.0, 341.0, 45), (83.0, 337.0, 24), (12.0, 207.0, 22), (64.0, 206.0, -1), (-6.0, 106.0, 22), (87.0, 110.0, 0), (-8.0, 13.0, 0), (96.0, 13.0, 0), (0, 0, 0), (90.0, 1.0, 0), (-34.0, 0, 33), (119.0, 0, 37)]
[(40.0, 396.0, 72.0), (31.0, 405.0, 72.0), (49.0, 405.0, 72.0), (-6.0, 342.0, 43), (83.0, 342.0, 12), (12.0, 209.0, 15), (65.0, 209.0, 0), (1.0, 106.0, 15), (82.0, 110.0, 0), (-8.0, 12.0, 0), (95.0, 13.0, 0), (0, 0, 0), (90.0, 1.0, 0), (-34.0, 0, 33), (118.0, 0, 38)]
[(40.0, 397.0, 73.0), (31.0, 407.0, 73.0), (49.0, 407.0, 73.0), (-6.0, 343.0, 36), (83.0, 342.0, 30), (12.0, 212.0, 0), (64.0, 212.0, 0), (1.0, 108.0, 0), (79.0, 111.0, 0), (-8.0, 12.0, 0), (95.0, 13.0, 0), (0, 0, 0), (90.0, 1.0, 0), (-34.0, 0, 33), (117.0, 0, 38)]
[(41.0, 397.0, 74.0), (32.0, 406.0, 74.0), (50.0, 406.0, 74.0), (-5.0, 344.0, 36), (84.0, 342.0, 30), (13.0, 212.0, 4), (65.0, 212.0, 0), (3.0, 108.0, 4), (80.0, 111.0, 0), (-7.0, 13.0, 0), (95.0, 13.0, 0), (0, 0, 0), (91.0, 1.0, 0), (-33.0, 0, 34), (118.0, 0, 38)]
[(40.0, 397.0, 68.5), (31.0, 406.0, 68.5), (50.0, 405.0, 68.5), (-4.0, 344.0, 32), (84.0, 343.0, 25), (14.0, 212.0, 0), (65.0, 212.0, 0), (4.0, 108.0, 0), (80.0, 110.0, 0), (-7.0, 13.0, 0), (95.0, 13.0, 0), (0, 0, 0), (91.0, 1.0, 0), (-33.0, 0, 34), (118.0, 0, 38)]
[(40.0, 397.0, 81.5), (31.0, 406.0, 81.5), (50.0, 405.0, 81.5), (-4.0, 344.0, 45), (84.0, 343.0, 25), (14.0, 212.0, 13), (65.0, 212.0, 0), (4.0, 107.0, 13), (80.0, 110.0, 0), (-7.0, 13.0, 0), (95.0, 13.0, 0), (0, 0, 0), (91.0, 1.0, 0), (-33.0, 0, 34), (118.0, 0, 38)]
[(40.0, 397.0, 71.0), (31.0, 406.0, 71.0), (50.0, 406.0, 71.0), (-4.0, 344.0, 40), (84.0, 344.0, 12), (15.0, 211.0, 13), (66.0, 211.0, 0), (4.0, 107.0, 13), (81.0, 109.0, 0), (-7.0, 13.0, 0), (95.0, 13.0, 0), (0, 0, 0), (91.0, 1.0, 0), (-33.0, 0, 34), (117.0, 0, 39)]
[(40.0, 398.0, 69.0), (31.0, 407.0, 69.0), (50.0, 406.0, 69.0), (-4.0, 346.0, 33), (84.0, 345.0, 20), (17.0, 212.0, 13), (66.0, 213.0, 0), (4.0, 108.0, 13), (81.0, 110.0, 0), (-7.0, 14.0, 0), (95.0, 14.0, 0), (0, 0, 0), (91.0, 2.0, 0), (-34.0, 0, 33), (117.0, 0, 39)]
[(40.0, 397.0, 62.0), (31.0, 406.0, 62.0), (49.0, 406.0, 62.0), (-4.0, 346.0, 25), (84.0, 344.0, 20), (17.0, 211.0, 14), (66.0, 212.0, 0), (3.0, 108.0, 14), (80.0, 110.0, 0), (-7.0, 14.0, 0), (95.0, 14.0, 0), (0, 0, 0), (91.0, 2.0, 0), (-34.0, 0, 33), (117.0, 0, 39)]
[(39.0, 397.0, 61.0), (31.0, 406.0, 61.0), (49.0, 406.0, 61.0), (-4.0, 346.0, 25), (84.0, 343.0, 20), (17.0, 211.0, 14), (66.0, 211.0, 0), (3.0, 108.0, 14), (80.0, 110.0, 0), (-7.0, 14.0, 0), (95.0, 14.0, 0), (0, 0, 0), (91.0, 2.0, 0), (-34.0, 0, 33), (117.0, 0, 39)]
[(40.0, 395.0, 75.0), (31.0, 404.0, 75.0), (49.0, 404.0, 75.0), (-4.0, 344.0, 36), (84.0, 341.0, 26), (16.0, 210.0, 15), (66.0, 210.0, 0), (1.0, 108.0, 15), (81.0, 110.0, 0), (-7.0, 14.0, 0), (95.0, 14.0, 0), (0, 0, 0), (91.0, 2.0, 0), (-34.0, 0, 33), (117.0, 0, 39)]
[(40.0, 394.0, 83.0), (32.0, 403.0, 83.0), (50.0, 402.0, 83.0), (-4.0, 343.0, 42), (85.0, 340.0, 30), (16.0, 210.0, 16), (66.0, 210.0, 0), (-2.0, 108.0, 16), (82.0, 110.0, 0), (-7.0, 14.0, 0), (95.0, 14.0, 0), (0, 0, 0), (91.0, 2.0, 0), (-35.0, 0, 31), (117.0, 0, 39)]
[(41.0, 383.0, 103.0), (32.0, 393.0, 103.0), (50.0, 393.0, 103.0), (-5.0, 338.0, 42), (85.0, 335.0, 50), (16.0, 205.0, 17), (66.0, 207.0, 13), (-5.0, 108.0, 17), (87.0, 109.0, 13), (-7.0, 14.0, 0), (95.0, 14.0, 0), (0, 0, 0), (91.0, 2.0, 0), (-35.0, 0, 31), (117.0, 0, 39)]
[(42.0, 381.0, 114.5), (33.0, 391.0, 114.5), (50.0, 390.0, 114.5), (-5.0, 337.0, 52), (85.0, 334.0, 51), (16.0, 205.0, 22), (66.0, 206.0, 14), (-7.0, 108.0, 22), (89.0, 109.0, 14), (-7.0, 15.0, 0), (96.0, 14.0, 0), (0, 0, 0), (91.0, 3.0, 0), (-36.0, 0, 30), (118.0, 0, 38)]
[(43.0, 357.0, 97.0), (34.0, 366.0, 97.0), (51.0, 365.0, 97.0), (-6.0, 310.0, 45), (86.0, 310.0, 34), (15.0, 189.0, -15), (66.0, 189.0, -22), (-10.0, 106.0, 29), (97.0, 108.0, 25), (-7.0, 15.0, 0), (97.0, 15.0, 0), (0, 0, 0), (91.0, 3.0, 0), (-35.0, 0, 31), (118.0, 0, 38)]
[(44.0, 337.0, 111.0), (35.0, 346.0, 111.0), (51.0, 346.0, 111.0), (-6.0, 292.0, 55), (86.0, 293.0, 36), (14.0, 174.0, -11), (66.0, 175.0, -26), (-13.0, 98.0, 43), (103.0, 104.0, 31), (-7.0, 13.0, 0), (97.0, 13.0, 0), (0, 0, 0), (91.0, 1.0, 0), (-34.0, 0, 33), (119.0, 0, 38)]
[(44.0, 319.0, 126.0), (35.0, 328.0, 126.0), (52.0, 327.0, 126.0), (-6.0, 276.0, 63), (86.0, 275.0, 48), (13.0, 164.0, -13), (67.0, 164.0, -26), (-18.0, 94.0, 47), (106.0, 100.0, 38), (-7.0, 12.0, 0), (98.0, 12.0, 0), (0, 0, 0), (91.0, 0.0, 0), (-33.0, 0, 34), (119.0, 0, 38)]
[(44.0, 316.0, 127.0), (35.0, 326.0, 127.0), (52.0, 325.0, 127.0), (-6.0, 274.0, 57), (86.0, 272.0, 60), (13.0, 161.0, -18), (67.0, 162.0, -15), (-20.0, 95.0, 45), (107.0, 96.0, 46), (-8.0, 12.0, 0), (98.0, 12.0, 0), (0, 0, 0), (91.0, 0.0, 0), (-33.0, 0, 34), (120.0, 0, 37)]
[(43.0, 282.0, 140.5), (35.0, 291.0, 140.5), (50.0, 291.0, 140.5), (-4.0, 248.0, 62), (86.0, 245.0, 63), (13.0, 142.0, -23), (66.0, 143.0, -22), (-24.0, 91.0, 51), (109.0, 92.0, 50), (-8.0, 12.0, 0), (98.0, 11.0, 0), (0, 0, 0), (90.0, 0.0, 0), (-32.0, 0, 34), (121.0, 0, 35)]
[(41.0, 265.0, 154.5), (34.0, 274.0, 154.5), (49.0, 274.0, 154.5), (-1.0, 232.0, 72), (86.0, 227.0, 71), (13.0, 135.0, -23), (66.0, 136.0, -26), (-26.0, 88.0, 53), (111.0, 92.0, 50), (-8.0, 11.0, 0), (98.0, 11.0, 0), (0, 0, 0), (90.0, -1.0, 0), (-31.0, 0, 35), (121.0, 0, 35)]
[(40.0, 261.0, 164.0), (33.0, 271.0, 164.0), (48.0, 270.0, 164.0), (-1.0, 232.0, 77), (85.0, 228.0, 74), (12.0, 137.0, -21), (64.0, 136.0, -22), (-27.0, 88.0, 53), (110.0, 91.0, 52), (-9.0, 11.0, 0), (97.0, 11.0, 0), (0, 0, 0), (89.0, -1.0, 0), (-32.0, 0, 34), (120.0, 0, 35)]
[(40.0, 248.0, 155.5), (33.0, 257.0, 155.5), (48.0, 257.0, 155.5), (-1.0, 221.0, 70), (85.0, 217.0, 69), (13.0, 126.0, -27), (64.0, 127.0, -29), (-27.0, 88.0, 53), (112.0, 92.0, 49), (-9.0, 11.0, 0), (97.0, 11.0, 0), (0, 0, 0), (88.0, -1.0, 0), (-32.0, 0, 34), (120.0, 0, 34)]
[(40.0, 223.0, 149.5), (33.0, 232.0, 149.5), (48.0, 231.0, 149.5), (-2.0, 200.0, 65), (83.0, 198.0, 63), (15.0, 108.0, -35), (63.0, 108.0, -35), (-29.0, 90.0, 50), (114.0, 93.0, 48), (-10.0, 11.0, 0), (96.0, 12.0, 0), (0, 0, 0), (87.0, 0.0, 0), (-33.0, 0, 34), (119.0, 0, 34)]
[(41.0, 211.0, 148.5), (33.0, 220.0, 148.5), (49.0, 221.0, 148.5), (-2.0, 194.0, 63), (83.0, 189.0, 61), (16.0, 100.0, -35), (63.0, 99.0, -37), (-30.0, 89.0, 50), (115.0, 94.0, 46), (-10.0, 10.0, 0), (96.0, 12.0, 0), (0, 0, 0), (87.0, 0.0, 0), (-33.0, 0, 34), (118.0, 0, 35)]
[(41.0, 212.0, 152.5), (33.0, 222.0, 152.5), (49.0, 221.0, 152.5), (-2.0, 192.0, 68), (83.0, 189.0, 61), (17.0, 101.0, -32), (63.0, 99.0, -37), (-31.0, 88.0, 51), (115.0, 94.0, 46), (-10.0, 10.0, 0), (96.0, 12.0, 0), (0, 0, 0), (87.0, -1.0, 0), (-32.0, 0, 34), (119.0, 0, 34)]
[(40.0, 207.0, 154.0), (33.0, 216.0, 154.0), (49.0, 216.0, 154.0), (-2.0, 188.0, 68), (83.0, 183.0, 64), (17.0, 95.0, -30), (63.0, 93.0, -34), (-32.0, 87.0, 53), (116.0, 94.0, 49), (-10.0, 11.0, 0), (96.0, 14.0, 0), (0, 0, 0), (87.0, 1.0, 0), (-32.0, 0, 34), (118.0, 0, 35)]
[(40.0, 205.0, 154.5), (33.0, 215.0, 154.5), (49.0, 215.0, 154.5), (-2.0, 187.0, 67), (83.0, 183.0, 65), (18.0, 94.0, -31), (63.0, 93.0, -33), (-32.0, 88.0, 52), (117.0, 94.0, 49), (-10.0, 11.0, 0), (96.0, 14.0, 0), (0, 0, 0), (87.0, 1.0, 0), (-32.0, 0, 34), (118.0, 0, 35)]
[(40.0, 203.0, 156.0), (33.0, 213.0, 156.0), (49.0, 213.0, 156.0), (-2.0, 184.0, 68), (83.0, 181.0, 66), (18.0, 92.0, -31), (62.0, 91.0, -32), (-32.0, 88.0, 52), (117.0, 94.0, 49), (-10.0, 11.0, 0), (96.0, 14.0, 0), (0, 0, 0), (86.0, 1.0, 0), (-31.0, 0, 35), (118.0, 0, 34)]
[(40.0, 209.0, 151.5), (33.0, 217.0, 151.5), (49.0, 218.0, 151.5), (-2.0, 190.0, 66), (83.0, 187.0, 61), (19.0, 95.0, -30), (64.0, 95.0, -35), (-32.0, 88.0, 52), (118.0, 94.0, 47), (-10.0, 11.0, 0), (96.0, 13.0, 0), (0, 0, 0), (86.0, 0.0, 0), (-30.0, 0, 36), (118.0, 0, 34)]
[(41.0, 215.0, 151.5), (33.0, 224.0, 151.5), (49.0, 224.0, 151.5), (-1.0, 196.0, 66), (83.0, 193.0, 61), (19.0, 101.0, -30), (66.0, 101.0, -36), (-32.0, 88.0, 52), (118.0, 94.0, 47), (-10.0, 11.0, 0), (96.0, 13.0, 0), (0, 0, 0), (86.0, 0.0, 0), (-30.0, 0, 36), (118.0, 0, 34)]
[(41.0, 215.0, 152.5), (33.0, 224.0, 152.5), (50.0, 224.0, 152.5), (-1.0, 197.0, 67), (83.0, 194.0, 61), (19.0, 102.0, -29), (66.0, 102.0, -36), (-32.0, 87.0, 52), (118.0, 93.0, 47), (-10.0, 10.0, 0), (96.0, 12.0, 0), (0, 0, 0), (86.0, -1.0, 0), (-30.0, 0, 36), (118.0, 0, 34)]
[(42.0, 238.0, 163.5), (34.0, 247.0, 163.5), (50.0, 247.0, 163.5), (-1.0, 211.0, 77), (82.0, 213.0, 69), (17.0, 122.0, -25), (66.0, 124.0, -31), (-31.0, 88.0, 52), (117.0, 93.0, 47), (-10.0, 11.0, 0), (96.0, 12.0, 0), (0, 0, 0), (86.0, -1.0, 0), (-30.0, 0, 36), (119.0, 0, 34)]
[(41.0, 260.0, 164.0), (34.0, 268.0, 164.0), (49.0, 268.0, 164.0), (-1.0, 228.0, 78), (82.0, 225.0, 76), (15.0, 134.0, -20), (65.0, 136.0, -23), (-29.0, 88.0, 53), (113.0, 92.0, 51), (-10.0, 11.0, 0), (97.0, 12.0, 0), (0, 0, 0), (88.0, -1.0, 0), (-30.0, 0, 36), (119.0, 0, 35)]
[(41.0, 281.0, 158.5), (33.0, 289.0, 158.5), (48.0, 289.0, 158.5), (-1.0, 246.0, 73), (82.0, 245.0, 77), (14.0, 147.0, -20), (65.0, 148.0, -15), (-26.0, 91.0, 49), (110.0, 92.0, 52), (-10.0, 11.0, 0), (97.0, 12.0, 0), (0, 0, 0), (88.0, -1.0, 0), (-30.0, 0, 36), (119.0, 0, 35)]
[(41.0, 283.0, 160.0), (34.0, 292.0, 160.0), (49.0, 291.0, 160.0), (-0.0, 247.0, 76), (83.0, 245.0, 78), (13.0, 149.0, -19), (65.0, 149.0, -14), (-24.0, 91.0, 50), (109.0, 91.0, 52), (-9.0, 11.0, 0), (97.0, 11.0, 0), (0, 0, 0), (89.0, -1.0, 0), (-29.0, 0, 37), (119.0, 0, 36)]
[(41.0, 306.0, 150.0), (34.0, 314.0, 150.0), (49.0, 315.0, 150.0), (-1.0, 263.0, 73), (83.0, 263.0, 74), (11.0, 161.0, -17), (65.0, 161.0, -12), (-23.0, 94.0, 45), (107.0, 94.0, 47), (-9.0, 11.0, 0), (97.0, 11.0, 0), (0, 0, 0), (89.0, -1.0, 0), (-29.0, 0, 37), (119.0, 0, 36)]
[(41.0, 306.0, 153.5), (33.0, 315.0, 153.5), (48.0, 315.0, 153.5), (-1.0, 266.0, 74), (83.0, 265.0, 75), (11.0, 163.0, -15), (65.0, 162.0, -10), (-22.0, 94.0, 45), (107.0, 94.0, 47), (-9.0, 11.0, 0), (97.0, 11.0, 0), (0, 0, 0), (89.0, -1.0, 0), (-30.0, 0, 36), (119.0, 0, 36)]
[(41.0, 327.0, 165.5), (33.0, 335.0, 165.5), (48.0, 335.0, 165.5), (-4.0, 280.0, 90), (84.0, 283.0, 77), (11.0, 175.0, 4), (65.0, 174.0, 0), (-20.0, 93.0, 46), (104.0, 95.0, 44), (-9.0, 10.0, 0), (97.0, 10.0, 0), (0, 0, 0), (89.0, -2.0, 0), (-29.0, 0, 37), (119.0, 0, 36)]
[(40.0, 368.0, 115.5), (32.0, 376.0, 115.5), (48.0, 376.0, 115.5), (-6.0, 318.0, 53), (84.0, 317.0, 65), (11.0, 195.0, -5), (65.0, 194.0, 14), (-11.0, 104.0, 22), (96.0, 102.0, 31), (-9.0, 11.0, 0), (97.0, 11.0, 0), (0, 0, 0), (89.0, -1.0, 0), (-32.0, 0, 34), (119.0, 0, 36)]