[(39.0, 380.0, 116.5), (30.0, 388.0, 116.5), (46.0, 388.0, 116.5), (-7.0, 332.0, 64), (80.0, 331.0, 39), (13.0, 202.0, 26), (65.0, 203.0, 0), (-7.0, 103.0, 26), (93.0, 107.0, 0), (-8.0, 11.0, 0), (97.0, 10.0, 0), (0, 0, 0), (90.0, -2.0, 0), (-32.0, 0, 34), (120.0, 0, 36)]
[(39.0, 381.0, 123.5), (30.0, 390.0, 123.5), (46.0, 390.0, 123.5), (-8.0, 334.0, 67), (80.0, 332.0, 45), (13.0, 205.0, 26), (65.0, 206.0, 0), (-6.0, 103.0, 26), (91.0, 108.0, 0), (-8.0, 11.0, 0), (97.0, 10.0, 0), (0, 0, 0), (90.0, -1.0, 0), (-33.0, 0, 34), (120.0, 0, 36)]
[(37.0, 395.0, 68.5), (28.0, 404.0, 68.5), (45.0, 404.0, 68.5), (-9.0, 341.0, 33), (81.0, 342.0, 23), (13.0, 208.0, 8), (66.0, 210.0, 0), (-1.0, 106.0, 8), (85.0, 109.0, 0), (-8.0, 11.0, 0), (96.0, 10.0, 0), (0, 0, 0), (91.0, -1.0, 0), (-35.0, 0, 31), (119.0, 0, 38)]
[(37.0, 397.0, 64.5), (28.0, 406.0, 64.5), (46.0, 406.0, 64.5), (-8.0, 342.0, 29), (82.0, 343.0, 27), (15.0, 210.0, 0), (68.0, 211.0, 4), (4.0, 107.0, 0), (81.0, 110.0, 4), (-7.0, 12.0, 0), (97.0, 11.0, 4), (0, 0, 0), (92.0, 1.0, 0), (-36.0, 0, 30), (118.0, 0, 39)]
[(37.0, 396.0, 62.0), (28.0, 405.0, 62.0), (46.0, 405.0, 62.0), (-8.0, 343.0, 23), (83.0, 343.0, 28), (16.0, 210.0, 0), (68.0, 211.0, 5), (5.0, 107.0, 0), (81.0, 110.0, 5), (-7.0, 12.0, 0), (96.0, 11.0, 5), (0, 0, 0), (92.0, 1.0, 0), (-35.0, 0, 31), (118.0, 0, 39)]
[(37.0, 396.0, 63.0), (28.0, 405.0, 63.0), (45.0, 406.0, 63.0), (-7.0, 343.0, 29), (83.0, 344.0, 16), (16.0, 211.0, 0), (68.0, 211.0, 0), (5.0, 108.0, 0), (80.0, 111.0, 0), (-7.0, 12.0, 0), (96.0, 12.0, 0), (0, 0, 0), (91.0, 1.0, 0), (-35.0, 0, 31), (117.0, 0, 39)]
[(37.0, 397.0, 53.5), (28.0, 406.0, 53.5), (45.0, 406.0, 53.5), (-7.0, 345.0, 17), (82.0, 346.0, 17), (16.0, 211.0, 0), (68.0, 213.0, 0), (6.0, 108.0, 0), (80.0, 111.0, 0), (-7.0, 12.0, 0), (96.0, 13.0, 0), (0, 0, 0), (91.0, 2.0, 0), (-35.0, 0, 31), (117.0, 0, 39)]
[(37.0, 397.0, 46.0), (28.0, 406.0, 46.0), (45.0, 406.0, 46.0), (-7.0, 345.0, 17), (82.0, 347.0, 0), (16.0, 211.0, 0), (68.0, 212.0, 0), (6.0, 109.0, 0), (80.0, 111.0, 0), (-7.0, 12.0, 0), (95.0, 14.0, 0), (0, 0, 0), (90.0, 2.0, 0), (-35.0, 0, 31), (117.0, 0, 38)]
[(37.0, 397.0, 35.0), (28.0, 406.0, 35.0), (45.0, 406.0, 35.0), (-7.0, 345.0, 6), (82.0, 347.0, 0), (16.0, 210.0, 0), (68.0, 212.0, 0), (6.0, 109.0, 0), (80.0, 111.0, 0), (-7.0, 13.0, 0), (95.0, 14.0, 0), (0, 0, 0), (90.0, 2.0, 0), (-35.0, 0, 31), (116.0, 0, 39)]
[(36.0, 398.0, 33.5), (28.0, 407.0, 33.5), (45.0, 406.0, 33.5), (-7.0, 345.0, 6), (82.0, 345.0, 5), (16.0, 210.0, 0), (68.0, 211.0, 0), (6.0, 108.0, 0), (80.0, 111.0, 0), (-7.0, 13.0, 0), (95.0, 15.0, 0), (0, 0, 0), (90.0, 3.0, 0), (-35.0, 0, 31), (116.0, 0, 39)]
[(36.0, 398.0, 27.5), (28.0, 407.0, 27.5), (45.0, 406.0, 27.5), (-7.0, 345.0, 0), (82.0, 345.0, 5), (17.0, 209.0, 0), (68.0, 211.0, 0), (5.0, 108.0, 0), (80.0, 111.0, 0), (-7.0, 13.0, 0), (95.0, 15.0, 0), (0, 0, 0), (89.0, 3.0, 0), (-34.0, 0, 33), (116.0, 0, 38)]
[(36.0, 398.0, 26.5), (28.0, 407.0, 26.5), (45.0, 406.0, 26.5), (-7.0, 345.0, 0), (82.0, 344.0, 5), (17.0, 209.0, 0), (68.0, 210.0, 0), (5.0, 108.0, 0), (80.0, 111.0, 0), (-7.0, 13.0, 0), (95.0, 15.0, 0), (0, 0, 0), (89.0, 3.0, 0), (-34.0, 0, 33), (116.0, 0, 38)]
[(37.0, 397.0, 34.5), (28.0, 406.0, 34.5), (46.0, 405.0, 34.5), (-7.0, 344.0, 0), (83.0, 343.0, 21), (17.0, 209.0, 0), (68.0, 210.0, 5), (5.0, 108.0, 0), (80.0, 110.0, 5), (-7.0, 13.0, 0), (95.0, 15.0, 0), (0, 0, 0), (89.0, 3.0, 0), (-34.0, 0, 33), (116.0, 0, 38)]
[(37.0, 395.0, 43.5), (29.0, 405.0, 43.5), (46.0, 404.0, 43.5), (-6.0, 344.0, 9), (84.0, 342.0, 15), (16.0, 209.0, 0), (68.0, 209.0, 0), (5.0, 108.0, 0), (80.0, 111.0, 0), (-7.0, 13.0, 0), (95.0, 15.0, 0), (0, 0, 0), (89.0, 3.0, 0), (-34.0, 0, 33), (115.0, 0, 39)]
[(40.0, 394.0, 65.0), (30.0, 403.0, 65.0), (48.0, 403.0, 65.0), (-6.0, 342.0, 32), (85.0, 342.0, 12), (15.0, 207.0, 21), (67.0, 209.0, 0), (-0.0, 106.0, 21), (84.0, 110.0, 0), (-7.0, 13.0, 0), (95.0, 14.0, 0), (0, 0, 0), (90.0, 2.0, 0), (-35.0, 0, 31), (116.0, 0, 39)]
[(40.0, 393.0, 70.0), (31.0, 402.0, 70.0), (49.0, 402.0, 70.0), (-6.0, 342.0, 36), (85.0, 341.0, 12), (15.0, 207.0, 25), (67.0, 208.0, 0), (-2.0, 105.0, 25), (86.0, 110.0, 0), (-7.0, 13.0, 0), (95.0, 13.0, 0), (0, 0, 0), (90.0, 1.0, 0), (-35.0, 0, 31), (116.0, 0, 39)]
[(41.0, 386.0, 78.0), (31.0, 395.0, 78.0), (48.0, 394.0, 78.0), (-7.0, 336.0, 42), (85.0, 336.0, 10), (14.0, 202.0, 22), (66.0, 203.0, -1), (-6.0, 106.0, 22), (88.0, 108.0, 14), (-8.0, 13.0, 0), (94.0, 13.0, 0), (0, 0, 0), (89.0, 1.0, 0), (-35.0, 0, 31), (115.0, 0, 39)]
[(43.0, 383.0, 69.0), (32.0, 393.0, 69.0), (50.0, 392.0, 69.0), (-7.0, 334.0, 28), (86.0, 333.0, 20), (13.0, 200.0, 7), (66.0, 201.0, 2), (-8.0, 106.0, 22), (90.0, 107.0, 20), (-8.0, 13.0, 0), (94.0, 13.0, 0), (0, 0, 0), (89.0, 1.0, 0), (-35.0, 0, 31), (115.0, 0, 39)]
[(44.0, 371.0, 88.5), (34.0, 381.0, 88.5), (51.0, 380.0, 88.5), (-6.0, 326.0, 36), (87.0, 323.0, 33), (14.0, 194.0, 5), (67.0, 195.0, -4), (-8.0, 103.0, 32), (95.0, 105.0, 25), (-7.0, 13.0, 0), (95.0, 12.0, 0), (0, 0, 0), (90.0, 0.0, 0), (-34.0, 0, 33), (117.0, 0, 38)]
[(44.0, 345.0, 111.5), (34.0, 354.0, 111.5), (51.0, 353.0, 111.5), (-5.0, 302.0, 56), (86.0, 299.0, 35), (12.0, 177.0, 3), (65.0, 177.0, -18), (-12.0, 94.0, 48), (102.0, 101.0, 33), (-7.0, 12.0, 0), (95.0, 11.0, 0), (0, 0, 0), (88.0, -2.0, 0), (-34.0, 0, 33), (118.0, 0, 36)]
[(44.0, 326.0, 135.0), (35.0, 335.0, 135.0), (51.0, 335.0, 135.0), (-3.0, 288.0, 68), (86.0, 284.0, 48), (12.0, 170.0, 0), (65.0, 170.0, -20), (-15.0, 92.0, 51), (105.0, 100.0, 36), (-7.0, 12.0, 0), (97.0, 11.0, 0), (0, 0, 0), (89.0, -1.0, 0), (-32.0, 0, 34), (118.0, 0, 37)]
[(46.0, 322.0, 144.0), (36.0, 331.0, 144.0), (52.0, 331.0, 144.0), (-2.0, 285.0, 72), (85.0, 280.0, 58), (11.0, 168.0, 2), (64.0, 168.0, -14), (-16.0, 90.0, 53), (106.0, 97.0, 40), (-7.0, 11.0, 0), (98.0, 10.0, 0), (0, 0, 0), (90.0, -2.0, 0), (-31.0, 0, 35), (119.0, 0, 37)]
[(46.0, 287.0, 137.0), (36.0, 297.0, 137.0), (52.0, 297.0, 137.0), (-0.0, 258.0, 58), (85.0, 257.0, 58), (11.0, 146.0, -20), (64.0, 147.0, -17), (-20.0, 89.0, 52), (110.0, 91.0, 50), (-7.0, 10.0, 0), (98.0, 10.0, 0), (0, 0, 0), (90.0, -2.0, 0), (-31.0, 0, 35), (120.0, 0, 36)]
[(44.0, 271.0, 141.0), (36.0, 280.0, 141.0), (51.0, 280.0, 141.0), (1.0, 245.0, 59), (84.0, 240.0, 62), (11.0, 136.0, -23), (64.0, 136.0, -21), (-22.0, 87.0, 54), (111.0, 89.0, 52), (-8.0, 10.0, 0), (98.0, 9.0, 0), (0, 0, 0), (90.0, -3.0, 0), (-31.0, 0, 35), (122.0, 0, 34)]
[(43.0, 256.0, 151.0), (35.0, 264.0, 151.0), (51.0, 264.0, 151.0), (-0.0, 233.0, 66), (81.0, 227.0, 66), (11.0, 128.0, -21), (62.0, 129.0, -24), (-24.0, 84.0, 58), (111.0, 89.0, 51), (-9.0, 10.0, 0), (97.0, 9.0, 0), (0, 0, 0), (88.0, -3.0, 0), (-32.0, 0, 34), (121.0, 0, 33)]
[(43.0, 254.0, 156.5), (35.0, 263.0, 156.5), (51.0, 263.0, 156.5), (1.0, 230.0, 69), (80.0, 225.0, 71), (11.0, 126.0, -19), (62.0, 127.0, -19), (-25.0, 82.0, 60), (111.0, 86.0, 56), (-9.0, 10.0, 0), (97.0, 9.0, 0), (0, 0, 0), (88.0, -2.0, 0), (-31.0, 0, 35), (121.0, 0, 33)]
[(43.0, 243.0, 160.0), (35.0, 251.0, 160.0), (51.0, 251.0, 160.0), (1.0, 220.0, 72), (80.0, 218.0, 70), (14.0, 120.0, -20), (64.0, 122.0, -23), (-26.0, 82.0, 60), (113.0, 86.0, 54), (-9.0, 10.0, 0), (97.0, 8.0, 0), (0, 0, 0), (88.0, -3.0, 0), (-31.0, 0, 35), (121.0, 0, 33)]
[(43.0, 222.0, 158.0), (35.0, 231.0, 158.0), (51.0, 230.0, 158.0), (1.0, 204.0, 70), (80.0, 203.0, 66), (17.0, 108.0, -26), (65.0, 110.0, -30), (-27.0, 85.0, 57), (115.0, 88.0, 52), (-9.0, 11.0, 0), (97.0, 9.0, 0), (0, 0, 0), (88.0, -2.0, 0), (-30.0, 0, 36), (120.0, 0, 34)]
[(43.0, 215.0, 152.5), (35.0, 224.0, 152.5), (51.0, 224.0, 152.5), (1.0, 198.0, 66), (80.0, 195.0, 63), (17.0, 101.0, -29), (66.0, 101.0, -32), (-28.0, 85.0, 56), (117.0, 88.0, 51), (-9.0, 10.0, 0), (97.0, 9.0, 0), (0, 0, 0), (87.0, -3.0, 0), (-30.0, 0, 36), (120.0, 0, 33)]
[(42.0, 216.0, 149.5), (34.0, 225.0, 149.5), (50.0, 225.0, 149.5), (-0.0, 196.0, 66), (79.0, 196.0, 57), (19.0, 99.0, -29), (66.0, 99.0, -35), (-29.0, 86.0, 54), (115.0, 90.0, 50), (-10.0, 10.0, 0), (96.0, 10.0, 0), (0, 0, 0), (86.0, -2.0, 0), (-30.0, 0, 36), (118.0, 0, 34)]
[(41.0, 214.0, 149.5), (33.0, 223.0, 149.5), (50.0, 223.0, 149.5), (-0.0, 193.0, 66), (79.0, 192.0, 59), (18.0, 97.0, -30), (66.0, 97.0, -35), (-30.0, 86.0, 54), (116.0, 90.0, 49), (-10.0, 10.0, 0), (96.0, 10.0, 0), (0, 0, 0), (86.0, -2.0, 0), (-30.0, 0, 36), (118.0, 0, 34)]
[(41.0, 214.0, 153.5), (33.0, 222.0, 153.5), (50.0, 223.0, 153.5), (-0.0, 194.0, 67), (79.0, 192.0, 63), (18.0, 98.0, -29), (65.0, 100.0, -34), (-31.0, 87.0, 54), (117.0, 92.0, 49), (-10.0, 11.0, 0), (96.0, 12.0, 0), (0, 0, 0), (86.0, 0.0, 0), (-31.0, 0, 35), (118.0, 0, 34)]
[(41.0, 217.0, 154.0), (33.0, 225.0, 154.0), (49.0, 225.0, 154.0), (-0.0, 198.0, 68), (78.0, 197.0, 62), (18.0, 102.0, -28), (65.0, 104.0, -34), (-31.0, 87.0, 54), (118.0, 93.0, 48), (-10.0, 11.0, 0), (96.0, 13.0, 0), (0, 0, 0), (86.0, 0.0, 0), (-31.0, 0, 35), (118.0, 0, 34)]
[(41.0, 222.0, 153.5), (33.0, 230.0, 153.5), (49.0, 231.0, 153.5), (-0.0, 203.0, 68), (78.0, 204.0, 61), (17.0, 107.0, -28), (65.0, 109.0, -33), (-30.0, 87.0, 55), (117.0, 93.0, 49), (-10.0, 12.0, 0), (96.0, 13.0, 0), (0, 0, 0), (86.0, 0.0, 0), (-31.0, 0, 35), (118.0, 0, 34)]
[(41.0, 228.0, 160.5), (33.0, 236.0, 160.5), (49.0, 237.0, 160.5), (-0.0, 207.0, 72), (78.0, 207.0, 67), (17.0, 113.0, -26), (65.0, 115.0, -30), (-30.0, 87.0, 55), (117.0, 92.0, 50), (-10.0, 12.0, 0), (96.0, 13.0, 0), (0, 0, 0), (86.0, 1.0, 0), (-31.0, 0, 35), (118.0, 0, 34)]
[(41.0, 231.0, 159.0), (33.0, 239.0, 159.0), (49.0, 239.0, 159.0), (1.0, 209.0, 71), (78.0, 209.0, 68), (17.0, 114.0, -26), (65.0, 117.0, -29), (-30.0, 87.0, 55), (116.0, 92.0, 51), (-10.0, 12.0, 0), (96.0, 13.0, 0), (0, 0, 0), (86.0, 1.0, 0), (-31.0, 0, 35), (119.0, 0, 34)]
[(41.0, 262.0, 161.5), (33.0, 270.0, 161.5), (49.0, 270.0, 161.5), (1.0, 236.0, 73), (77.0, 233.0, 73), (13.0, 135.0, -18), (63.0, 137.0, -20), (-27.0, 87.0, 56), (112.0, 92.0, 52), (-10.0, 12.0, 0), (96.0, 13.0, 0), (0, 0, 0), (87.0, 1.0, 0), (-30.0, 0, 36), (119.0, 0, 34)]
[(40.0, 287.0, 172.0), (33.0, 295.0, 172.0), (49.0, 294.0, 172.0), (2.0, 251.0, 87), (78.0, 249.0, 80), (13.0, 150.0, -5), (64.0, 150.0, -10), (-24.0, 85.0, 57), (110.0, 90.0, 53), (-9.0, 10.0, 0), (97.0, 11.0, 0), (0, 0, 0), (88.0, -2.0, 0), (-29.0, 0, 37), (119.0, 0, 35)]
[(40.0, 287.0, 159.5), (33.0, 296.0, 159.5), (48.0, 295.0, 159.5), (2.0, 252.0, 77), (78.0, 251.0, 71), (13.0, 149.0, -12), (64.0, 148.0, -14), (-23.0, 87.0, 54), (109.0, 90.0, 52), (-9.0, 10.0, 0), (96.0, 10.0, 0), (0, 0, 0), (88.0, -2.0, 0), (-29.0, 0, 37), (119.0, 0, 35)]
[(40.0, 312.0, 157.5), (33.0, 320.0, 157.5), (48.0, 319.0, 157.5), (1.0, 270.0, 80), (80.0, 268.0, 75), (13.0, 163.0, -4), (64.0, 162.0, -6), (-21.0, 90.0, 50), (106.0, 92.0, 49), (-8.0, 10.0, 0), (96.0, 10.0, 0), (0, 0, 0), (88.0, -2.0, 0), (-29.0, 0, 37), (118.0, 0, 36)]
[(40.0, 353.0, 125.0), (31.0, 359.0, 125.0), (48.0, 358.0, 125.0), (-2.0, 305.0, 64), (83.0, 305.0, 54), (13.0, 190.0, -9), (64.0, 191.0, -15), (-14.0, 103.0, 25), (99.0, 106.0, 21), (-8.0, 11.0, 0), (97.0, 12.0, 0), (0, 0, 0), (89.0, -2.0, 0), (-29.0, 0, 37), (118.0, 0, 37)]
[(37.0, 372.0, 73.0), (30.0, 380.0, 73.0), (46.0, 379.0, 73.0), (-4.0, 326.0, 21), (85.0, 321.0, 38), (12.0, 199.0, -28), (64.0, 199.0, -15), (-9.0, 108.0, 0), (95.0, 108.0, 7), (-8.0, 12.0, 0), (97.0, 12.0, 0), (0, 0, 0), (89.0, -2.0, 0), (-31.0, 0, 35), (118.0, 0, 37)]