[(37.0, 341.0, 85.0), (29.0, 349.0, 85.0), (44.0, 349.0, 85.0), (-4.0, 306.0, 18), (71.0, 310.0, 52), (13.0, 178.0, -16), (65.0, 179.0, 14), (-2.0, 90.0, 17), (80.0, 88.0, 30), (-6.0, 14.0, 0), (80.0, 16.0, 0), (0, 0, 0), (73.0, 6.0, 0), (-20.0, 0, 39), (90.0, 0, 40)]
[(37.0, 350.0, 71.0), (29.0, 357.0, 71.0), (44.0, 357.0, 71.0), (-4.0, 311.0, 3), (71.0, 314.0, 62), (13.0, 182.0, -27), (65.0, 183.0, 24), (-2.0, 92.0, 0), (81.0, 89.0, 24), (-5.0, 13.0, 0), (80.0, 15.0, 0), (0, 0, 0), (73.0, 5.0, 0), (-20.0, 0, 39), (92.0, 0, 39)]
[(38.0, 360.0, 49.0), (29.0, 368.0, 49.0), (44.0, 368.0, 49.0), (-5.0, 322.0, -5), (71.0, 326.0, 32), (13.0, 190.0, -15), (65.0, 191.0, 12), (-1.0, 97.0, 0), (79.0, 92.0, 12), (-6.0, 14.0, 0), (79.0, 15.0, 0), (0, 0, 0), (72.0, 5.0, 0), (-22.0, 0, 38), (92.0, 0, 39)]
[(39.0, 364.0, 60.0), (30.0, 371.0, 60.0), (45.0, 372.0, 60.0), (-4.0, 325.0, 10), (72.0, 328.0, 26), (14.0, 193.0, 0), (66.0, 194.0, 0), (-1.0, 98.0, 0), (80.0, 94.0, 0), (-5.0, 14.0, 0), (79.0, 14.0, 0), (0, 0, 0), (71.0, 4.0, 0), (-18.0, 0, 40), (92.0, 0, 38)]
[(40.0, 368.0, 60.5), (31.0, 375.0, 60.5), (46.0, 376.0, 60.5), (-3.0, 328.0, 10), (73.0, 330.0, 31), (15.0, 196.0, 0), (67.0, 197.0, 0), (-0.0, 99.0, 0), (81.0, 96.0, 0), (-5.0, 14.0, 0), (80.0, 15.0, 0), (0, 0, 0), (73.0, 5.0, 0), (-17.0, 0, 40), (92.0, 0, 39)]
[(40.0, 372.0, 58.0), (31.0, 380.0, 58.0), (47.0, 380.0, 58.0), (-3.0, 330.0, 10), (73.0, 332.0, 30), (15.0, 198.0, 0), (66.0, 199.0, 0), (-0.0, 101.0, 0), (80.0, 98.0, 0), (-5.0, 14.0, 0), (80.0, 15.0, 0), (0, 0, 0), (73.0, 4.0, 0), (-17.0, 0, 40), (92.0, 0, 39)]
[(39.0, 375.0, 55.0), (30.0, 383.0, 55.0), (46.0, 383.0, 55.0), (-4.0, 331.0, 10), (72.0, 333.0, 30), (14.0, 199.0, 0), (65.0, 200.0, 0), (-0.0, 101.0, 0), (79.0, 99.0, 0), (-6.0, 14.0, 0), (79.0, 14.0, 0), (0, 0, 0), (72.0, 4.0, 0), (-18.0, 0, 40), (90.0, 0, 40)]
[(39.0, 376.0, 43.0), (30.0, 384.0, 43.0), (46.0, 384.0, 43.0), (-5.0, 332.0, 0), (72.0, 334.0, 26), (14.0, 199.0, 0), (65.0, 200.0, 0), (-0.0, 102.0, 0), (79.0, 102.0, 0), (-6.0, 15.0, 0), (80.0, 15.0, 0), (0, 0, 0), (73.0, 4.0, 0), (-18.0, 0, 40), (90.0, 0, 40)]
[(38.0, 373.0, 46.0), (30.0, 382.0, 46.0), (46.0, 382.0, 46.0), (-5.0, 329.0, -1), (72.0, 330.0, 34), (14.0, 197.0, -9), (65.0, 198.0, 0), (2.0, 103.0, 0), (81.0, 102.0, 0), (-6.0, 14.0, 0), (82.0, 14.0, 0), (0, 0, 0), (75.0, 4.0, 0), (-19.0, 0, 39), (90.0, 0, 41)]
[(38.0, 374.0, 39.0), (30.0, 382.0, 39.0), (46.0, 382.0, 39.0), (-6.0, 328.0, -3), (72.0, 330.0, 30), (14.0, 196.0, -9), (64.0, 197.0, 0), (2.0, 102.0, 0), (81.0, 102.0, 0), (-6.0, 14.0, 0), (82.0, 14.0, 0), (0, 0, 0), (75.0, 4.0, 0), (-18.0, 0, 40), (90.0, 0, 41)]
[(38.0, 373.0, 49.0), (30.0, 381.0, 49.0), (46.0, 382.0, 49.0), (-6.0, 327.0, 7), (72.0, 329.0, 30), (13.0, 196.0, -11), (64.0, 196.0, 0), (3.0, 102.0, 0), (80.0, 101.0, 0), (-6.0, 14.0, 0), (82.0, 13.0, 0), (0, 0, 0), (75.0, 3.0, 0), (-18.0, 0, 40), (90.0, 0, 41)]
[(38.0, 373.0, 72.5), (30.0, 381.0, 72.5), (46.0, 382.0, 72.5), (-6.0, 328.0, 24), (72.0, 329.0, 41), (13.0, 198.0, 0), (64.0, 199.0, 0), (3.0, 103.0, 0), (80.0, 104.0, 0), (-6.0, 14.0, 0), (82.0, 14.0, 0), (0, 0, 0), (75.0, 3.0, 0), (-18.0, 0, 40), (91.0, 0, 41)]
[(38.0, 374.0, 64.0), (30.0, 382.0, 64.0), (46.0, 382.0, 64.0), (-6.0, 328.0, 18), (72.0, 329.0, 38), (13.0, 197.0, 0), (64.0, 198.0, 0), (2.0, 102.0, 0), (78.0, 103.0, 0), (-6.0, 14.0, 0), (81.0, 13.0, 0), (0, 0, 0), (74.0, 3.0, 0), (-18.0, 0, 40), (91.0, 0, 40)]
[(38.0, 375.0, 45.0), (30.0, 383.0, 45.0), (46.0, 384.0, 45.0), (-6.0, 329.0, 0), (72.0, 330.0, 36), (12.0, 197.0, -10), (63.0, 198.0, 2), (1.0, 103.0, 0), (76.0, 103.0, 2), (-6.0, 14.0, 0), (81.0, 14.0, 2), (0, 0, 0), (75.0, 4.0, 0), (-18.0, 0, 40), (91.0, 0, 41)]
[(39.0, 374.0, 33.5), (31.0, 383.0, 33.5), (47.0, 383.0, 33.5), (-5.0, 329.0, -8), (73.0, 331.0, 25), (13.0, 196.0, -8), (64.0, 197.0, 0), (-0.0, 102.0, 0), (77.0, 103.0, 0), (-6.0, 14.0, 0), (82.0, 14.0, 0), (0, 0, 0), (76.0, 3.0, 0), (-17.0, 0, 40), (92.0, 0, 41)]
[(39.0, 376.0, 41.5), (30.0, 384.0, 41.5), (46.0, 385.0, 41.5), (-5.0, 331.0, 0), (73.0, 333.0, 25), (12.0, 198.0, 0), (63.0, 199.0, 0), (-1.0, 102.0, 0), (77.0, 103.0, 0), (-6.0, 14.0, 0), (82.0, 15.0, 0), (0, 0, 0), (76.0, 4.0, 0), (-18.0, 0, 40), (92.0, 0, 41)]
[(39.0, 375.0, 38.5), (30.0, 383.0, 38.5), (46.0, 383.0, 38.5), (-5.0, 330.0, 0), (73.0, 332.0, 19), (12.0, 197.0, 0), (63.0, 197.0, 0), (-1.0, 99.0, 0), (77.0, 100.0, 0), (-6.0, 13.0, 0), (82.0, 14.0, 0), (0, 0, 0), (75.0, 3.0, 0), (-18.0, 0, 40), (93.0, 0, 40)]
[(39.0, 376.0, 34.5), (30.0, 384.0, 34.5), (46.0, 384.0, 34.5), (-5.0, 332.0, 0), (73.0, 334.0, 9), (12.0, 198.0, 0), (63.0, 198.0, 0), (-3.0, 98.0, 0), (77.0, 97.0, 0), (-6.0, 13.0, 0), (81.0, 14.0, 0), (0, 0, 0), (74.0, 3.0, 0), (-20.0, 0, 39), (93.0, 0, 39)]
[(38.0, 377.0, 30.0), (29.0, 385.0, 30.0), (45.0, 385.0, 30.0), (-6.0, 332.0, 0), (72.0, 335.0, 0), (11.0, 198.0, 0), (62.0, 198.0, 0), (-5.0, 97.0, 0), (76.0, 96.0, 0), (-7.0, 13.0, 0), (80.0, 13.0, 0), (0, 0, 0), (73.0, 3.0, 0), (-23.0, 0, 37), (92.0, 0, 39)]
[(38.0, 377.0, 31.0), (29.0, 385.0, 31.0), (45.0, 386.0, 31.0), (-6.0, 333.0, 0), (72.0, 336.0, 0), (11.0, 197.0, 0), (62.0, 198.0, 0), (-5.0, 97.0, 0), (76.0, 95.0, 0), (-7.0, 13.0, 0), (80.0, 13.0, 0), (0, 0, 0), (73.0, 3.0, 0), (-23.0, 0, 37), (93.0, 0, 39)]
[(38.0, 377.0, 30.0), (29.0, 385.0, 30.0), (45.0, 385.0, 30.0), (-6.0, 333.0, 0), (72.0, 335.0, 0), (11.0, 197.0, 0), (62.0, 198.0, 0), (-5.0, 97.0, 0), (76.0, 96.0, 0), (-7.0, 13.0, 0), (80.0, 13.0, 0), (0, 0, 0), (73.0, 3.0, 0), (-23.0, 0, 37), (92.0, 0, 39)]
[(39.0, 378.0, 30.0), (30.0, 386.0, 30.0), (46.0, 386.0, 30.0), (-6.0, 333.0, 0), (73.0, 335.0, 2), (12.0, 197.0, 0), (63.0, 198.0, 2), (-4.0, 96.0, 0), (77.0, 95.0, 2), (-7.0, 13.0, 0), (81.0, 13.0, 2), (0, 0, 0), (75.0, 3.0, 0), (-22.0, 0, 38), (93.0, 0, 40)]
[(39.0, 378.0, 30.0), (30.0, 385.0, 30.0), (46.0, 386.0, 30.0), (-6.0, 333.0, 0), (73.0, 335.0, 2), (12.0, 197.0, 0), (63.0, 198.0, 2), (-4.0, 97.0, 0), (77.0, 96.0, 2), (-7.0, 13.0, 0), (81.0, 13.0, 2), (0, 0, 0), (75.0, 3.0, 0), (-22.0, 0, 38), (93.0, 0, 40)]
[(39.0, 378.0, 29.0), (30.0, 386.0, 29.0), (46.0, 386.0, 29.0), (-6.0, 333.0, 0), (73.0, 335.0, 0), (12.0, 197.0, 0), (63.0, 198.0, 0), (-4.0, 97.0, 0), (77.0, 96.0, 0), (-7.0, 13.0, 0), (81.0, 13.0, 0), (0, 0, 0), (74.0, 3.0, 0), (-22.0, 0, 38), (93.0, 0, 39)]
[(39.0, 378.0, 30.0), (30.0, 386.0, 30.0), (46.0, 386.0, 30.0), (-5.0, 333.0, 0), (73.0, 336.0, 0), (12.0, 198.0, 0), (63.0, 198.0, 0), (-4.0, 97.0, 0), (77.0, 96.0, 0), (-7.0, 13.0, 0), (81.0, 13.0, 0), (0, 0, 0), (74.0, 3.0, 0), (-22.0, 0, 38), (93.0, 0, 39)]
[(39.0, 378.0, 30.0), (30.0, 386.0, 30.0), (46.0, 386.0, 30.0), (-5.0, 333.0, 0), (73.0, 336.0, 0), (12.0, 197.0, 0), (63.0, 198.0, 0), (-4.0, 97.0, 0), (77.0, 97.0, 0), (-7.0, 12.0, 0), (81.0, 13.0, 0), (0, 0, 0), (74.0, 3.0, 0), (-22.0, 0, 38), (93.0, 0, 39)]
[(39.0, 378.0, 30.0), (30.0, 386.0, 30.0), (46.0, 386.0, 30.0), (-5.0, 333.0, 0), (73.0, 336.0, 0), (12.0, 198.0, 0), (63.0, 198.0, 0), (-4.0, 97.0, 0), (77.0, 97.0, 0), (-7.0, 12.0, 0), (81.0, 14.0, 0), (0, 0, 0), (74.0, 3.0, 0), (-21.0, 0, 38), (94.0, 0, 39)]
[(39.0, 378.0, 30.0), (30.0, 386.0, 30.0), (46.0, 386.0, 30.0), (-5.0, 333.0, 0), (73.0, 336.0, 0), (12.0, 198.0, 0), (63.0, 198.0, 0), (-3.0, 97.0, 0), (77.0, 97.0, 0), (-7.0, 12.0, 0), (81.0, 14.0, 0), (0, 0, 0), (74.0, 3.0, 0), (-21.0, 0, 38), (93.0, 0, 39)]
[(39.0, 377.0, 31.0), (30.0, 386.0, 31.0), (46.0, 386.0, 31.0), (-5.0, 333.0, 0), (73.0, 336.0, 0), (12.0, 198.0, 0), (63.0, 198.0, 0), (-3.0, 97.0, 0), (77.0, 98.0, 0), (-7.0, 12.0, 0), (81.0, 14.0, 0), (0, 0, 0), (74.0, 3.0, 0), (-20.0, 0, 39), (93.0, 0, 39)]
[(39.0, 377.0, 31.0), (30.0, 385.0, 31.0), (46.0, 386.0, 31.0), (-5.0, 333.0, 0), (73.0, 336.0, 0), (13.0, 198.0, 0), (63.0, 198.0, 0), (-2.0, 97.0, 0), (77.0, 98.0, 0), (-7.0, 12.0, 0), (81.0, 15.0, 0), (0, 0, 0), (74.0, 4.0, 0), (-20.0, 0, 39), (93.0, 0, 39)]
[(39.0, 378.0, 31.0), (30.0, 386.0, 31.0), (46.0, 387.0, 31.0), (-5.0, 334.0, 0), (73.0, 337.0, 0), (13.0, 198.0, 0), (63.0, 199.0, 0), (-3.0, 98.0, 0), (77.0, 99.0, 0), (-7.0, 13.0, 0), (81.0, 15.0, 0), (0, 0, 0), (74.0, 5.0, 0), (-20.0, 0, 39), (93.0, 0, 39)]
[(39.0, 378.0, 31.0), (30.0, 386.0, 31.0), (46.0, 387.0, 31.0), (-5.0, 334.0, 0), (73.0, 337.0, 0), (13.0, 198.0, 0), (63.0, 198.0, 0), (-3.0, 98.0, 0), (78.0, 99.0, 0), (-7.0, 13.0, 0), (81.0, 15.0, 0), (0, 0, 0), (74.0, 5.0, 0), (-21.0, 0, 38), (93.0, 0, 39)]
[(39.0, 377.0, 31.0), (30.0, 385.0, 31.0), (46.0, 385.0, 31.0), (-5.0, 333.0, 0), (73.0, 336.0, 0), (13.0, 196.0, 0), (63.0, 197.0, 0), (-3.0, 97.0, 0), (79.0, 98.0, 0), (-7.0, 13.0, 0), (81.0, 14.0, 0), (0, 0, 0), (74.0, 4.0, 0), (-21.0, 0, 38), (93.0, 0, 39)]
[(39.0, 375.0, 33.0), (30.0, 383.0, 33.0), (46.0, 384.0, 33.0), (-6.0, 332.0, 0), (73.0, 336.0, 0), (13.0, 195.0, 0), (64.0, 195.0, 0), (-3.0, 97.0, 0), (79.0, 97.0, 0), (-7.0, 13.0, 0), (81.0, 14.0, 0), (0, 0, 0), (74.0, 4.0, 0), (-20.0, 0, 39), (93.0, 0, 39)]
[(39.0, 372.0, 35.0), (30.0, 381.0, 35.0), (47.0, 382.0, 35.0), (-6.0, 331.0, 0), (74.0, 334.0, 0), (14.0, 194.0, 0), (65.0, 193.0, 0), (-2.0, 96.0, 0), (81.0, 95.0, 0), (-7.0, 13.0, 0), (82.0, 13.0, 0), (0, 0, 0), (75.0, 3.0, 0), (-18.0, 0, 40), (94.0, 0, 39)]
[(39.0, 371.0, 34.0), (30.0, 380.0, 34.0), (47.0, 381.0, 34.0), (-6.0, 329.0, 0), (74.0, 333.0, 0), (14.0, 192.0, 0), (65.0, 192.0, 0), (-2.0, 95.0, 0), (81.0, 94.0, 0), (-6.0, 13.0, 0), (82.0, 13.0, 0), (0, 0, 0), (75.0, 3.0, 0), (-17.0, 0, 40), (94.0, 0, 39)]
[(37.0, 368.0, 36.5), (29.0, 376.0, 36.5), (45.0, 377.0, 36.5), (-7.0, 327.0, 0), (73.0, 331.0, 3), (13.0, 189.0, 0), (65.0, 189.0, 3), (-4.0, 92.0, 0), (80.0, 91.0, 3), (-6.0, 13.0, 0), (81.0, 12.0, 3), (0, 0, 0), (74.0, 3.0, 0), (-17.0, 0, 40), (92.0, 0, 40)]
[(37.0, 363.0, 57.5), (29.0, 372.0, 57.5), (45.0, 372.0, 57.5), (-7.0, 324.0, 13), (73.0, 327.0, 15), (12.0, 185.0, 13), (65.0, 186.0, 15), (-5.0, 90.0, 13), (82.0, 88.0, 15), (-6.0, 13.0, 0), (82.0, 11.0, 3), (0, 0, 0), (75.0, 2.0, 0), (-17.0, 0, 40), (92.0, 0, 40)]
[(37.0, 361.0, 62.5), (28.0, 370.0, 62.5), (44.0, 369.0, 62.5), (-8.0, 322.0, 18), (73.0, 326.0, 15), (12.0, 183.0, 18), (65.0, 184.0, 15), (-5.0, 89.0, 18), (82.0, 87.0, 15), (-6.0, 13.0, 0), (82.0, 10.0, 3), (0, 0, 0), (75.0, 1.0, 0), (-17.0, 0, 40), (92.0, 0, 40)]
[(36.0, 359.0, 49.0), (27.0, 367.0, 49.0), (43.0, 367.0, 49.0), (-9.0, 321.0, 2), (72.0, 323.0, 20), (11.0, 179.0, 2), (64.0, 181.0, 20), (-9.0, 88.0, 21), (81.0, 86.0, 20), (-7.0, 13.0, 0), (81.0, 10.0, 3), (0, 0, 0), (74.0, 1.0, 0), (-18.0, 0, 40), (91.0, 0, 40)]
[(36.0, 355.0, 45.0), (27.0, 364.0, 45.0), (43.0, 364.0, 45.0), (-9.0, 318.0, -5), (72.0, 320.0, 24), (11.0, 177.0, -5), (64.0, 179.0, 24), (-10.0, 88.0, 21), (82.0, 86.0, 24), (-6.0, 13.0, 0), (81.0, 12.0, 0), (0, 0, 0), (74.0, 2.0, 0), (-18.0, 0, 40), (91.0, 0, 40)]
[(36.0, 350.0, 45.5), (27.0, 359.0, 45.5), (43.0, 359.0, 45.5), (-9.0, 315.0, -3), (71.0, 317.0, 17), (11.0, 175.0, -3), (64.0, 177.0, 17), (-13.0, 87.0, 24), (82.0, 86.0, 30), (-7.0, 13.0, 0), (81.0, 13.0, 3), (0, 0, 0), (74.0, 4.0, 0), (-20.0, 0, 39), (91.0, 0, 40)]
[(35.0, 349.0, 37.5), (25.0, 357.0, 37.5), (42.0, 357.0, 37.5), (-10.0, 312.0, -7), (71.0, 316.0, 11), (9.0, 174.0, -7), (63.0, 175.0, 11), (-14.0, 87.0, 24), (82.0, 86.0, 33), (-8.0, 13.0, 0), (80.0, 14.0, 3), (0, 0, 0), (73.0, 5.0, 0), (-21.0, 0, 38), (90.0, 0, 40)]
[(34.0, 343.0, 35.5), (25.0, 351.0, 35.5), (41.0, 351.0, 35.5), (-10.0, 310.0, -15), (70.0, 313.0, 17), (9.0, 171.0, -15), (63.0, 173.0, 17), (-14.0, 86.0, 21), (83.0, 83.0, 34), (-8.0, 11.0, 0), (80.0, 13.0, 0), (0, 0, 0), (73.0, 3.0, 0), (-21.0, 0, 38), (91.0, 0, 40)]
[(33.0, 330.0, 57.5), (24.0, 338.0, 57.5), (40.0, 337.0, 57.5), (-9.0, 296.0, 0), (69.0, 302.0, 29), (8.0, 166.0, -26), (62.0, 167.0, 9), (-17.0, 87.0, 20), (84.0, 81.0, 39), (-9.0, 12.0, 0), (79.0, 14.0, 0), (0, 0, 0), (71.0, 5.0, 0), (-24.0, 0, 37), (90.0, 0, 39)]
[(33.0, 324.0, 62.5), (24.0, 333.0, 62.5), (40.0, 332.0, 62.5), (-9.0, 295.0, -2), (68.0, 298.0, 39), (9.0, 165.0, -27), (62.0, 165.0, 8), (-18.0, 87.0, 20), (86.0, 82.0, 44), (-9.0, 12.0, 0), (80.0, 15.0, 5), (0, 0, 0), (73.0, 7.0, 0), (-24.0, 0, 37), (91.0, 0, 39)]
[(31.0, 317.0, 84.0), (22.0, 325.0, 84.0), (38.0, 325.0, 84.0), (-10.0, 287.0, 16), (67.0, 293.0, 46), (8.0, 160.0, -21), (61.0, 161.0, 11), (-23.0, 84.0, 27), (85.0, 78.0, 47), (-10.0, 12.0, 0), (79.0, 12.0, 6), (0, 0, 0), (72.0, 5.0, 0), (-28.0, 0, 34), (90.0, 0, 40)]
[(32.0, 309.0, 91.5), (23.0, 317.0, 91.5), (39.0, 317.0, 91.5), (-7.0, 280.0, 25), (68.0, 286.0, 41), (10.0, 156.0, -21), (63.0, 156.0, -1), (-23.0, 83.0, 30), (87.0, 78.0, 45), (-11.0, 12.0, 0), (80.0, 11.0, 6), (0, 0, 0), (73.0, 4.0, 0), (-27.0, 0, 35), (91.0, 0, 40)]
[(32.0, 300.0, 97.0), (23.0, 309.0, 97.0), (39.0, 309.0, 97.0), (-6.0, 273.0, 30), (69.0, 279.0, 40), (10.0, 150.0, -19), (63.0, 151.0, -7), (-25.0, 80.0, 35), (88.0, 77.0, 44), (-11.0, 12.0, 0), (80.0, 10.0, 5), (0, 0, 0), (72.0, 3.0, 0), (-28.0, 0, 34), (91.0, 0, 39)]
[(31.0, 299.0, 108.5), (22.0, 307.0, 108.5), (38.0, 306.0, 108.5), (-4.0, 270.0, 41), (69.0, 277.0, 43), (10.0, 150.0, -16), (63.0, 151.0, -9), (-27.0, 79.0, 35), (88.0, 77.0, 42), (-11.0, 11.0, 0), (80.0, 9.0, 5), (0, 0, 0), (72.0, 2.0, 0), (-27.0, 0, 35), (91.0, 0, 39)]
[(32.0, 292.0, 113.5), (23.0, 300.0, 113.5), (40.0, 299.0, 113.5), (-4.0, 265.0, 42), (69.0, 270.0, 49), (10.0, 148.0, -21), (63.0, 148.0, -12), (-28.0, 79.0, 32), (88.0, 77.0, 43), (-11.0, 10.0, 0), (80.0, 10.0, 4), (0, 0, 0), (72.0, 2.0, 0), (-28.0, 0, 34), (91.0, 0, 39)]
[(31.0, 286.0, 121.5), (23.0, 295.0, 121.5), (39.0, 294.0, 121.5), (-4.0, 261.0, 46), (69.0, 265.0, 57), (9.0, 146.0, -20), (62.0, 146.0, -9), (-29.0, 78.0, 34), (88.0, 75.0, 46), (-12.0, 10.0, 0), (79.0, 10.0, 4), (0, 0, 0), (71.0, 2.0, 0), (-30.0, 0, 32), (90.0, 0, 39)]
[(31.0, 256.0, 135.5), (23.0, 265.0, 135.5), (39.0, 264.0, 135.5), (-5.0, 234.0, 52), (68.0, 236.0, 71), (10.0, 133.0, -34), (61.0, 134.0, -19), (-32.0, 79.0, 32), (88.0, 74.0, 47), (-11.0, 11.0, 0), (78.0, 10.0, 4), (0, 0, 0), (70.0, 2.0, 0), (-31.0, 0, 31), (88.0, 0, 40)]
[(31.0, 237.0, 137.0), (23.0, 246.0, 137.0), (39.0, 246.0, 137.0), (-5.0, 217.0, 54), (68.0, 221.0, 66), (10.0, 123.0, -39), (61.0, 124.0, -30), (-33.0, 78.0, 33), (91.0, 74.0, 43), (-11.0, 11.0, 0), (77.0, 9.0, 3), (0, 0, 0), (68.0, 2.0, 0), (-30.0, 0, 32), (88.0, 0, 39)]
[(32.0, 236.0, 134.0), (23.0, 246.0, 134.0), (40.0, 246.0, 134.0), (-5.0, 214.0, 53), (68.0, 219.0, 64), (10.0, 123.0, -43), (61.0, 123.0, -33), (-34.0, 81.0, 30), (93.0, 78.0, 42), (-11.0, 13.0, 0), (76.0, 12.0, 4), (0, 0, 0), (68.0, 4.0, 0), (-30.0, 0, 32), (87.0, 0, 39)]
[(33.0, 231.0, 129.0), (24.0, 240.0, 129.0), (41.0, 240.0, 129.0), (-3.0, 211.0, 49), (70.0, 214.0, 62), (11.0, 120.0, -47), (62.0, 120.0, -36), (-33.0, 82.0, 28), (95.0, 79.0, 41), (-10.0, 13.0, 0), (77.0, 13.0, 4), (0, 0, 0), (69.0, 5.0, 0), (-29.0, 0, 33), (87.0, 0, 40)]
[(33.0, 225.0, 126.0), (25.0, 233.0, 126.0), (41.0, 234.0, 126.0), (-2.0, 207.0, 49), (70.0, 209.0, 54), (11.0, 117.0, -48), (62.0, 116.0, -45), (-33.0, 82.0, 28), (96.0, 80.0, 34), (-10.0, 13.0, 0), (76.0, 13.0, 0), (0, 0, 0), (68.0, 4.0, 0), (-29.0, 0, 33), (86.0, 0, 40)]
[(33.0, 223.0, 128.5), (25.0, 232.0, 128.5), (41.0, 232.0, 128.5), (-1.0, 205.0, 50), (69.0, 206.0, 57), (11.0, 117.0, -49), (61.0, 115.0, -44), (-32.0, 81.0, 28), (95.0, 79.0, 35), (-9.0, 12.0, 0), (76.0, 12.0, 0), (0, 0, 0), (68.0, 3.0, 0), (-28.0, 0, 34), (88.0, 0, 39)]
[(35.0, 221.0, 135.5), (26.0, 229.0, 135.5), (43.0, 230.0, 135.5), (-0.0, 203.0, 55), (70.0, 204.0, 61), (11.0, 119.0, -48), (61.0, 117.0, -44), (-32.0, 82.0, 28), (95.0, 80.0, 35), (-9.0, 13.0, 0), (76.0, 13.0, 0), (0, 0, 0), (68.0, 3.0, 0), (-28.0, 0, 34), (88.0, 0, 39)]
[(36.0, 217.0, 131.0), (27.0, 225.0, 131.0), (44.0, 226.0, 131.0), (1.0, 200.0, 51), (70.0, 200.0, 60), (11.0, 116.0, -52), (61.0, 114.0, -45), (-32.0, 83.0, 26), (95.0, 80.0, 35), (-9.0, 13.0, 0), (76.0, 13.0, 0), (0, 0, 0), (68.0, 3.0, 0), (-28.0, 0, 34), (88.0, 0, 39)]
[(37.0, 215.0, 128.5), (27.0, 223.0, 128.5), (45.0, 224.0, 128.5), (-0.0, 197.0, 49), (70.0, 198.0, 59), (12.0, 115.0, -55), (61.0, 114.0, -48), (-32.0, 84.0, 23), (96.0, 81.0, 32), (-9.0, 13.0, 0), (76.0, 13.0, 0), (0, 0, 0), (68.0, 3.0, 0), (-28.0, 0, 34), (88.0, 0, 39)]
[(36.0, 211.0, 131.5), (27.0, 220.0, 131.5), (44.0, 220.0, 131.5), (-0.0, 196.0, 51), (69.0, 195.0, 61), (11.0, 114.0, -53), (60.0, 112.0, -47), (-32.0, 83.0, 26), (95.0, 81.0, 34), (-10.0, 13.0, 0), (75.0, 14.0, 0), (0, 0, 0), (68.0, 3.0, 0), (-30.0, 0, 32), (87.0, 0, 39)]
[(36.0, 211.0, 131.5), (27.0, 218.0, 131.5), (44.0, 219.0, 131.5), (-0.0, 195.0, 51), (69.0, 194.0, 61), (11.0, 112.0, -53), (60.0, 111.0, -47), (-32.0, 83.0, 26), (95.0, 81.0, 34), (-9.0, 13.0, 0), (75.0, 14.0, 0), (0, 0, 0), (68.0, 3.0, 0), (-30.0, 0, 32), (88.0, 0, 39)]
[(36.0, 210.0, 127.0), (27.0, 218.0, 127.0), (45.0, 219.0, 127.0), (-0.0, 194.0, 47), (70.0, 193.0, 60), (11.0, 111.0, -57), (60.0, 110.0, -48), (-32.0, 84.0, 23), (95.0, 81.0, 34), (-9.0, 13.0, 0), (75.0, 14.0, 0), (0, 0, 0), (67.0, 2.0, 0), (-30.0, 0, 32), (89.0, 0, 38)]
[(36.0, 212.0, 126.0), (28.0, 219.0, 126.0), (45.0, 220.0, 126.0), (-0.0, 195.0, 46), (70.0, 193.0, 60), (11.0, 111.0, -57), (60.0, 109.0, -47), (-32.0, 84.0, 23), (96.0, 81.0, 34), (-9.0, 13.0, 0), (75.0, 14.0, 0), (0, 0, 0), (67.0, 3.0, 0), (-30.0, 0, 32), (90.0, 0, 37)]
[(36.0, 215.0, 129.0), (27.0, 223.0, 129.0), (45.0, 224.0, 129.0), (-0.0, 197.0, 50), (71.0, 195.0, 60), (11.0, 113.0, -53), (61.0, 111.0, -47), (-32.0, 83.0, 26), (96.0, 81.0, 34), (-9.0, 13.0, 0), (76.0, 14.0, 0), (0, 0, 0), (69.0, 3.0, 0), (-30.0, 0, 32), (89.0, 0, 39)]
[(36.0, 217.0, 125.5), (27.0, 225.0, 125.5), (45.0, 226.0, 125.5), (-0.0, 198.0, 48), (71.0, 198.0, 57), (11.0, 113.0, -54), (61.0, 111.0, -47), (-30.0, 83.0, 26), (94.0, 82.0, 35), (-8.0, 13.0, 0), (76.0, 14.0, 2), (0, 0, 0), (70.0, 4.0, 0), (-29.0, 0, 33), (88.0, 0, 40)]
[(36.0, 222.0, 128.5), (27.0, 229.0, 128.5), (44.0, 230.0, 128.5), (-1.0, 199.0, 51), (70.0, 201.0, 59), (10.0, 116.0, -53), (61.0, 115.0, -46), (-31.0, 83.0, 26), (91.0, 82.0, 36), (-9.0, 13.0, 0), (75.0, 15.0, 0), (0, 0, 0), (69.0, 4.0, 0), (-30.0, 0, 32), (87.0, 0, 40)]
[(36.0, 224.0, 131.0), (27.0, 231.0, 131.0), (44.0, 232.0, 131.0), (-1.0, 200.0, 53), (70.0, 203.0, 60), (11.0, 117.0, -51), (61.0, 117.0, -45), (-30.0, 83.0, 27), (91.0, 83.0, 37), (-9.0, 13.0, 0), (76.0, 15.0, 2), (0, 0, 0), (70.0, 5.0, 0), (-30.0, 0, 32), (87.0, 0, 40)]
[(36.0, 228.0, 134.0), (27.0, 235.0, 134.0), (44.0, 236.0, 134.0), (-1.0, 204.0, 54), (69.0, 207.0, 64), (11.0, 121.0, -50), (61.0, 121.0, -41), (-30.0, 83.0, 27), (89.0, 82.0, 39), (-9.0, 13.0, 0), (77.0, 16.0, 0), (0, 0, 0), (70.0, 6.0, 0), (-29.0, 0, 33), (87.0, 0, 40)]
[(37.0, 233.0, 142.0), (28.0, 240.0, 142.0), (45.0, 242.0, 142.0), (1.0, 210.0, 59), (69.0, 212.0, 70), (11.0, 126.0, -44), (61.0, 126.0, -35), (-27.0, 82.0, 31), (88.0, 81.0, 42), (-8.0, 13.0, 0), (77.0, 15.0, 2), (0, 0, 0), (71.0, 5.0, 0), (-28.0, 0, 34), (87.0, 0, 40)]
[(38.0, 240.0, 143.0), (29.0, 248.0, 143.0), (46.0, 248.0, 143.0), (2.0, 217.0, 61), (71.0, 219.0, 68), (12.0, 131.0, -40), (62.0, 131.0, -36), (-23.0, 82.0, 33), (88.0, 81.0, 38), (-8.0, 13.0, 0), (78.0, 14.0, 0), (0, 0, 0), (71.0, 3.0, 0), (-27.0, 0, 35), (88.0, 0, 40)]
[(38.0, 250.0, 144.0), (29.0, 257.0, 144.0), (46.0, 258.0, 144.0), (2.0, 225.0, 62), (71.0, 226.0, 70), (12.0, 136.0, -37), (62.0, 137.0, -33), (-21.0, 83.0, 34), (86.0, 82.0, 39), (-8.0, 14.0, 0), (78.0, 15.0, 0), (0, 0, 0), (72.0, 4.0, 0), (-27.0, 0, 35), (88.0, 0, 41)]
[(39.0, 261.0, 133.0), (30.0, 268.0, 133.0), (46.0, 268.0, 133.0), (3.0, 234.0, 58), (72.0, 233.0, 60), (13.0, 141.0, -37), (62.0, 142.0, -41), (-20.0, 85.0, 32), (85.0, 87.0, 31), (-8.0, 15.0, 0), (78.0, 16.0, 0), (0, 0, 0), (72.0, 5.0, 0), (-27.0, 0, 35), (88.0, 0, 40)]
[(39.0, 272.0, 119.0), (30.0, 279.0, 119.0), (46.0, 279.0, 119.0), (3.0, 243.0, 54), (73.0, 242.0, 42), (13.0, 149.0, -40), (63.0, 150.0, -58), (-18.0, 88.0, 26), (84.0, 93.0, 13), (-8.0, 15.0, 0), (78.0, 16.0, 2), (0, 0, 0), (72.0, 6.0, 0), (-28.0, 0, 34), (88.0, 0, 40)]
[(39.0, 280.0, 84.0), (30.0, 288.0, 84.0), (46.0, 287.0, 84.0), (3.0, 251.0, 25), (73.0, 251.0, 30), (14.0, 154.0, -66), (63.0, 155.0, -66), (-15.0, 92.0, 0), (82.0, 94.0, 2), (-8.0, 14.0, 0), (78.0, 16.0, 2), (0, 0, 0), (72.0, 6.0, 0), (-28.0, 0, 34), (86.0, 0, 41)]
[(39.0, 291.0, 82.5), (30.0, 297.0, 82.5), (46.0, 298.0, 82.5), (3.0, 258.0, 26), (74.0, 259.0, 29), (15.0, 159.0, -62), (63.0, 160.0, -64), (-14.0, 93.0, 0), (80.0, 96.0, 2), (-8.0, 14.0, 0), (78.0, 17.0, 2), (0, 0, 0), (72.0, 7.0, 0), (-27.0, 0, 35), (86.0, 0, 41)]
[(40.0, 310.0, 76.0), (31.0, 317.0, 76.0), (47.0, 317.0, 76.0), (4.0, 277.0, 16), (75.0, 276.0, 38), (16.0, 166.0, -57), (65.0, 166.0, -42), (-9.0, 94.0, 0), (80.0, 93.0, 14), (-8.0, 13.0, 0), (78.0, 16.0, 2), (0, 0, 0), (72.0, 6.0, 0), (-25.0, 0, 36), (87.0, 0, 41)]
[(40.0, 336.0, 86.5), (32.0, 343.0, 86.5), (48.0, 343.0, 86.5), (3.0, 298.0, 24), (77.0, 297.0, 53), (16.0, 179.0, -35), (65.0, 178.0, -13), (-5.0, 93.0, 0), (79.0, 91.0, 19), (-7.0, 13.0, 0), (77.0, 15.0, 2), (0, 0, 0), (71.0, 5.0, 0), (-25.0, 0, 36), (87.0, 0, 40)]
[(41.0, 345.0, 95.5), (32.0, 353.0, 95.5), (49.0, 351.0, 95.5), (2.0, 308.0, 19), (77.0, 305.0, 81), (16.0, 182.0, -23), (66.0, 182.0, 23), (-4.0, 92.0, 0), (79.0, 89.0, 23), (-7.0, 13.0, 0), (77.0, 14.0, 2), (0, 0, 0), (71.0, 4.0, 0), (-23.0, 0, 37), (87.0, 0, 41)]