[(32.0, 364.0, 55.5), (24.0, 372.0, 55.5), (38.0, 372.0, 55.5), (-14.0, 311.0, 38), (68.0, 311.0, 35), (5.0, 189.0, -14), (55.0, 189.0, -17), (-5.0, 98.0, 0), (64.0, 98.0, 0), (-9.0, 13.0, 0), (65.0, 15.0, 0), (0, 0, 0), (58.0, 5.0, 0), (-31.0, 0, 30), (76.0, 0, 39)]
[(32.0, 366.0, 48.0), (24.0, 375.0, 48.0), (38.0, 375.0, 48.0), (-15.0, 316.0, 32), (69.0, 314.0, 32), (5.0, 192.0, -14), (55.0, 193.0, -22), (-5.0, 101.0, 0), (63.0, 103.0, 0), (-9.0, 14.0, 0), (65.0, 17.0, 0), (0, 0, 0), (59.0, 6.0, 0), (-32.0, 0, 29), (76.0, 0, 39)]
[(32.0, 369.0, 40.5), (23.0, 376.0, 40.5), (38.0, 377.0, 40.5), (-15.0, 315.0, 27), (69.0, 314.0, 27), (4.0, 191.0, -20), (54.0, 192.0, -25), (-5.0, 101.0, 0), (63.0, 103.0, 0), (-8.0, 14.0, 0), (65.0, 16.0, 0), (0, 0, 0), (59.0, 6.0, 0), (-32.0, 0, 29), (76.0, 0, 39)]
[(32.0, 370.0, 44.5), (23.0, 378.0, 44.5), (38.0, 378.0, 44.5), (-15.0, 317.0, 30), (69.0, 316.0, 29), (4.0, 192.0, -14), (53.0, 193.0, -20), (-5.0, 101.0, 0), (64.0, 103.0, 0), (-8.0, 14.0, 0), (65.0, 17.0, 0), (0, 0, 0), (60.0, 8.0, 0), (-33.0, 0, 28), (76.0, 0, 39)]
[(31.0, 371.0, 60.0), (22.0, 379.0, 60.0), (38.0, 380.0, 60.0), (-16.0, 318.0, 37), (69.0, 316.0, 46), (2.0, 193.0, -7), (51.0, 194.0, -5), (-6.0, 101.0, 0), (64.0, 102.0, 0), (-9.0, 14.0, 0), (65.0, 18.0, 0), (0, 0, 0), (59.0, 9.0, 0), (-34.0, 0, 27), (75.0, 0, 39)]
[(31.0, 373.0, 53.5), (22.0, 381.0, 53.5), (38.0, 381.0, 53.5), (-16.0, 318.0, 37), (70.0, 317.0, 33), (2.0, 193.0, -7), (51.0, 194.0, -15), (-6.0, 101.0, 0), (63.0, 103.0, 0), (-9.0, 14.0, 0), (65.0, 19.0, 0), (0, 0, 0), (59.0, 10.0, 0), (-34.0, 0, 27), (75.0, 0, 39)]
[(31.0, 374.0, 58.5), (22.0, 382.0, 58.5), (38.0, 382.0, 58.5), (-16.0, 318.0, 45), (70.0, 317.0, 27), (1.0, 193.0, 0), (51.0, 193.0, -19), (-6.0, 100.0, 0), (63.0, 103.0, 1), (-9.0, 14.0, 0), (66.0, 19.0, 1), (0, 0, 0), (62.0, 11.0, 0), (-34.0, 0, 27), (75.0, 0, 40)]
[(31.0, 375.0, 57.0), (22.0, 383.0, 57.0), (38.0, 383.0, 57.0), (-16.0, 319.0, 45), (70.0, 317.0, 24), (-0.0, 194.0, 0), (50.0, 194.0, -24), (-6.0, 101.0, 0), (62.0, 105.0, 0), (-9.0, 14.0, 0), (66.0, 21.0, 0), (0, 0, 0), (62.0, 12.0, 0), (-34.0, 0, 27), (74.0, 0, 40)]
[(31.0, 374.0, 55.5), (22.0, 382.0, 55.5), (38.0, 382.0, 55.5), (-16.0, 319.0, 45), (70.0, 318.0, 21), (-0.0, 194.0, 0), (50.0, 194.0, -24), (-6.0, 101.0, 0), (62.0, 105.0, 0), (-9.0, 14.0, 0), (66.0, 21.0, 0), (0, 0, 0), (62.0, 12.0, 0), (-34.0, 0, 27), (74.0, 0, 40)]
[(30.0, 375.0, 42.0), (22.0, 383.0, 42.0), (38.0, 383.0, 42.0), (-16.0, 319.0, 33), (70.0, 319.0, 18), (-0.0, 193.0, -9), (50.0, 194.0, -24), (-6.0, 101.0, 0), (62.0, 105.0, 0), (-9.0, 14.0, 0), (66.0, 21.0, 0), (0, 0, 0), (61.0, 12.0, 0), (-34.0, 0, 27), (74.0, 0, 39)]
[(31.0, 374.0, 43.5), (22.0, 382.0, 43.5), (39.0, 382.0, 43.5), (-15.0, 318.0, 36), (71.0, 318.0, 15), (1.0, 193.0, -9), (51.0, 193.0, -27), (-5.0, 101.0, 0), (63.0, 105.0, 0), (-8.0, 14.0, 0), (66.0, 21.0, 0), (0, 0, 0), (60.0, 12.0, 0), (-33.0, 0, 28), (75.0, 0, 39)]
[(31.0, 374.0, 44.0), (22.0, 382.0, 44.0), (39.0, 382.0, 44.0), (-15.0, 318.0, 33), (71.0, 317.0, 22), (1.0, 192.0, -9), (51.0, 192.0, -20), (-5.0, 100.0, 0), (63.0, 102.0, 0), (-8.0, 14.0, 0), (66.0, 19.0, 0), (0, 0, 0), (59.0, 11.0, 0), (-33.0, 0, 28), (75.0, 0, 39)]
[(31.0, 376.0, 53.0), (22.0, 384.0, 53.0), (39.0, 384.0, 53.0), (-15.0, 319.0, 42), (71.0, 318.0, 22), (1.0, 193.0, 0), (51.0, 193.0, -20), (-6.0, 100.0, 0), (63.0, 103.0, 0), (-8.0, 14.0, 0), (66.0, 20.0, 0), (0, 0, 0), (59.0, 11.0, 0), (-33.0, 0, 28), (75.0, 0, 39)]
[(31.0, 376.0, 57.5), (22.0, 384.0, 57.5), (39.0, 384.0, 57.5), (-16.0, 319.0, 39), (71.0, 318.0, 37), (1.0, 192.0, 0), (51.0, 193.0, -5), (-6.0, 99.0, 0), (64.0, 101.0, 0), (-8.0, 13.0, 0), (66.0, 18.0, 0), (0, 0, 0), (60.0, 10.0, 0), (-33.0, 0, 28), (75.0, 0, 39)]
[(30.0, 376.0, 60.0), (22.0, 384.0, 60.0), (39.0, 384.0, 60.0), (-16.0, 319.0, 39), (71.0, 318.0, 42), (1.0, 192.0, 0), (51.0, 193.0, 0), (-6.0, 98.0, 0), (64.0, 100.0, 0), (-8.0, 13.0, 0), (66.0, 17.0, 0), (0, 0, 0), (60.0, 8.0, 0), (-32.0, 0, 29), (75.0, 0, 40)]
[(30.0, 375.0, 60.5), (22.0, 383.0, 60.5), (39.0, 383.0, 60.5), (-16.0, 319.0, 39), (70.0, 317.0, 43), (1.0, 192.0, 0), (51.0, 192.0, 0), (-7.0, 97.0, 0), (64.0, 98.0, 0), (-8.0, 13.0, 0), (66.0, 16.0, 0), (0, 0, 0), (60.0, 8.0, 0), (-32.0, 0, 29), (75.0, 0, 40)]
[(31.0, 375.0, 63.5), (22.0, 383.0, 63.5), (40.0, 383.0, 63.5), (-15.0, 318.0, 42), (71.0, 317.0, 43), (2.0, 192.0, 0), (52.0, 192.0, 0), (-6.0, 97.0, 0), (64.0, 98.0, 0), (-7.0, 13.0, 0), (67.0, 15.0, 0), (0, 0, 0), (61.0, 8.0, 0), (-31.0, 0, 30), (77.0, 0, 39)]
[(32.0, 376.0, 59.0), (23.0, 384.0, 59.0), (41.0, 384.0, 59.0), (-14.0, 320.0, 39), (72.0, 319.0, 40), (2.0, 193.0, 0), (53.0, 193.0, 0), (-5.0, 98.0, 0), (64.0, 99.0, 0), (-7.0, 13.0, 0), (68.0, 15.0, 0), (0, 0, 0), (62.0, 8.0, 0), (-30.0, 0, 31), (78.0, 0, 39)]
[(32.0, 376.0, 61.0), (23.0, 383.0, 61.0), (40.0, 383.0, 61.0), (-15.0, 319.0, 41), (71.0, 319.0, 40), (3.0, 193.0, 0), (53.0, 193.0, 0), (-5.0, 98.0, 0), (63.0, 99.0, 0), (-7.0, 13.0, 0), (67.0, 15.0, 0), (0, 0, 0), (61.0, 8.0, 0), (-30.0, 0, 31), (76.0, 0, 40)]
[(32.0, 375.0, 56.5), (23.0, 383.0, 56.5), (40.0, 383.0, 56.5), (-15.0, 320.0, 38), (70.0, 320.0, 37), (3.0, 193.0, 0), (53.0, 193.0, 0), (-5.0, 98.0, 0), (63.0, 99.0, 0), (-7.0, 13.0, 0), (67.0, 16.0, 0), (0, 0, 0), (61.0, 8.0, 0), (-30.0, 0, 31), (75.0, 0, 40)]
[(32.0, 375.0, 52.5), (23.0, 383.0, 52.5), (40.0, 383.0, 52.5), (-15.0, 321.0, 35), (70.0, 321.0, 35), (3.0, 193.0, 0), (53.0, 193.0, 1), (-6.0, 98.0, 0), (63.0, 99.0, 1), (-7.0, 13.0, 0), (67.0, 16.0, 1), (0, 0, 0), (63.0, 8.0, 0), (-30.0, 0, 31), (75.0, 0, 41)]
[(32.0, 375.0, 57.0), (23.0, 383.0, 57.0), (40.0, 383.0, 57.0), (-15.0, 320.0, 39), (70.0, 321.0, 36), (2.0, 193.0, 0), (53.0, 193.0, 2), (-6.0, 98.0, 0), (64.0, 99.0, 2), (-7.0, 13.0, 0), (67.0, 16.0, 2), (0, 0, 0), (64.0, 8.0, 0), (-30.0, 0, 31), (75.0, 0, 41)]
[(32.0, 374.0, 52.5), (23.0, 383.0, 52.5), (40.0, 383.0, 52.5), (-15.0, 320.0, 35), (70.0, 321.0, 35), (2.0, 192.0, 0), (52.0, 193.0, 2), (-7.0, 98.0, 0), (65.0, 100.0, 2), (-7.0, 13.0, 0), (68.0, 16.0, 2), (0, 0, 0), (65.0, 8.0, 0), (-31.0, 0, 30), (75.0, 0, 41)]
[(31.0, 375.0, 50.5), (22.0, 383.0, 50.5), (40.0, 383.0, 50.5), (-15.0, 320.0, 35), (70.0, 321.0, 31), (2.0, 192.0, 0), (52.0, 192.0, 2), (-7.0, 98.0, 0), (66.0, 100.0, 2), (-7.0, 13.0, 0), (68.0, 16.0, 2), (0, 0, 0), (65.0, 8.0, 0), (-31.0, 0, 30), (76.0, 0, 41)]
[(31.0, 376.0, 52.0), (22.0, 383.0, 52.0), (40.0, 383.0, 52.0), (-16.0, 320.0, 35), (70.0, 321.0, 34), (2.0, 192.0, 0), (52.0, 193.0, 1), (-7.0, 98.0, 0), (66.0, 100.0, 1), (-7.0, 13.0, 0), (69.0, 16.0, 1), (0, 0, 0), (65.0, 8.0, 0), (-31.0, 0, 30), (77.0, 0, 41)]
[(31.0, 376.0, 49.0), (22.0, 383.0, 49.0), (40.0, 384.0, 49.0), (-17.0, 320.0, 34), (70.0, 322.0, 30), (2.0, 192.0, 0), (52.0, 193.0, 1), (-7.0, 98.0, 0), (66.0, 100.0, 1), (-7.0, 13.0, 0), (69.0, 16.0, 1), (0, 0, 0), (65.0, 8.0, 0), (-31.0, 0, 30), (77.0, 0, 41)]
[(31.0, 376.0, 46.5), (22.0, 384.0, 46.5), (40.0, 384.0, 46.5), (-17.0, 321.0, 30), (70.0, 322.0, 33), (2.0, 192.0, 0), (52.0, 194.0, 0), (-7.0, 98.0, 0), (66.0, 100.0, 0), (-7.0, 13.0, 0), (69.0, 17.0, 0), (0, 0, 0), (65.0, 8.0, 0), (-31.0, 0, 30), (77.0, 0, 41)]
[(30.0, 376.0, 47.0), (21.0, 384.0, 47.0), (39.0, 384.0, 47.0), (-17.0, 321.0, 30), (70.0, 323.0, 34), (2.0, 192.0, 0), (53.0, 194.0, 4), (-7.0, 97.0, 0), (66.0, 99.0, 4), (-7.0, 13.0, 0), (69.0, 17.0, 4), (0, 0, 0), (65.0, 10.0, 0), (-31.0, 0, 30), (77.0, 0, 40)]
[(30.0, 377.0, 47.5), (21.0, 384.0, 47.5), (39.0, 384.0, 47.5), (-17.0, 321.0, 30), (69.0, 323.0, 35), (2.0, 192.0, 0), (53.0, 194.0, 4), (-7.0, 97.0, 0), (66.0, 100.0, 4), (-7.0, 13.0, 0), (68.0, 17.0, 4), (0, 0, 0), (64.0, 10.0, 0), (-31.0, 0, 30), (76.0, 0, 40)]
[(30.0, 377.0, 41.0), (21.0, 384.0, 41.0), (39.0, 384.0, 41.0), (-17.0, 321.0, 26), (69.0, 323.0, 30), (2.0, 191.0, 0), (53.0, 193.0, 4), (-6.0, 97.0, 0), (66.0, 99.0, 4), (-7.0, 13.0, 0), (68.0, 17.0, 4), (0, 0, 0), (64.0, 10.0, 0), (-31.0, 0, 30), (76.0, 0, 40)]
[(29.0, 377.0, 39.5), (20.0, 384.0, 39.5), (38.0, 384.0, 39.5), (-18.0, 321.0, 26), (68.0, 322.0, 27), (1.0, 191.0, 0), (52.0, 192.0, 1), (-7.0, 97.0, 0), (65.0, 99.0, 1), (-8.0, 13.0, 0), (67.0, 17.0, 1), (0, 0, 0), (63.0, 9.0, 0), (-32.0, 0, 29), (75.0, 0, 41)]
[(29.0, 376.0, 43.0), (20.0, 384.0, 43.0), (38.0, 384.0, 43.0), (-18.0, 320.0, 30), (68.0, 322.0, 26), (1.0, 191.0, 0), (52.0, 192.0, 0), (-7.0, 97.0, 0), (65.0, 99.0, 0), (-8.0, 13.0, 0), (67.0, 17.0, 0), (0, 0, 0), (62.0, 9.0, 0), (-32.0, 0, 29), (76.0, 0, 40)]
[(29.0, 376.0, 43.0), (20.0, 384.0, 43.0), (38.0, 384.0, 43.0), (-17.0, 320.0, 30), (68.0, 322.0, 26), (2.0, 191.0, 0), (52.0, 192.0, 0), (-6.0, 97.0, 0), (65.0, 99.0, 0), (-8.0, 13.0, 0), (67.0, 17.0, 0), (0, 0, 0), (61.0, 9.0, 0), (-32.0, 0, 29), (76.0, 0, 40)]
[(29.0, 376.0, 45.5), (20.0, 384.0, 45.5), (38.0, 384.0, 45.5), (-17.0, 320.0, 30), (68.0, 321.0, 31), (2.0, 191.0, 0), (52.0, 192.0, 0), (-6.0, 96.0, 0), (66.0, 99.0, 0), (-8.0, 12.0, 0), (67.0, 17.0, 0), (0, 0, 0), (60.0, 9.0, 0), (-32.0, 0, 29), (76.0, 0, 39)]
[(29.0, 376.0, 47.0), (20.0, 384.0, 47.0), (38.0, 384.0, 47.0), (-17.0, 319.0, 30), (68.0, 320.0, 34), (2.0, 190.0, 0), (52.0, 192.0, 0), (-6.0, 96.0, 0), (66.0, 99.0, 0), (-8.0, 12.0, 0), (67.0, 17.0, 0), (0, 0, 0), (59.0, 9.0, 0), (-32.0, 0, 29), (77.0, 0, 38)]
[(30.0, 378.0, 45.5), (21.0, 385.0, 45.5), (39.0, 386.0, 45.5), (-17.0, 320.0, 30), (69.0, 321.0, 31), (3.0, 191.0, 0), (53.0, 192.0, 0), (-5.0, 96.0, 0), (67.0, 99.0, 0), (-7.0, 13.0, 0), (67.0, 18.0, 0), (0, 0, 0), (60.0, 10.0, 0), (-31.0, 0, 30), (77.0, 0, 38)]
[(30.0, 379.0, 45.5), (20.0, 386.0, 45.5), (38.0, 386.0, 45.5), (-18.0, 320.0, 30), (68.0, 321.0, 31), (2.0, 191.0, 0), (52.0, 192.0, 0), (-7.0, 95.0, 0), (66.0, 98.0, 0), (-8.0, 13.0, 0), (66.0, 18.0, 0), (0, 0, 0), (59.0, 10.0, 0), (-32.0, 0, 29), (76.0, 0, 38)]
[(30.0, 379.0, 44.5), (21.0, 386.0, 44.5), (38.0, 387.0, 44.5), (-18.0, 320.0, 29), (68.0, 321.0, 31), (3.0, 191.0, 0), (53.0, 192.0, 0), (-6.0, 95.0, 0), (66.0, 99.0, 0), (-8.0, 13.0, 0), (66.0, 19.0, 0), (0, 0, 0), (59.0, 11.0, 0), (-32.0, 0, 29), (76.0, 0, 38)]
[(33.0, 379.0, 39.5), (22.0, 386.0, 39.5), (40.0, 387.0, 39.5), (-17.0, 320.0, 24), (69.0, 321.0, 31), (4.0, 190.0, 0), (54.0, 192.0, 0), (-5.0, 95.0, 0), (67.0, 99.0, 0), (-7.0, 13.0, 0), (67.0, 19.0, 0), (0, 0, 0), (60.0, 11.0, 0), (-31.0, 0, 30), (78.0, 0, 38)]
[(32.0, 379.0, 39.5), (21.0, 386.0, 39.5), (39.0, 387.0, 39.5), (-18.0, 320.0, 24), (68.0, 321.0, 31), (3.0, 190.0, 0), (53.0, 192.0, 0), (-6.0, 95.0, 0), (67.0, 99.0, 0), (-8.0, 13.0, 0), (66.0, 19.0, 0), (0, 0, 0), (59.0, 11.0, 0), (-32.0, 0, 29), (77.0, 0, 38)]
[(32.0, 379.0, 35.0), (22.0, 386.0, 35.0), (39.0, 387.0, 35.0), (-18.0, 320.0, 24), (68.0, 321.0, 22), (3.0, 190.0, 0), (53.0, 191.0, -5), (-6.0, 95.0, 0), (66.0, 99.0, 0), (-8.0, 13.0, 0), (65.0, 19.0, 0), (0, 0, 0), (58.0, 11.0, 0), (-32.0, 0, 29), (77.0, 0, 37)]
[(32.0, 379.0, 39.5), (22.0, 386.0, 39.5), (39.0, 387.0, 39.5), (-18.0, 320.0, 24), (68.0, 320.0, 31), (3.0, 190.0, 0), (52.0, 191.0, 0), (-6.0, 95.0, 0), (66.0, 99.0, 0), (-8.0, 13.0, 0), (65.0, 19.0, 0), (0, 0, 0), (58.0, 11.0, 0), (-32.0, 0, 29), (77.0, 0, 37)]
[(34.0, 379.0, 36.5), (23.0, 386.0, 36.5), (41.0, 387.0, 36.5), (-17.0, 320.0, 30), (69.0, 320.0, 13), (3.0, 191.0, 0), (53.0, 192.0, -21), (-5.0, 96.0, 0), (63.0, 102.0, 0), (-7.0, 13.0, 0), (66.0, 19.0, 0), (0, 0, 0), (59.0, 11.0, 0), (-31.0, 0, 30), (77.0, 0, 38)]
[(34.0, 379.0, 40.5), (23.0, 386.0, 40.5), (41.0, 386.0, 40.5), (-17.0, 320.0, 34), (69.0, 320.0, 13), (3.0, 192.0, 0), (53.0, 192.0, -21), (-5.0, 97.0, 0), (63.0, 102.0, 0), (-7.0, 13.0, 0), (66.0, 18.0, 0), (0, 0, 0), (59.0, 10.0, 0), (-30.0, 0, 31), (77.0, 0, 38)]
[(34.0, 379.0, 40.5), (23.0, 386.0, 40.5), (41.0, 386.0, 40.5), (-17.0, 320.0, 34), (69.0, 320.0, 13), (3.0, 192.0, 0), (53.0, 192.0, -21), (-5.0, 97.0, 0), (63.0, 102.0, 0), (-7.0, 13.0, 0), (66.0, 19.0, 0), (0, 0, 0), (59.0, 10.0, 0), (-30.0, 0, 31), (77.0, 0, 38)]
[(34.0, 379.0, 39.5), (23.0, 386.0, 39.5), (41.0, 386.0, 39.5), (-17.0, 320.0, 34), (69.0, 321.0, 11), (3.0, 192.0, 0), (53.0, 192.0, -20), (-5.0, 97.0, 0), (64.0, 102.0, 0), (-7.0, 13.0, 0), (66.0, 19.0, 0), (0, 0, 0), (59.0, 10.0, 0), (-30.0, 0, 31), (77.0, 0, 38)]
[(34.0, 379.0, 39.5), (23.0, 386.0, 39.5), (41.0, 386.0, 39.5), (-17.0, 320.0, 34), (69.0, 321.0, 11), (3.0, 192.0, 0), (53.0, 192.0, -20), (-6.0, 97.0, 0), (64.0, 102.0, 0), (-7.0, 13.0, 0), (66.0, 19.0, 0), (0, 0, 0), (60.0, 10.0, 0), (-30.0, 0, 31), (77.0, 0, 38)]
[(34.0, 378.0, 39.5), (23.0, 385.0, 39.5), (41.0, 385.0, 39.5), (-17.0, 319.0, 34), (69.0, 320.0, 11), (3.0, 191.0, 0), (53.0, 191.0, -20), (-6.0, 96.0, 0), (65.0, 101.0, 0), (-7.0, 13.0, 0), (66.0, 18.0, 0), (0, 0, 0), (60.0, 9.0, 0), (-30.0, 0, 31), (77.0, 0, 39)]
[(34.0, 378.0, 45.0), (23.0, 385.0, 45.0), (41.0, 385.0, 45.0), (-17.0, 319.0, 34), (69.0, 320.0, 22), (3.0, 191.0, 0), (52.0, 192.0, -12), (-7.0, 96.0, 0), (67.0, 101.0, 0), (-7.0, 13.0, 0), (66.0, 18.0, 0), (0, 0, 0), (60.0, 9.0, 0), (-30.0, 0, 31), (77.0, 0, 39)]
[(34.0, 377.0, 38.5), (23.0, 385.0, 38.5), (41.0, 385.0, 38.5), (-17.0, 320.0, 30), (69.0, 320.0, 17), (2.0, 191.0, 0), (51.0, 191.0, -12), (-7.0, 96.0, 0), (66.0, 100.0, 0), (-7.0, 13.0, 0), (66.0, 19.0, 0), (0, 0, 0), (60.0, 10.0, 0), (-30.0, 0, 31), (77.0, 0, 38)]
[(34.0, 377.0, 40.0), (23.0, 385.0, 40.0), (41.0, 385.0, 40.0), (-16.0, 320.0, 31), (69.0, 320.0, 18), (2.0, 191.0, 0), (51.0, 191.0, -11), (-7.0, 96.0, 0), (67.0, 100.0, 0), (-7.0, 13.0, 0), (66.0, 19.0, 0), (0, 0, 0), (60.0, 10.0, 0), (-29.0, 0, 32), (77.0, 0, 38)]
[(34.0, 377.0, 36.0), (23.0, 384.0, 36.0), (41.0, 385.0, 36.0), (-16.0, 321.0, 27), (69.0, 320.0, 18), (2.0, 191.0, 0), (51.0, 191.0, -11), (-7.0, 96.0, 0), (67.0, 100.0, 0), (-7.0, 13.0, 0), (66.0, 19.0, 0), (0, 0, 0), (60.0, 10.0, 0), (-29.0, 0, 32), (77.0, 0, 38)]
[(33.0, 377.0, 34.0), (22.0, 384.0, 34.0), (40.0, 385.0, 34.0), (-16.0, 321.0, 27), (69.0, 321.0, 14), (2.0, 191.0, 0), (51.0, 191.0, -11), (-7.0, 96.0, 0), (67.0, 100.0, 0), (-7.0, 13.0, 0), (66.0, 19.0, 0), (0, 0, 0), (60.0, 10.0, 0), (-29.0, 0, 32), (76.0, 0, 39)]
[(31.0, 376.0, 37.0), (22.0, 384.0, 37.0), (39.0, 384.0, 37.0), (-16.0, 323.0, 22), (68.0, 321.0, 30), (1.0, 192.0, 0), (51.0, 192.0, 0), (-7.0, 96.0, 0), (67.0, 100.0, 0), (-7.0, 13.0, 0), (66.0, 19.0, 0), (0, 0, 0), (61.0, 10.0, 0), (-29.0, 0, 32), (76.0, 0, 39)]
[(30.0, 374.0, 29.0), (21.0, 382.0, 29.0), (39.0, 382.0, 29.0), (-15.0, 324.0, 16), (67.0, 322.0, 26), (1.0, 192.0, 0), (51.0, 192.0, 0), (-8.0, 97.0, 0), (67.0, 100.0, 0), (-7.0, 13.0, 0), (66.0, 18.0, 0), (0, 0, 0), (61.0, 9.0, 0), (-29.0, 0, 32), (77.0, 0, 39)]
[(30.0, 370.0, 46.0), (21.0, 378.0, 46.0), (38.0, 378.0, 46.0), (-13.0, 323.0, 18), (66.0, 321.0, 22), (1.0, 191.0, 0), (52.0, 190.0, 0), (-9.0, 96.0, 0), (67.0, 98.0, 0), (-7.0, 12.0, 0), (66.0, 17.0, 0), (0, 0, 0), (61.0, 8.0, 0), (-29.0, 0, 32), (76.0, 0, 40)]
[(30.0, 367.0, 42.0), (21.0, 375.0, 42.0), (38.0, 375.0, 42.0), (-13.0, 323.0, 8), (66.0, 321.0, 22), (1.0, 190.0, 0), (52.0, 190.0, 0), (-10.0, 95.0, 0), (67.0, 96.0, 0), (-7.0, 12.0, 0), (66.0, 17.0, 0), (0, 0, 0), (61.0, 8.0, 0), (-29.0, 0, 32), (76.0, 0, 40)]
[(30.0, 367.0, 25.0), (21.0, 374.0, 25.0), (38.0, 373.0, 25.0), (-13.0, 324.0, 0), (66.0, 322.0, 0), (1.0, 190.0, 0), (53.0, 189.0, 0), (-11.0, 95.0, 0), (67.0, 95.0, 0), (-8.0, 12.0, 0), (66.0, 17.0, 0), (0, 0, 0), (60.0, 8.0, 0), (-29.0, 0, 32), (76.0, 0, 39)]
[(29.0, 365.0, 40.0), (21.0, 372.0, 40.0), (38.0, 371.0, 40.0), (-13.0, 322.0, 6), (66.0, 321.0, 16), (2.0, 189.0, 0), (53.0, 189.0, 0), (-11.0, 95.0, 0), (67.0, 94.0, 0), (-8.0, 12.0, 0), (67.0, 17.0, 0), (0, 0, 0), (61.0, 8.0, 0), (-29.0, 0, 32), (77.0, 0, 39)]
[(29.0, 357.0, 0.5), (20.0, 364.0, 0.5), (37.0, 363.0, 0.5), (-15.0, 314.0, -24), (66.0, 314.0, -5), (2.0, 180.0, -24), (54.0, 181.0, -10), (-14.0, 92.0, 0), (69.0, 92.0, 12), (-8.0, 12.0, 0), (67.0, 17.0, 0), (0, 0, 0), (62.0, 8.0, 0), (-30.0, 0, 31), (77.0, 0, 40)]
[(28.0, 350.0, -0.5), (19.0, 358.0, -0.5), (36.0, 358.0, -0.5), (-15.0, 309.0, -32), (66.0, 311.0, 1), (3.0, 176.0, -32), (55.0, 178.0, -5), (-14.0, 91.0, 0), (69.0, 90.0, 21), (-8.0, 12.0, 0), (67.0, 17.0, 0), (0, 0, 0), (62.0, 8.0, 0), (-29.0, 0, 32), (77.0, 0, 40)]
[(28.0, 346.0, 0.0), (19.0, 353.0, 0.0), (36.0, 353.0, 0.0), (-15.0, 307.0, -35), (66.0, 308.0, 4), (3.0, 174.0, -35), (55.0, 175.0, -2), (-14.0, 90.0, 0), (70.0, 88.0, 27), (-8.0, 12.0, 0), (68.0, 17.0, 0), (0, 0, 0), (61.0, 8.0, 0), (-29.0, 0, 32), (78.0, 0, 39)]
[(27.0, 343.0, 1.0), (19.0, 350.0, 1.0), (35.0, 349.0, 1.0), (-15.0, 305.0, -39), (66.0, 304.0, 14), (4.0, 172.0, -39), (55.0, 173.0, -10), (-14.0, 90.0, 0), (70.0, 88.0, 24), (-8.0, 12.0, 0), (67.0, 16.0, 0), (0, 0, 0), (61.0, 8.0, 0), (-29.0, 0, 32), (78.0, 0, 39)]
[(26.0, 332.0, 40.0), (17.0, 340.0, 40.0), (34.0, 340.0, 40.0), (-15.0, 297.0, -7), (65.0, 297.0, 20), (3.0, 169.0, -42), (54.0, 169.0, -16), (-17.0, 89.0, 0), (70.0, 87.0, 24), (-9.0, 12.0, 0), (66.0, 15.0, 0), (0, 0, 0), (58.0, 7.0, 0), (-30.0, 0, 31), (77.0, 0, 38)]
[(25.0, 327.0, 62.5), (17.0, 335.0, 62.5), (34.0, 335.0, 62.5), (-15.0, 292.0, 14), (65.0, 293.0, 23), (3.0, 168.0, -33), (54.0, 167.0, -20), (-18.0, 89.0, 10), (71.0, 88.0, 26), (-9.0, 13.0, 0), (66.0, 17.0, 0), (0, 0, 0), (58.0, 8.0, 0), (-30.0, 0, 31), (77.0, 0, 38)]
[(25.0, 323.0, 55.5), (17.0, 330.0, 55.5), (34.0, 330.0, 55.5), (-13.0, 286.0, 8), (65.0, 289.0, 23), (3.0, 163.0, -42), (55.0, 163.0, -20), (-19.0, 89.0, 9), (71.0, 86.0, 29), (-9.0, 13.0, 0), (66.0, 16.0, 0), (0, 0, 0), (58.0, 7.0, 0), (-31.0, 0, 30), (77.0, 0, 38)]
[(26.0, 318.0, 65.0), (18.0, 325.0, 65.0), (34.0, 326.0, 65.0), (-12.0, 282.0, 14), (65.0, 286.0, 26), (4.0, 162.0, -43), (55.0, 162.0, -22), (-19.0, 89.0, 9), (71.0, 86.0, 29), (-9.0, 13.0, 0), (66.0, 16.0, 0), (0, 0, 0), (59.0, 7.0, 0), (-32.0, 0, 29), (77.0, 0, 39)]
[(26.0, 309.0, 85.0), (18.0, 318.0, 85.0), (34.0, 317.0, 85.0), (-12.0, 275.0, 28), (64.0, 279.0, 36), (4.0, 160.0, -38), (54.0, 159.0, -21), (-21.0, 88.0, 14), (70.0, 84.0, 31), (-10.0, 13.0, 0), (65.0, 15.0, 0), (0, 0, 0), (58.0, 6.0, 0), (-35.0, 0, 26), (76.0, 0, 39)]
[(26.0, 303.0, 91.5), (18.0, 312.0, 91.5), (34.0, 311.0, 91.5), (-12.0, 272.0, 31), (63.0, 275.0, 39), (4.0, 159.0, -39), (54.0, 158.0, -24), (-22.0, 88.0, 14), (70.0, 85.0, 31), (-10.0, 13.0, 0), (65.0, 16.0, 0), (0, 0, 0), (58.0, 6.0, 0), (-35.0, 0, 26), (76.0, 0, 39)]
[(26.0, 302.0, 103.5), (18.0, 309.0, 103.5), (34.0, 308.0, 103.5), (-12.0, 269.0, 38), (63.0, 271.0, 53), (4.0, 160.0, -38), (54.0, 159.0, -19), (-23.0, 88.0, 13), (70.0, 84.0, 33), (-10.0, 13.0, 0), (66.0, 16.0, 0), (0, 0, 0), (59.0, 6.0, 0), (-35.0, 0, 26), (76.0, 0, 39)]
[(27.0, 294.0, 110.5), (19.0, 302.0, 110.5), (35.0, 301.0, 110.5), (-12.0, 265.0, 41), (62.0, 267.0, 55), (4.0, 160.0, -40), (54.0, 158.0, -21), (-25.0, 88.0, 10), (70.0, 84.0, 33), (-10.0, 13.0, 0), (66.0, 16.0, 0), (0, 0, 0), (58.0, 7.0, 0), (-35.0, 0, 26), (76.0, 0, 39)]
[(29.0, 288.0, 98.0), (20.0, 295.0, 98.0), (36.0, 295.0, 98.0), (-10.0, 259.0, 31), (63.0, 259.0, 52), (6.0, 157.0, -54), (55.0, 156.0, -32), (-25.0, 89.0, 0), (73.0, 86.0, 26), (-9.0, 13.0, 0), (67.0, 15.0, 0), (0, 0, 0), (59.0, 6.0, 0), (-34.0, 0, 27), (77.0, 0, 39)]
[(29.0, 278.0, 102.0), (20.0, 286.0, 102.0), (36.0, 287.0, 102.0), (-10.0, 254.0, 30), (63.0, 254.0, 54), (6.0, 154.0, -57), (55.0, 154.0, -34), (-26.0, 89.0, 0), (73.0, 86.0, 26), (-9.0, 13.0, 0), (66.0, 15.0, 0), (0, 0, 0), (59.0, 6.0, 0), (-34.0, 0, 27), (76.0, 0, 39)]
[(30.0, 272.0, 96.0), (21.0, 280.0, 96.0), (37.0, 281.0, 96.0), (-8.0, 247.0, 27), (63.0, 247.0, 50), (6.0, 149.0, -63), (55.0, 149.0, -40), (-26.0, 90.0, 0), (73.0, 86.0, 26), (-10.0, 13.0, 0), (66.0, 15.0, 0), (0, 0, 0), (58.0, 6.0, 0), (-34.0, 0, 27), (76.0, 0, 39)]
[(30.0, 265.0, 98.0), (22.0, 273.0, 98.0), (37.0, 273.0, 98.0), (-7.0, 241.0, 29), (63.0, 241.0, 48), (6.0, 147.0, -65), (55.0, 146.0, -45), (-27.0, 90.0, 0), (73.0, 86.0, 23), (-10.0, 13.0, 0), (66.0, 14.0, 0), (0, 0, 0), (58.0, 4.0, 0), (-34.0, 0, 27), (76.0, 0, 39)]
[(31.0, 248.0, 99.0), (23.0, 256.0, 99.0), (38.0, 256.0, 99.0), (-5.0, 228.0, 28), (64.0, 227.0, 50), (7.0, 138.0, -70), (55.0, 139.0, -50), (-28.0, 89.0, 0), (77.0, 85.0, 22), (-9.0, 13.0, 0), (67.0, 13.0, 0), (0, 0, 0), (60.0, 4.0, 0), (-33.0, 0, 28), (77.0, 0, 40)]
[(31.0, 239.0, 97.5), (23.0, 247.0, 97.5), (38.0, 247.0, 97.5), (-5.0, 220.0, 27), (64.0, 221.0, 47), (7.0, 132.0, -73), (55.0, 132.0, -52), (-30.0, 89.0, 0), (78.0, 84.0, 24), (-9.0, 13.0, 0), (67.0, 13.0, 0), (0, 0, 0), (59.0, 4.0, 0), (-33.0, 0, 28), (77.0, 0, 39)]
[(32.0, 214.0, 103.0), (24.0, 222.0, 103.0), (39.0, 222.0, 103.0), (-4.0, 200.0, 29), (63.0, 198.0, 52), (7.0, 119.0, -77), (55.0, 119.0, -55), (-33.0, 88.0, 0), (79.0, 83.0, 27), (-9.0, 13.0, 0), (67.0, 13.0, 0), (0, 0, 0), (59.0, 4.0, 0), (-31.0, 0, 30), (73.0, 0, 41)]
[(33.0, 208.0, 104.5), (24.0, 216.0, 104.5), (40.0, 217.0, 104.5), (-5.0, 191.0, 31), (63.0, 190.0, 53), (7.0, 115.0, -78), (55.0, 115.0, -57), (-34.0, 89.0, 0), (81.0, 84.0, 26), (-9.0, 12.0, 0), (67.0, 14.0, 0), (0, 0, 0), (60.0, 5.0, 0), (-30.0, 0, 31), (74.0, 0, 41)]
[(33.0, 203.0, 105.0), (24.0, 211.0, 105.0), (40.0, 212.0, 105.0), (-6.0, 184.0, 33), (64.0, 184.0, 50), (6.0, 112.0, -79), (54.0, 112.0, -62), (-35.0, 87.0, 0), (81.0, 86.0, 23), (-9.0, 11.0, 0), (67.0, 15.0, 0), (0, 0, 0), (60.0, 5.0, 0), (-29.0, 0, 32), (75.0, 0, 40)]
[(34.0, 197.0, 101.0), (25.0, 205.0, 101.0), (41.0, 206.0, 101.0), (-5.0, 182.0, 33), (65.0, 182.0, 40), (7.0, 108.0, -78), (55.0, 108.0, -70), (-34.0, 88.0, 2), (81.0, 87.0, 16), (-8.0, 10.0, 2), (68.0, 14.0, 0), (0, 0, 0), (61.0, 4.0, 0), (-28.0, 0, 33), (76.0, 0, 40)]
[(34.0, 194.0, 92.0), (25.0, 202.0, 92.0), (41.0, 203.0, 92.0), (-5.0, 183.0, 26), (65.0, 179.0, 34), (7.0, 104.0, -81), (54.0, 104.0, -76), (-34.0, 89.0, 0), (81.0, 88.0, 11), (-8.0, 11.0, 0), (68.0, 14.0, 0), (0, 0, 0), (61.0, 4.0, 0), (-28.0, 0, 33), (77.0, 0, 40)]
[(33.0, 190.0, 95.0), (24.0, 200.0, 95.0), (40.0, 200.0, 95.0), (-6.0, 182.0, 26), (64.0, 179.0, 38), (6.0, 103.0, -81), (52.0, 103.0, -71), (-35.0, 89.0, 0), (80.0, 88.0, 16), (-9.0, 11.0, 0), (67.0, 15.0, 0), (0, 0, 0), (61.0, 4.0, 0), (-28.0, 0, 33), (76.0, 0, 40)]
[(33.0, 191.0, 91.0), (24.0, 199.0, 91.0), (40.0, 200.0, 91.0), (-6.0, 181.0, 24), (64.0, 179.0, 36), (6.0, 101.0, -82), (52.0, 101.0, -71), (-35.0, 89.0, 0), (80.0, 89.0, 16), (-9.0, 11.0, 0), (67.0, 16.0, 0), (0, 0, 0), (61.0, 4.0, 0), (-28.0, 0, 33), (77.0, 0, 40)]
[(32.0, 196.0, 88.5), (23.0, 205.0, 88.5), (40.0, 205.0, 88.5), (-6.0, 185.0, 26), (64.0, 182.0, 27), (6.0, 106.0, -81), (52.0, 106.0, -82), (-34.0, 89.0, 0), (78.0, 90.0, 5), (-9.0, 11.0, 0), (67.0, 15.0, 0), (0, 0, 0), (61.0, 4.0, 0), (-28.0, 0, 33), (77.0, 0, 40)]
[(32.0, 201.0, 84.0), (24.0, 209.0, 84.0), (40.0, 209.0, 84.0), (-6.0, 188.0, 25), (64.0, 186.0, 20), (5.0, 109.0, -82), (52.0, 109.0, -88), (-33.0, 89.0, 0), (77.0, 92.0, 0), (-9.0, 11.0, 0), (67.0, 15.0, 0), (0, 0, 0), (61.0, 3.0, 0), (-28.0, 0, 33), (77.0, 0, 40)]
[(32.0, 202.0, 88.5), (24.0, 212.0, 88.5), (40.0, 212.0, 88.5), (-6.0, 190.0, 28), (64.0, 188.0, 23), (5.0, 114.0, -81), (52.0, 114.0, -87), (-30.0, 88.0, 0), (74.0, 92.0, 0), (-9.0, 10.0, 0), (67.0, 14.0, 0), (0, 0, 0), (61.0, 2.0, 0), (-28.0, 0, 33), (77.0, 0, 40)]
[(32.0, 210.0, 88.5), (24.0, 218.0, 88.5), (40.0, 218.0, 88.5), (-4.0, 196.0, 29), (64.0, 194.0, 23), (6.0, 120.0, -80), (53.0, 120.0, -87), (-26.0, 88.0, 0), (72.0, 93.0, 0), (-9.0, 11.0, 0), (67.0, 14.0, 0), (0, 0, 0), (62.0, 2.0, 0), (-28.0, 0, 33), (76.0, 0, 41)]
[(32.0, 214.0, 87.0), (24.0, 221.0, 87.0), (40.0, 222.0, 87.0), (-4.0, 198.0, 28), (65.0, 195.0, 24), (6.0, 122.0, -81), (54.0, 121.0, -86), (-25.0, 90.0, 0), (72.0, 93.0, 0), (-8.0, 12.0, 0), (67.0, 14.0, 0), (0, 0, 0), (63.0, 2.0, 0), (-28.0, 0, 33), (76.0, 0, 41)]
[(32.0, 221.0, 86.0), (24.0, 228.0, 86.0), (39.0, 228.0, 86.0), (-4.0, 202.0, 28), (65.0, 199.0, 24), (7.0, 124.0, -80), (54.0, 124.0, -86), (-23.0, 90.0, 0), (71.0, 93.0, 0), (-8.0, 12.0, 0), (67.0, 13.0, 0), (0, 0, 0), (63.0, 1.0, 0), (-28.0, 0, 33), (77.0, 0, 41)]
[(32.0, 234.0, 85.5), (24.0, 240.0, 85.5), (40.0, 241.0, 85.5), (-4.0, 209.0, 29), (65.0, 208.0, 25), (8.0, 130.0, -78), (55.0, 131.0, -83), (-20.0, 90.0, 0), (69.0, 93.0, 0), (-8.0, 12.0, 0), (67.0, 13.0, 0), (0, 0, 0), (62.0, 1.0, 0), (-27.0, 0, 34), (77.0, 0, 41)]
[(32.0, 244.0, 81.5), (24.0, 250.0, 81.5), (39.0, 251.0, 81.5), (-4.0, 218.0, 27), (65.0, 218.0, 23), (9.0, 135.0, -77), (55.0, 135.0, -81), (-19.0, 93.0, 0), (69.0, 92.0, 0), (-8.0, 11.0, 0), (67.0, 13.0, 0), (0, 0, 0), (62.0, 2.0, 0), (-27.0, 0, 34), (76.0, 0, 41)]
[(34.0, 256.0, 81.5), (26.0, 263.0, 81.5), (41.0, 262.0, 81.5), (-2.0, 227.0, 28), (66.0, 228.0, 23), (11.0, 141.0, -73), (57.0, 141.0, -78), (-16.0, 92.0, 0), (68.0, 92.0, 0), (-7.0, 11.0, 0), (68.0, 13.0, 0), (0, 0, 0), (64.0, 3.0, 0), (-26.0, 0, 35), (76.0, 0, 41)]
[(34.0, 266.0, 78.5), (26.0, 273.0, 78.5), (41.0, 274.0, 78.5), (-3.0, 237.0, 25), (67.0, 237.0, 23), (11.0, 146.0, -72), (57.0, 147.0, -75), (-13.0, 93.0, 0), (67.0, 93.0, 0), (-7.0, 11.0, 0), (67.0, 12.0, 0), (0, 0, 0), (63.0, 2.0, 0), (-26.0, 0, 35), (76.0, 0, 41)]
[(34.0, 277.0, 75.0), (26.0, 284.0, 75.0), (41.0, 286.0, 75.0), (-2.0, 247.0, 25), (67.0, 246.0, 20), (11.0, 152.0, -68), (57.0, 152.0, -74), (-11.0, 94.0, 0), (66.0, 97.0, 0), (-7.0, 11.0, 0), (67.0, 12.0, 0), (0, 0, 0), (64.0, 2.0, 0), (-26.0, 0, 35), (76.0, 0, 41)]
[(34.0, 290.0, 68.5), (26.0, 297.0, 68.5), (41.0, 298.0, 68.5), (-3.0, 261.0, 20), (68.0, 259.0, 15), (10.0, 158.0, -64), (57.0, 158.0, -71), (-10.0, 95.0, 0), (66.0, 99.0, 0), (-7.0, 11.0, 0), (67.0, 12.0, 0), (0, 0, 0), (63.0, 2.0, 0), (-27.0, 0, 34), (76.0, 0, 41)]
[(36.0, 315.0, 58.0), (29.0, 323.0, 58.0), (42.0, 321.0, 58.0), (-5.0, 276.0, 19), (68.0, 278.0, 12), (10.0, 168.0, -58), (57.0, 167.0, -61), (-6.0, 98.0, 0), (66.0, 98.0, 0), (-7.0, 12.0, 0), (67.0, 14.0, 0), (0, 0, 0), (63.0, 5.0, 0), (-29.0, 0, 32), (76.0, 0, 41)]
[(37.0, 325.0, 66.5), (29.0, 333.0, 66.5), (43.0, 333.0, 66.5), (-5.0, 285.0, 27), (70.0, 286.0, 15), (10.0, 176.0, -49), (56.0, 173.0, -54), (-3.0, 99.0, 0), (66.0, 98.0, 0), (-7.0, 12.0, 0), (67.0, 14.0, 0), (0, 0, 0), (60.0, 5.0, 0), (-29.0, 0, 32), (76.0, 0, 40)]
[(37.0, 332.0, 68.0), (29.0, 340.0, 68.0), (43.0, 341.0, 68.0), (-7.0, 291.0, 26), (71.0, 294.0, 20), (9.0, 180.0, -47), (56.0, 178.0, -44), (-2.0, 101.0, 0), (67.0, 97.0, 0), (-7.0, 13.0, 0), (67.0, 14.0, 0), (0, 0, 0), (60.0, 5.0, 0), (-29.0, 0, 32), (80.0, 0, 38)]