[(32.0, 344.0, 110.5), (24.0, 353.0, 110.5), (39.0, 353.0, 110.5), (-12.0, 302.0, 38), (67.0, 303.0, 77), (9.0, 181.0, -18), (59.0, 182.0, 17), (-6.0, 91.0, 0), (71.0, 90.0, 17), (-7.0, 12.0, 0), (72.0, 13.0, 0), (0, 0, 0), (66.0, 3.0, 0), (-23.0, 0, 37), (83.0, 0, 40)]
[(32.0, 364.0, 65.5), (23.0, 371.0, 65.5), (39.0, 371.0, 65.5), (-14.0, 311.0, 37), (70.0, 308.0, 57), (8.0, 185.0, -7), (59.0, 186.0, 0), (-5.0, 93.0, 0), (71.0, 92.0, 0), (-7.0, 12.0, 0), (73.0, 13.0, 0), (0, 0, 0), (67.0, 4.0, 0), (-23.0, 0, 37), (82.0, 0, 41)]
[(31.0, 365.0, 86.0), (22.0, 372.0, 86.0), (38.0, 373.0, 86.0), (-14.0, 313.0, 41), (70.0, 313.0, 62), (7.0, 186.0, 0), (58.0, 188.0, 12), (-5.0, 93.0, 0), (72.0, 93.0, 12), (-7.0, 12.0, 0), (73.0, 15.0, 0), (0, 0, 0), (67.0, 5.0, 0), (-23.0, 0, 37), (82.0, 0, 41)]
[(29.0, 369.0, 72.0), (20.0, 376.0, 72.0), (37.0, 376.0, 72.0), (-16.0, 316.0, 37), (69.0, 316.0, 50), (7.0, 188.0, 0), (58.0, 191.0, 0), (-4.0, 94.0, 0), (70.0, 96.0, 0), (-7.0, 12.0, 0), (72.0, 16.0, 0), (0, 0, 0), (67.0, 6.0, 0), (-24.0, 0, 37), (81.0, 0, 41)]
[(28.0, 370.0, 78.0), (19.0, 377.0, 78.0), (36.0, 378.0, 78.0), (-16.0, 315.0, 46), (69.0, 318.0, 50), (7.0, 190.0, 0), (58.0, 193.0, 0), (-2.0, 96.0, 0), (70.0, 100.0, 0), (-7.0, 12.0, 0), (72.0, 16.0, 0), (0, 0, 0), (67.0, 6.0, 0), (-24.0, 0, 37), (81.0, 0, 41)]
[(28.0, 371.0, 71.5), (19.0, 379.0, 71.5), (36.0, 380.0, 71.5), (-17.0, 314.0, 48), (69.0, 318.0, 47), (7.0, 190.0, 0), (57.0, 192.0, 0), (-2.0, 96.0, 0), (70.0, 101.0, 0), (-7.0, 12.0, 0), (72.0, 15.0, 0), (0, 0, 0), (67.0, 6.0, 0), (-23.0, 0, 37), (82.0, 0, 41)]
[(27.0, 371.0, 69.5), (18.0, 379.0, 69.5), (35.0, 379.0, 69.5), (-17.0, 315.0, 46), (69.0, 317.0, 47), (6.0, 190.0, 0), (56.0, 191.0, 0), (-3.0, 96.0, 0), (70.0, 99.0, 0), (-7.0, 12.0, 0), (72.0, 15.0, 0), (0, 0, 0), (66.0, 6.0, 0), (-23.0, 0, 37), (82.0, 0, 40)]
[(27.0, 371.0, 74.5), (18.0, 379.0, 74.5), (35.0, 380.0, 74.5), (-18.0, 314.0, 51), (69.0, 318.0, 47), (5.0, 191.0, 0), (55.0, 192.0, 0), (-3.0, 96.0, 0), (70.0, 99.0, 0), (-7.0, 12.0, 0), (72.0, 15.0, 0), (0, 0, 0), (66.0, 6.0, 0), (-23.0, 0, 37), (83.0, 0, 40)]
[(26.0, 373.0, 74.0), (16.0, 380.0, 74.0), (34.0, 381.0, 74.0), (-18.0, 314.0, 52), (69.0, 318.0, 44), (3.0, 191.0, 0), (54.0, 191.0, 0), (-3.0, 96.0, 0), (70.0, 99.0, 0), (-7.0, 12.0, 0), (72.0, 15.0, 0), (0, 0, 0), (66.0, 5.0, 0), (-23.0, 0, 37), (84.0, 0, 40)]
[(24.0, 373.0, 66.5), (14.0, 381.0, 66.5), (32.0, 382.0, 66.5), (-20.0, 316.0, 46), (67.0, 320.0, 41), (2.0, 191.0, 0), (52.0, 192.0, 0), (-4.0, 96.0, 0), (69.0, 98.0, 0), (-8.0, 12.0, 0), (71.0, 15.0, 0), (0, 0, 0), (65.0, 5.0, 0), (-24.0, 0, 37), (83.0, 0, 40)]
[(21.0, 374.0, 65.0), (12.0, 381.0, 65.0), (29.0, 382.0, 65.0), (-22.0, 317.0, 43), (65.0, 319.0, 44), (1.0, 191.0, 0), (52.0, 192.0, 0), (-5.0, 96.0, 0), (69.0, 98.0, 0), (-8.0, 12.0, 0), (71.0, 15.0, 0), (0, 0, 0), (64.0, 5.0, 0), (-23.0, 0, 37), (83.0, 0, 39)]
[(20.0, 374.0, 62.5), (11.0, 382.0, 62.5), (27.0, 382.0, 62.5), (-23.0, 317.0, 40), (64.0, 319.0, 45), (1.0, 190.0, 0), (52.0, 192.0, 0), (-5.0, 95.0, 0), (69.0, 98.0, 0), (-8.0, 12.0, 0), (71.0, 15.0, 0), (0, 0, 0), (65.0, 6.0, 0), (-23.0, 0, 37), (82.0, 0, 40)]
[(20.0, 375.0, 62.5), (10.0, 383.0, 62.5), (27.0, 384.0, 62.5), (-23.0, 318.0, 40), (63.0, 320.0, 45), (1.0, 191.0, 0), (52.0, 193.0, 0), (-6.0, 96.0, 0), (68.0, 99.0, 0), (-8.0, 13.0, 0), (71.0, 16.0, 0), (0, 0, 0), (65.0, 7.0, 0), (-24.0, 0, 37), (82.0, 0, 40)]
[(18.0, 375.0, 62.5), (9.0, 383.0, 62.5), (25.0, 383.0, 62.5), (-24.0, 318.0, 40), (62.0, 320.0, 45), (-0.0, 191.0, 0), (51.0, 193.0, 0), (-6.0, 96.0, 0), (67.0, 99.0, 0), (-8.0, 12.0, 0), (71.0, 16.0, 0), (0, 0, 0), (65.0, 7.0, 0), (-24.0, 0, 37), (82.0, 0, 40)]
[(17.0, 374.0, 58.5), (7.0, 382.0, 58.5), (24.0, 383.0, 58.5), (-25.0, 316.0, 39), (60.0, 320.0, 39), (-0.0, 189.0, 0), (51.0, 191.0, 0), (-7.0, 95.0, 0), (66.0, 98.0, 0), (-8.0, 12.0, 0), (71.0, 15.0, 0), (0, 0, 0), (65.0, 6.0, 0), (-24.0, 0, 37), (81.0, 0, 40)]
[(16.0, 375.0, 59.5), (7.0, 383.0, 59.5), (24.0, 384.0, 59.5), (-26.0, 317.0, 38), (59.0, 320.0, 43), (-0.0, 190.0, 0), (51.0, 192.0, 0), (-8.0, 96.0, 0), (66.0, 99.0, 0), (-8.0, 13.0, 0), (71.0, 16.0, 0), (0, 0, 0), (65.0, 7.0, 0), (-24.0, 0, 37), (80.0, 0, 41)]
[(17.0, 375.0, 62.5), (8.0, 383.0, 62.5), (24.0, 383.0, 62.5), (-26.0, 316.0, 41), (60.0, 320.0, 43), (1.0, 190.0, 0), (52.0, 192.0, 0), (-9.0, 95.0, 0), (66.0, 99.0, 0), (-8.0, 12.0, 0), (72.0, 17.0, 0), (0, 0, 0), (68.0, 7.0, 0), (-23.0, 0, 37), (81.0, 0, 41)]
[(17.0, 375.0, 62.5), (8.0, 382.0, 62.5), (25.0, 383.0, 62.5), (-26.0, 316.0, 41), (60.0, 320.0, 43), (1.0, 190.0, 0), (52.0, 192.0, 0), (-9.0, 95.0, 0), (66.0, 99.0, 0), (-8.0, 12.0, 0), (73.0, 17.0, 0), (0, 0, 0), (69.0, 8.0, 0), (-23.0, 0, 37), (81.0, 0, 41)]
[(18.0, 375.0, 59.5), (8.0, 383.0, 59.5), (25.0, 383.0, 59.5), (-25.0, 316.0, 38), (60.0, 320.0, 43), (1.0, 189.0, 0), (52.0, 192.0, 0), (-9.0, 95.0, 0), (67.0, 99.0, 0), (-8.0, 12.0, 0), (74.0, 18.0, 0), (0, 0, 0), (70.0, 9.0, 0), (-23.0, 0, 37), (81.0, 0, 41)]
[(18.0, 375.0, 64.0), (8.0, 383.0, 64.0), (26.0, 383.0, 64.0), (-25.0, 316.0, 41), (60.0, 320.0, 46), (2.0, 190.0, 0), (53.0, 193.0, 0), (-8.0, 95.0, 0), (67.0, 102.0, 0), (-8.0, 12.0, 0), (75.0, 19.0, 0), (0, 0, 0), (73.0, 10.0, 0), (-23.0, 0, 37), (81.0, 0, 42)]
[(25.0, 375.0, 65.5), (15.0, 383.0, 65.5), (31.0, 383.0, 65.5), (-20.0, 316.0, 43), (66.0, 320.0, 45), (4.0, 190.0, 0), (54.0, 193.0, 0), (-7.0, 96.0, 0), (65.0, 101.0, 0), (-7.0, 12.0, 0), (75.0, 19.0, 0), (0, 0, 0), (74.0, 10.0, 0), (-23.0, 0, 37), (80.0, 0, 42)]
[(27.0, 375.0, 64.5), (17.0, 383.0, 64.5), (34.0, 383.0, 64.5), (-16.0, 316.0, 44), (69.0, 320.0, 41), (5.0, 190.0, 0), (54.0, 192.0, 0), (-6.0, 97.0, 0), (65.0, 102.0, 0), (-8.0, 13.0, 0), (75.0, 19.0, 0), (0, 0, 0), (75.0, 10.0, 0), (-24.0, 0, 37), (79.0, 0, 42)]
[(30.0, 376.0, 61.0), (20.0, 384.0, 61.0), (36.0, 384.0, 61.0), (-14.0, 318.0, 41), (72.0, 321.0, 40), (7.0, 191.0, 0), (56.0, 193.0, 0), (-4.0, 97.0, 0), (66.0, 102.0, 0), (-7.0, 13.0, 0), (75.0, 20.0, 0), (0, 0, 0), (75.0, 11.0, 0), (-24.0, 0, 37), (79.0, 0, 42)]
[(30.0, 377.0, 58.5), (20.0, 385.0, 58.5), (36.0, 385.0, 58.5), (-15.0, 319.0, 39), (73.0, 321.0, 39), (5.0, 191.0, 0), (54.0, 193.0, 0), (-5.0, 98.0, 0), (63.0, 103.0, 0), (-8.0, 14.0, 0), (73.0, 21.0, 0), (0, 0, 0), (74.0, 12.0, 0), (-28.0, 0, 34), (76.0, 0, 42)]
[(33.0, 378.0, 59.0), (23.0, 385.0, 59.0), (39.0, 385.0, 59.0), (-11.0, 319.0, 40), (77.0, 321.0, 38), (7.0, 191.0, 0), (56.0, 192.0, 3), (-4.0, 98.0, 0), (66.0, 102.0, 3), (-7.0, 14.0, 0), (75.0, 20.0, 3), (0, 0, 0), (77.0, 12.0, 0), (-27.0, 0, 35), (77.0, 0, 42)]
[(35.0, 378.0, 55.5), (26.0, 385.0, 55.5), (43.0, 386.0, 55.5), (-7.0, 320.0, 38), (80.0, 320.0, 35), (8.0, 191.0, 0), (57.0, 191.0, 2), (-4.0, 97.0, 0), (70.0, 101.0, 2), (-7.0, 14.0, 0), (76.0, 20.0, 2), (0, 0, 0), (79.0, 12.0, 0), (-27.0, 0, 35), (78.0, 0, 42)]
[(39.0, 377.0, 47.0), (29.0, 384.0, 47.0), (46.0, 384.0, 47.0), (-5.0, 319.0, 34), (82.0, 319.0, 26), (10.0, 189.0, 0), (60.0, 189.0, -4), (-3.0, 96.0, 0), (73.0, 100.0, 4), (-7.0, 13.0, 0), (80.0, 20.0, 4), (0, 0, 0), (81.0, 12.0, 0), (-25.0, 0, 36), (80.0, 0, 42)]
[(41.0, 377.0, 42.0), (32.0, 384.0, 42.0), (49.0, 384.0, 42.0), (-4.0, 319.0, 29), (84.0, 318.0, 26), (13.0, 188.0, 0), (63.0, 189.0, -9), (-1.0, 95.0, 0), (75.0, 100.0, 0), (-6.0, 13.0, 0), (82.0, 21.0, 0), (0, 0, 0), (82.0, 12.0, 0), (-22.0, 0, 38), (83.0, 0, 42)]
[(41.0, 377.0, 45.5), (33.0, 384.0, 45.5), (50.0, 384.0, 45.5), (-3.0, 319.0, 29), (85.0, 317.0, 33), (14.0, 188.0, 0), (63.0, 189.0, -5), (-1.0, 95.0, 0), (75.0, 100.0, 4), (-6.0, 13.0, 0), (82.0, 21.0, 4), (0, 0, 0), (81.0, 13.0, 0), (-22.0, 0, 38), (84.0, 0, 42)]
[(41.0, 377.0, 57.0), (33.0, 384.0, 57.0), (50.0, 384.0, 57.0), (-4.0, 319.0, 28), (84.0, 317.0, 58), (15.0, 188.0, 0), (63.0, 189.0, 20), (-1.0, 95.0, 0), (75.0, 99.0, 20), (-6.0, 13.0, 0), (82.0, 22.0, 4), (0, 0, 0), (82.0, 14.0, 0), (-22.0, 0, 38), (84.0, 0, 41)]
[(34.0, 374.0, 34.5), (26.0, 382.0, 34.5), (43.0, 382.0, 34.5), (-13.0, 315.0, 9), (76.0, 317.0, 51), (10.0, 184.0, -16), (61.0, 186.0, 21), (-2.0, 93.0, 0), (77.0, 97.0, 21), (-6.0, 12.0, 0), (81.0, 20.0, 4), (0, 0, 0), (80.0, 12.0, 0), (-25.0, 0, 36), (84.0, 0, 42)]
[(32.0, 374.0, 48.0), (24.0, 382.0, 48.0), (41.0, 382.0, 48.0), (-15.0, 315.0, 25), (73.0, 319.0, 46), (9.0, 186.0, -8), (60.0, 189.0, 11), (-3.0, 94.0, 0), (76.0, 98.0, 11), (-6.0, 12.0, 0), (81.0, 20.0, 0), (0, 0, 0), (80.0, 11.0, 0), (-25.0, 0, 36), (84.0, 0, 42)]
[(34.0, 374.0, 48.0), (25.0, 382.0, 48.0), (42.0, 382.0, 48.0), (-13.0, 316.0, 23), (73.0, 320.0, 50), (10.0, 187.0, -10), (60.0, 190.0, 15), (-1.0, 95.0, 0), (78.0, 98.0, 15), (-6.0, 12.0, 0), (83.0, 20.0, 4), (0, 0, 0), (82.0, 12.0, 0), (-23.0, 0, 37), (85.0, 0, 42)]
[(34.0, 375.0, 44.0), (25.0, 382.0, 44.0), (42.0, 382.0, 44.0), (-12.0, 317.0, 19), (72.0, 320.0, 50), (11.0, 187.0, -10), (59.0, 190.0, 15), (-0.0, 95.0, 0), (79.0, 98.0, 15), (-5.0, 12.0, 0), (83.0, 20.0, 4), (0, 0, 0), (82.0, 12.0, 0), (-22.0, 0, 38), (85.0, 0, 42)]
[(32.0, 374.0, 55.5), (24.0, 382.0, 55.5), (40.0, 382.0, 55.5), (-11.0, 321.0, 21), (72.0, 322.0, 45), (10.0, 189.0, 0), (60.0, 191.0, 14), (-0.0, 95.0, 0), (79.0, 98.0, 14), (-6.0, 12.0, 0), (83.0, 20.0, 3), (0, 0, 0), (81.0, 12.0, 0), (-21.0, 0, 38), (86.0, 0, 42)]
[(32.0, 374.0, 40.5), (24.0, 382.0, 40.5), (40.0, 382.0, 40.5), (-11.0, 324.0, 0), (71.0, 323.0, 43), (10.0, 190.0, 0), (60.0, 191.0, 16), (-0.0, 95.0, 0), (79.0, 98.0, 16), (-6.0, 12.0, 0), (82.0, 20.0, 4), (0, 0, 0), (81.0, 12.0, 0), (-21.0, 0, 38), (86.0, 0, 42)]
[(33.0, 373.0, 44.5), (24.0, 381.0, 44.5), (41.0, 381.0, 44.5), (-10.0, 325.0, 0), (71.0, 324.0, 43), (10.0, 191.0, 0), (60.0, 192.0, 16), (-0.0, 95.0, 0), (80.0, 97.0, 16), (-5.0, 12.0, 0), (82.0, 19.0, 4), (0, 0, 0), (79.0, 12.0, 0), (-20.0, 0, 39), (86.0, 0, 42)]
[(33.0, 372.0, 47.5), (24.0, 380.0, 47.5), (41.0, 380.0, 47.5), (-11.0, 325.0, 0), (71.0, 325.0, 43), (10.0, 191.0, 0), (61.0, 192.0, 21), (-1.0, 94.0, 0), (80.0, 94.0, 21), (-6.0, 12.0, 0), (82.0, 17.0, 4), (0, 0, 0), (79.0, 10.0, 0), (-20.0, 0, 39), (86.0, 0, 42)]
[(34.0, 371.0, 62.0), (25.0, 379.0, 62.0), (42.0, 379.0, 62.0), (-9.0, 325.0, 15), (71.0, 326.0, 38), (11.0, 192.0, 0), (62.0, 192.0, 22), (-0.0, 95.0, 0), (80.0, 94.0, 22), (-5.0, 12.0, 0), (83.0, 17.0, 5), (0, 0, 0), (81.0, 10.0, 0), (-19.0, 0, 39), (87.0, 0, 42)]
[(34.0, 371.0, 37.5), (25.0, 379.0, 37.5), (43.0, 379.0, 37.5), (-9.0, 325.0, 0), (71.0, 327.0, 17), (11.0, 191.0, 0), (62.0, 192.0, 14), (-0.0, 94.0, 0), (81.0, 94.0, 14), (-5.0, 12.0, 0), (83.0, 16.0, 2), (0, 0, 0), (80.0, 8.0, 0), (-19.0, 0, 39), (88.0, 0, 42)]
[(34.0, 372.0, 37.5), (25.0, 380.0, 37.5), (43.0, 380.0, 37.5), (-9.0, 326.0, 0), (71.0, 328.0, 17), (11.0, 192.0, 0), (62.0, 193.0, 14), (-0.0, 95.0, 0), (81.0, 95.0, 14), (-5.0, 12.0, 0), (83.0, 17.0, 2), (0, 0, 0), (80.0, 9.0, 0), (-19.0, 0, 39), (88.0, 0, 42)]
[(34.0, 372.0, 39.0), (25.0, 380.0, 39.0), (43.0, 380.0, 39.0), (-9.0, 327.0, 0), (71.0, 328.0, 18), (11.0, 193.0, 0), (61.0, 194.0, 2), (1.0, 95.0, 0), (80.0, 97.0, 2), (-5.0, 12.0, 0), (83.0, 17.0, 2), (0, 0, 0), (80.0, 9.0, 0), (-19.0, 0, 39), (88.0, 0, 42)]
[(34.0, 372.0, 39.0), (25.0, 380.0, 39.0), (43.0, 380.0, 39.0), (-9.0, 327.0, 0), (71.0, 328.0, 18), (11.0, 193.0, 0), (61.0, 194.0, 2), (1.0, 96.0, 0), (79.0, 97.0, 2), (-5.0, 12.0, 0), (83.0, 17.0, 2), (0, 0, 0), (80.0, 9.0, 0), (-19.0, 0, 39), (88.0, 0, 42)]
[(34.0, 373.0, 39.0), (25.0, 381.0, 39.0), (43.0, 381.0, 39.0), (-9.0, 328.0, 0), (71.0, 329.0, 18), (11.0, 194.0, 0), (61.0, 195.0, 2), (1.0, 96.0, 0), (79.0, 98.0, 2), (-5.0, 12.0, 0), (83.0, 18.0, 2), (0, 0, 0), (80.0, 10.0, 0), (-20.0, 0, 39), (88.0, 0, 42)]
[(34.0, 374.0, 55.0), (25.0, 382.0, 55.0), (43.0, 382.0, 55.0), (-9.0, 329.0, 15), (71.0, 331.0, 18), (11.0, 196.0, 0), (61.0, 197.0, 2), (1.0, 98.0, 0), (79.0, 100.0, 2), (-5.0, 13.0, 0), (83.0, 19.0, 2), (0, 0, 0), (80.0, 11.0, 0), (-20.0, 0, 39), (88.0, 0, 42)]
[(34.0, 375.0, 57.0), (25.0, 382.0, 57.0), (43.0, 382.0, 57.0), (-9.0, 330.0, 15), (71.0, 331.0, 24), (11.0, 197.0, 0), (61.0, 198.0, 2), (2.0, 98.0, 0), (80.0, 102.0, 2), (-5.0, 13.0, 0), (83.0, 19.0, 2), (0, 0, 0), (80.0, 11.0, 0), (-20.0, 0, 39), (88.0, 0, 42)]
[(34.0, 374.0, 66.5), (25.0, 381.0, 66.5), (43.0, 381.0, 66.5), (-9.0, 329.0, 22), (71.0, 330.0, 29), (11.0, 197.0, 0), (61.0, 198.0, 1), (3.0, 97.0, 0), (80.0, 102.0, 1), (-5.0, 12.0, 0), (83.0, 18.0, 1), (0, 0, 0), (79.0, 10.0, 0), (-20.0, 0, 39), (88.0, 0, 42)]
[(34.0, 374.0, 64.5), (25.0, 381.0, 64.5), (43.0, 382.0, 64.5), (-9.0, 329.0, 22), (72.0, 331.0, 23), (11.0, 197.0, 0), (61.0, 198.0, 1), (3.0, 98.0, 0), (79.0, 102.0, 1), (-5.0, 13.0, 0), (83.0, 18.0, 1), (0, 0, 0), (79.0, 10.0, 0), (-20.0, 0, 39), (88.0, 0, 42)]
[(34.0, 374.0, 65.0), (26.0, 382.0, 65.0), (43.0, 382.0, 65.0), (-8.0, 329.0, 23), (72.0, 331.0, 22), (11.0, 197.0, 0), (61.0, 198.0, 0), (2.0, 98.0, 0), (79.0, 101.0, 0), (-5.0, 13.0, 0), (83.0, 18.0, 0), (0, 0, 0), (79.0, 9.0, 0), (-20.0, 0, 39), (88.0, 0, 42)]
[(35.0, 375.0, 62.0), (26.0, 382.0, 62.0), (43.0, 382.0, 62.0), (-8.0, 329.0, 22), (73.0, 331.0, 22), (12.0, 197.0, 0), (61.0, 198.0, 0), (3.0, 97.0, 0), (79.0, 100.0, 0), (-5.0, 13.0, 0), (83.0, 18.0, 0), (0, 0, 0), (79.0, 9.0, 0), (-20.0, 0, 39), (88.0, 0, 42)]
[(35.0, 375.0, 65.5), (26.0, 382.0, 65.5), (43.0, 382.0, 65.5), (-7.0, 329.0, 23), (73.0, 330.0, 27), (12.0, 197.0, 0), (61.0, 198.0, 0), (2.0, 97.0, 0), (78.0, 100.0, 0), (-5.0, 12.0, 0), (83.0, 18.0, 0), (0, 0, 0), (79.0, 9.0, 0), (-20.0, 0, 39), (88.0, 0, 42)]
[(34.0, 375.0, 58.0), (25.0, 382.0, 58.0), (42.0, 382.0, 58.0), (-8.0, 329.0, 16), (73.0, 330.0, 26), (11.0, 196.0, 0), (60.0, 198.0, 0), (1.0, 97.0, 0), (77.0, 99.0, 0), (-6.0, 12.0, 0), (82.0, 18.0, 0), (0, 0, 0), (78.0, 9.0, 0), (-21.0, 0, 38), (87.0, 0, 42)]
[(34.0, 375.0, 65.0), (25.0, 382.0, 65.0), (43.0, 383.0, 65.0), (-8.0, 329.0, 23), (73.0, 330.0, 26), (11.0, 197.0, 0), (60.0, 198.0, 0), (1.0, 96.0, 0), (77.0, 100.0, 0), (-6.0, 12.0, 0), (81.0, 19.0, 0), (0, 0, 0), (76.0, 11.0, 0), (-21.0, 0, 38), (86.0, 0, 41)]
[(35.0, 375.0, 65.0), (26.0, 383.0, 65.0), (43.0, 383.0, 65.0), (-8.0, 329.0, 23), (74.0, 330.0, 26), (11.0, 197.0, 0), (60.0, 198.0, 0), (1.0, 96.0, 0), (77.0, 100.0, 0), (-6.0, 12.0, 0), (80.0, 20.0, 0), (0, 0, 0), (75.0, 12.0, 0), (-21.0, 0, 38), (86.0, 0, 41)]
[(36.0, 375.0, 64.0), (26.0, 383.0, 64.0), (43.0, 383.0, 64.0), (-8.0, 329.0, 23), (74.0, 330.0, 26), (11.0, 197.0, 0), (60.0, 198.0, 0), (1.0, 98.0, 0), (77.0, 100.0, 0), (-6.0, 12.0, 0), (80.0, 20.0, 0), (0, 0, 0), (75.0, 12.0, 0), (-21.0, 0, 38), (86.0, 0, 41)]
[(36.0, 375.0, 68.5), (27.0, 383.0, 68.5), (44.0, 383.0, 68.5), (-8.0, 328.0, 28), (74.0, 329.0, 27), (10.0, 197.0, 0), (60.0, 197.0, 1), (-0.0, 98.0, 0), (77.0, 100.0, 1), (-7.0, 12.0, 0), (80.0, 21.0, 1), (0, 0, 0), (76.0, 13.0, 0), (-21.0, 0, 38), (86.0, 0, 41)]
[(37.0, 375.0, 63.5), (27.0, 383.0, 63.5), (45.0, 383.0, 63.5), (-9.0, 322.0, 32), (77.0, 325.0, 31), (10.0, 192.0, 0), (61.0, 194.0, 1), (-0.0, 98.0, 0), (75.0, 100.0, 1), (-7.0, 12.0, 0), (80.0, 20.0, 1), (0, 0, 0), (76.0, 12.0, 0), (-21.0, 0, 38), (86.0, 0, 41)]
[(37.0, 375.0, 56.0), (28.0, 384.0, 56.0), (45.0, 384.0, 56.0), (-9.0, 321.0, 32), (79.0, 322.0, 34), (10.0, 191.0, 0), (61.0, 192.0, 1), (-0.0, 97.0, 0), (75.0, 99.0, 1), (-7.0, 12.0, 0), (80.0, 19.0, 1), (0, 0, 0), (76.0, 11.0, 0), (-21.0, 0, 38), (87.0, 0, 41)]
[(38.0, 376.0, 52.5), (28.0, 385.0, 52.5), (46.0, 385.0, 52.5), (-9.0, 320.0, 36), (80.0, 321.0, 33), (10.0, 191.0, 0), (61.0, 191.0, 1), (-0.0, 94.0, 0), (75.0, 97.0, 1), (-7.0, 11.0, 0), (80.0, 18.0, 1), (0, 0, 0), (76.0, 10.0, 0), (-21.0, 0, 38), (87.0, 0, 41)]
[(39.0, 377.0, 50.0), (29.0, 386.0, 50.0), (47.0, 386.0, 50.0), (-9.0, 321.0, 32), (80.0, 320.0, 36), (10.0, 191.0, 0), (61.0, 191.0, 0), (-0.0, 94.0, 0), (75.0, 96.0, 0), (-6.0, 11.0, 0), (81.0, 16.0, 0), (0, 0, 0), (79.0, 7.0, 0), (-21.0, 0, 38), (88.0, 0, 42)]
[(37.0, 378.0, 44.0), (27.0, 386.0, 44.0), (45.0, 387.0, 44.0), (-11.0, 320.0, 28), (78.0, 320.0, 32), (8.0, 189.0, 0), (59.0, 190.0, 0), (-2.0, 93.0, 0), (74.0, 96.0, 0), (-7.0, 11.0, 0), (80.0, 15.0, 0), (0, 0, 0), (79.0, 6.0, 0), (-23.0, 0, 37), (86.0, 0, 43)]
[(37.0, 378.0, 48.5), (27.0, 386.0, 48.5), (45.0, 387.0, 48.5), (-11.0, 319.0, 32), (78.0, 320.0, 33), (8.0, 189.0, 0), (60.0, 190.0, 0), (-2.0, 93.0, 0), (74.0, 96.0, 0), (-6.0, 11.0, 0), (80.0, 14.0, 0), (0, 0, 0), (79.0, 5.0, 0), (-23.0, 0, 37), (86.0, 0, 43)]
[(37.0, 377.0, 46.5), (27.0, 386.0, 46.5), (45.0, 386.0, 46.5), (-11.0, 318.0, 30), (78.0, 319.0, 33), (8.0, 187.0, 2), (60.0, 189.0, 0), (-2.0, 91.0, 2), (74.0, 95.0, 0), (-6.0, 10.0, 2), (80.0, 13.0, 0), (0, 0, 0), (79.0, 4.0, 0), (-23.0, 0, 37), (86.0, 0, 43)]
[(37.0, 377.0, 43.0), (27.0, 386.0, 43.0), (45.0, 386.0, 43.0), (-12.0, 318.0, 27), (79.0, 319.0, 32), (8.0, 187.0, 0), (60.0, 189.0, 0), (-2.0, 91.0, 0), (74.0, 95.0, 0), (-7.0, 10.0, 0), (80.0, 14.0, 0), (0, 0, 0), (79.0, 5.0, 0), (-23.0, 0, 37), (86.0, 0, 43)]
[(37.0, 378.0, 41.0), (27.0, 386.0, 41.0), (45.0, 386.0, 41.0), (-12.0, 318.0, 27), (79.0, 319.0, 28), (8.0, 187.0, 0), (61.0, 188.0, 0), (-2.0, 91.0, 0), (74.0, 95.0, 0), (-7.0, 10.0, 0), (80.0, 14.0, 0), (0, 0, 0), (79.0, 5.0, 0), (-23.0, 0, 37), (86.0, 0, 43)]
[(37.0, 378.0, 40.0), (28.0, 386.0, 40.0), (46.0, 386.0, 40.0), (-12.0, 318.0, 26), (79.0, 319.0, 28), (9.0, 187.0, 0), (61.0, 188.0, 0), (-1.0, 91.0, 0), (74.0, 95.0, 0), (-6.0, 11.0, 0), (80.0, 14.0, 0), (0, 0, 0), (79.0, 5.0, 0), (-23.0, 0, 37), (86.0, 0, 43)]
[(37.0, 378.0, 45.0), (28.0, 386.0, 45.0), (46.0, 386.0, 45.0), (-12.0, 317.0, 31), (79.0, 319.0, 28), (9.0, 187.0, 0), (61.0, 188.0, 0), (-1.0, 91.0, 0), (74.0, 95.0, 0), (-6.0, 11.0, 0), (80.0, 14.0, 0), (0, 0, 0), (79.0, 5.0, 0), (-23.0, 0, 37), (86.0, 0, 43)]
[(38.0, 378.0, 49.0), (28.0, 386.0, 49.0), (46.0, 386.0, 49.0), (-11.0, 317.0, 31), (79.0, 318.0, 36), (9.0, 187.0, 0), (61.0, 188.0, 3), (-1.0, 91.0, 0), (74.0, 95.0, 3), (-6.0, 11.0, 0), (80.0, 14.0, 3), (0, 0, 0), (78.0, 6.0, 0), (-23.0, 0, 37), (85.0, 0, 43)]
[(38.0, 377.0, 50.0), (28.0, 385.0, 50.0), (46.0, 386.0, 50.0), (-10.0, 317.0, 32), (79.0, 318.0, 36), (9.0, 187.0, 0), (61.0, 188.0, 3), (-1.0, 91.0, 0), (74.0, 94.0, 3), (-6.0, 11.0, 0), (80.0, 13.0, 3), (0, 0, 0), (78.0, 5.0, 0), (-24.0, 0, 37), (85.0, 0, 43)]
[(38.0, 377.0, 46.5), (28.0, 385.0, 46.5), (46.0, 386.0, 46.5), (-9.0, 318.0, 28), (79.0, 318.0, 37), (9.0, 187.0, 0), (61.0, 188.0, 4), (-2.0, 91.0, 0), (74.0, 94.0, 4), (-6.0, 11.0, 0), (80.0, 13.0, 4), (0, 0, 0), (79.0, 5.0, 0), (-24.0, 0, 37), (85.0, 0, 43)]
[(38.0, 377.0, 46.5), (28.0, 385.0, 46.5), (46.0, 385.0, 46.5), (-9.0, 318.0, 28), (79.0, 318.0, 37), (9.0, 187.0, 0), (61.0, 188.0, 4), (-2.0, 91.0, 0), (75.0, 94.0, 4), (-6.0, 11.0, 0), (80.0, 13.0, 4), (0, 0, 0), (79.0, 5.0, 0), (-24.0, 0, 37), (86.0, 0, 43)]
[(37.0, 376.0, 47.5), (27.0, 385.0, 47.5), (45.0, 385.0, 47.5), (-9.0, 318.0, 29), (78.0, 318.0, 37), (8.0, 187.0, 0), (60.0, 188.0, 4), (-1.0, 93.0, 0), (74.0, 96.0, 4), (-7.0, 11.0, 0), (79.0, 15.0, 4), (0, 0, 0), (79.0, 7.0, 0), (-24.0, 0, 37), (84.0, 0, 43)]
[(37.0, 376.0, 47.0), (28.0, 385.0, 47.0), (45.0, 385.0, 47.0), (-9.0, 318.0, 28), (78.0, 318.0, 38), (9.0, 187.0, 0), (60.0, 188.0, 5), (-1.0, 94.0, 0), (73.0, 97.0, 5), (-6.0, 11.0, 0), (79.0, 16.0, 5), (0, 0, 0), (79.0, 9.0, 0), (-24.0, 0, 37), (84.0, 0, 43)]
[(36.0, 376.0, 43.5), (27.0, 385.0, 43.5), (44.0, 385.0, 43.5), (-10.0, 319.0, 23), (77.0, 318.0, 41), (9.0, 187.0, 0), (60.0, 189.0, 4), (-2.0, 94.0, 0), (72.0, 98.0, 4), (-7.0, 12.0, 0), (78.0, 17.0, 4), (0, 0, 0), (78.0, 9.0, 0), (-25.0, 0, 36), (82.0, 0, 43)]
[(36.0, 376.0, 43.0), (27.0, 384.0, 43.0), (44.0, 385.0, 43.0), (-10.0, 319.0, 23), (78.0, 318.0, 40), (8.0, 187.0, 0), (60.0, 189.0, 4), (-4.0, 91.0, 0), (74.0, 96.0, 4), (-7.0, 12.0, 0), (78.0, 17.0, 4), (0, 0, 0), (78.0, 9.0, 0), (-25.0, 0, 36), (82.0, 0, 43)]
[(36.0, 376.0, 44.0), (27.0, 384.0, 44.0), (44.0, 385.0, 44.0), (-10.0, 319.0, 24), (78.0, 318.0, 40), (7.0, 187.0, 0), (60.0, 189.0, 4), (-5.0, 91.0, 0), (75.0, 96.0, 4), (-7.0, 12.0, 0), (79.0, 17.0, 4), (0, 0, 0), (78.0, 9.0, 0), (-25.0, 0, 36), (83.0, 0, 43)]
[(37.0, 376.0, 49.0), (28.0, 384.0, 49.0), (45.0, 385.0, 49.0), (-9.0, 319.0, 25), (79.0, 318.0, 48), (7.0, 187.0, 0), (60.0, 188.0, 16), (-4.0, 91.0, 0), (76.0, 96.0, 16), (-7.0, 12.0, 0), (80.0, 18.0, 5), (0, 0, 0), (80.0, 11.0, 0), (-25.0, 0, 36), (84.0, 0, 42)]
[(37.0, 376.0, 49.5), (28.0, 384.0, 49.5), (45.0, 385.0, 49.5), (-9.0, 319.0, 25), (79.0, 318.0, 49), (7.0, 187.0, 0), (60.0, 188.0, 17), (-5.0, 91.0, 0), (77.0, 96.0, 17), (-7.0, 11.0, 0), (80.0, 18.0, 5), (0, 0, 0), (80.0, 11.0, 0), (-24.0, 0, 37), (84.0, 0, 42)]
[(38.0, 375.0, 54.5), (28.0, 384.0, 54.5), (46.0, 384.0, 54.5), (-9.0, 319.0, 36), (79.0, 318.0, 37), (8.0, 187.0, 12), (60.0, 188.0, 5), (-5.0, 89.0, 12), (76.0, 94.0, 5), (-7.0, 11.0, 0), (80.0, 15.0, 5), (0, 0, 0), (80.0, 8.0, 0), (-24.0, 0, 37), (85.0, 0, 43)]
[(38.0, 375.0, 42.5), (28.0, 384.0, 42.5), (46.0, 384.0, 42.5), (-9.0, 319.0, 24), (79.0, 318.0, 37), (8.0, 187.0, 0), (60.0, 188.0, 5), (-5.0, 91.0, 0), (76.0, 94.0, 5), (-7.0, 11.0, 0), (80.0, 14.0, 5), (0, 0, 0), (80.0, 7.0, 0), (-24.0, 0, 37), (86.0, 0, 43)]
[(39.0, 375.0, 42.0), (30.0, 384.0, 42.0), (47.0, 384.0, 42.0), (-8.0, 319.0, 23), (80.0, 318.0, 38), (10.0, 187.0, 0), (62.0, 188.0, 5), (-2.0, 91.0, 0), (77.0, 95.0, 5), (-6.0, 11.0, 0), (81.0, 15.0, 5), (0, 0, 0), (81.0, 8.0, 0), (-23.0, 0, 37), (86.0, 0, 43)]
[(38.0, 375.0, 43.5), (29.0, 384.0, 43.5), (46.0, 384.0, 43.5), (-9.0, 319.0, 23), (79.0, 318.0, 41), (10.0, 187.0, 0), (61.0, 189.0, 5), (-2.0, 92.0, 0), (74.0, 95.0, 5), (-7.0, 12.0, 0), (80.0, 15.0, 5), (0, 0, 0), (80.0, 8.0, 0), (-24.0, 0, 37), (83.0, 0, 43)]
[(38.0, 374.0, 33.5), (29.0, 383.0, 33.5), (46.0, 383.0, 33.5), (-8.0, 318.0, 13), (79.0, 317.0, 41), (10.0, 186.0, -10), (61.0, 188.0, 5), (-1.0, 94.0, 0), (74.0, 96.0, 5), (-7.0, 12.0, 0), (80.0, 15.0, 5), (0, 0, 0), (81.0, 8.0, 0), (-24.0, 0, 37), (82.0, 0, 43)]
[(38.0, 374.0, 46.5), (29.0, 383.0, 46.5), (46.0, 383.0, 46.5), (-8.0, 317.0, 28), (79.0, 317.0, 37), (10.0, 186.0, 0), (61.0, 187.0, 4), (-1.0, 93.0, 0), (73.0, 95.0, 4), (-7.0, 12.0, 0), (79.0, 15.0, 4), (0, 0, 0), (79.0, 7.0, 0), (-25.0, 0, 36), (82.0, 0, 43)]
[(38.0, 374.0, 47.5), (29.0, 383.0, 47.5), (46.0, 383.0, 47.5), (-8.0, 317.0, 29), (79.0, 317.0, 37), (9.0, 186.0, 0), (61.0, 187.0, 4), (-1.0, 93.0, 0), (74.0, 94.0, 4), (-7.0, 11.0, 0), (79.0, 14.0, 4), (0, 0, 0), (79.0, 6.0, 0), (-25.0, 0, 36), (83.0, 0, 43)]
[(38.0, 375.0, 47.0), (29.0, 384.0, 47.0), (46.0, 384.0, 47.0), (-8.0, 318.0, 29), (79.0, 318.0, 36), (9.0, 187.0, 0), (60.0, 188.0, 4), (-1.0, 93.0, 0), (74.0, 95.0, 4), (-7.0, 12.0, 0), (79.0, 15.0, 4), (0, 0, 0), (79.0, 7.0, 0), (-25.0, 0, 36), (84.0, 0, 43)]
[(38.0, 376.0, 52.5), (29.0, 385.0, 52.5), (46.0, 385.0, 52.5), (-8.0, 319.0, 33), (79.0, 319.0, 39), (9.0, 189.0, 0), (59.0, 190.0, 4), (-1.0, 94.0, 0), (74.0, 96.0, 4), (-7.0, 12.0, 0), (80.0, 15.0, 4), (0, 0, 0), (79.0, 7.0, 0), (-25.0, 0, 36), (84.0, 0, 43)]
[(38.0, 377.0, 52.5), (29.0, 386.0, 52.5), (46.0, 386.0, 52.5), (-8.0, 320.0, 33), (79.0, 320.0, 39), (9.0, 190.0, 0), (59.0, 191.0, 4), (-1.0, 95.0, 0), (74.0, 97.0, 4), (-7.0, 12.0, 0), (80.0, 16.0, 4), (0, 0, 0), (79.0, 8.0, 0), (-25.0, 0, 36), (84.0, 0, 43)]
[(38.0, 377.0, 53.0), (29.0, 386.0, 53.0), (46.0, 386.0, 53.0), (-8.0, 320.0, 33), (79.0, 320.0, 40), (9.0, 190.0, 0), (60.0, 191.0, 4), (-1.0, 95.0, 0), (74.0, 97.0, 4), (-7.0, 12.0, 0), (80.0, 16.0, 4), (0, 0, 0), (80.0, 8.0, 0), (-25.0, 0, 36), (84.0, 0, 43)]
[(38.0, 375.0, 54.0), (29.0, 384.0, 54.0), (47.0, 384.0, 54.0), (-7.0, 318.0, 34), (79.0, 318.0, 40), (9.0, 188.0, 0), (61.0, 189.0, 4), (-1.0, 93.0, 0), (75.0, 95.0, 4), (-6.0, 11.0, 0), (81.0, 15.0, 4), (0, 0, 0), (81.0, 7.0, 0), (-24.0, 0, 37), (85.0, 0, 43)]
[(38.0, 376.0, 53.5), (29.0, 385.0, 53.5), (47.0, 385.0, 53.5), (-8.0, 319.0, 33), (79.0, 319.0, 41), (9.0, 189.0, 0), (61.0, 190.0, 5), (-1.0, 94.0, 0), (75.0, 96.0, 5), (-6.0, 11.0, 0), (81.0, 15.0, 5), (0, 0, 0), (80.0, 8.0, 0), (-24.0, 0, 37), (85.0, 0, 43)]
[(38.0, 376.0, 53.0), (29.0, 385.0, 53.0), (46.0, 385.0, 53.0), (-8.0, 319.0, 33), (79.0, 319.0, 40), (9.0, 189.0, 0), (61.0, 190.0, 4), (-1.0, 94.0, 0), (75.0, 96.0, 4), (-6.0, 11.0, 0), (81.0, 16.0, 4), (0, 0, 0), (80.0, 8.0, 0), (-24.0, 0, 37), (85.0, 0, 43)]
[(36.0, 376.0, 56.0), (28.0, 385.0, 56.0), (45.0, 385.0, 56.0), (-10.0, 318.0, 36), (78.0, 319.0, 40), (8.0, 189.0, 0), (60.0, 190.0, 4), (-2.0, 94.0, 0), (74.0, 96.0, 4), (-7.0, 11.0, 0), (80.0, 16.0, 4), (0, 0, 0), (79.0, 8.0, 0), (-25.0, 0, 36), (84.0, 0, 43)]
[(37.0, 376.0, 56.5), (29.0, 385.0, 56.5), (46.0, 385.0, 56.5), (-9.0, 318.0, 36), (79.0, 319.0, 41), (9.0, 189.0, 0), (61.0, 190.0, 5), (-1.0, 94.0, 0), (75.0, 96.0, 5), (-6.0, 11.0, 0), (81.0, 16.0, 5), (0, 0, 0), (80.0, 9.0, 0), (-23.0, 0, 37), (85.0, 0, 43)]
[(37.0, 376.0, 57.0), (28.0, 385.0, 57.0), (46.0, 385.0, 57.0), (-9.0, 318.0, 36), (78.0, 319.0, 42), (9.0, 189.0, 0), (61.0, 190.0, 5), (-1.0, 93.0, 0), (76.0, 96.0, 5), (-6.0, 11.0, 0), (81.0, 16.0, 5), (0, 0, 0), (80.0, 9.0, 0), (-23.0, 0, 37), (85.0, 0, 43)]
[(36.0, 376.0, 56.5), (28.0, 385.0, 56.5), (45.0, 385.0, 56.5), (-10.0, 318.0, 36), (78.0, 319.0, 41), (9.0, 189.0, 0), (61.0, 190.0, 4), (-1.0, 93.0, 0), (76.0, 96.0, 4), (-6.0, 11.0, 0), (81.0, 17.0, 4), (0, 0, 0), (80.0, 9.0, 0), (-23.0, 0, 37), (86.0, 0, 42)]
[(36.0, 376.0, 59.5), (28.0, 385.0, 59.5), (45.0, 385.0, 59.5), (-10.0, 317.0, 39), (77.0, 319.0, 41), (9.0, 189.0, 0), (60.0, 190.0, 4), (-1.0, 94.0, 0), (76.0, 97.0, 4), (-6.0, 11.0, 0), (81.0, 17.0, 4), (0, 0, 0), (81.0, 9.0, 0), (-23.0, 0, 37), (86.0, 0, 43)]
[(36.0, 376.0, 59.5), (28.0, 385.0, 59.5), (45.0, 385.0, 59.5), (-10.0, 318.0, 39), (77.0, 319.0, 41), (9.0, 190.0, 0), (60.0, 190.0, 4), (-1.0, 95.0, 0), (75.0, 99.0, 4), (-6.0, 11.0, 0), (81.0, 17.0, 4), (0, 0, 0), (82.0, 9.0, 0), (-24.0, 0, 37), (85.0, 0, 43)]
[(35.0, 375.0, 55.5), (26.0, 384.0, 55.5), (43.0, 384.0, 55.5), (-11.0, 317.0, 36), (75.0, 319.0, 39), (8.0, 188.0, 0), (59.0, 189.0, 5), (-2.0, 95.0, 0), (74.0, 98.0, 5), (-7.0, 11.0, 0), (80.0, 17.0, 5), (0, 0, 0), (81.0, 10.0, 0), (-25.0, 0, 36), (84.0, 0, 43)]
[(36.0, 375.0, 39.0), (27.0, 384.0, 39.0), (44.0, 384.0, 39.0), (-12.0, 317.0, 20), (76.0, 319.0, 38), (8.0, 187.0, -11), (59.0, 189.0, 5), (-2.0, 95.0, 0), (73.0, 98.0, 5), (-6.0, 11.0, 0), (81.0, 17.0, 5), (0, 0, 0), (81.0, 10.0, 0), (-23.0, 0, 37), (85.0, 0, 42)]
[(35.0, 375.0, 40.5), (26.0, 384.0, 40.5), (43.0, 384.0, 40.5), (-12.0, 317.0, 21), (75.0, 319.0, 39), (7.0, 187.0, -11), (59.0, 189.0, 5), (-2.0, 95.0, 0), (73.0, 98.0, 5), (-6.0, 11.0, 0), (81.0, 18.0, 5), (0, 0, 0), (81.0, 11.0, 0), (-23.0, 0, 37), (84.0, 0, 42)]
[(34.0, 375.0, 37.5), (25.0, 384.0, 37.5), (42.0, 384.0, 37.5), (-13.0, 317.0, 20), (74.0, 320.0, 35), (6.0, 187.0, -12), (58.0, 189.0, 5), (-2.0, 95.0, 0), (73.0, 98.0, 5), (-6.0, 12.0, 0), (80.0, 18.0, 5), (0, 0, 0), (81.0, 11.0, 0), (-23.0, 0, 37), (84.0, 0, 42)]
[(33.0, 375.0, 37.0), (24.0, 384.0, 37.0), (41.0, 384.0, 37.0), (-15.0, 318.0, 15), (73.0, 320.0, 44), (5.0, 187.0, -12), (57.0, 189.0, 14), (-3.0, 95.0, 0), (72.0, 98.0, 14), (-6.0, 12.0, 0), (80.0, 20.0, 5), (0, 0, 0), (81.0, 13.0, 0), (-23.0, 0, 37), (83.0, 0, 42)]
[(28.0, 374.0, 22.5), (19.0, 382.0, 22.5), (36.0, 382.0, 22.5), (-19.0, 318.0, 7), (68.0, 320.0, 31), (4.0, 186.0, -12), (55.0, 188.0, 5), (-4.0, 94.0, 0), (71.0, 98.0, 5), (-7.0, 12.0, 0), (79.0, 19.0, 5), (0, 0, 0), (78.0, 12.0, 0), (-23.0, 0, 37), (84.0, 0, 42)]
[(27.0, 374.0, 16.5), (17.0, 382.0, 16.5), (35.0, 382.0, 16.5), (-20.0, 318.0, 5), (68.0, 320.0, 23), (4.0, 186.0, -12), (55.0, 188.0, -3), (-4.0, 94.0, 0), (69.0, 99.0, 3), (-7.0, 12.0, 0), (78.0, 20.0, 3), (0, 0, 0), (76.0, 12.0, 0), (-23.0, 0, 37), (84.0, 0, 41)]
[(27.0, 374.0, 10.0), (17.0, 382.0, 10.0), (35.0, 382.0, 10.0), (-20.0, 318.0, 5), (67.0, 320.0, 10), (4.0, 186.0, -12), (55.0, 188.0, -17), (-4.0, 94.0, 0), (69.0, 101.0, 2), (-7.0, 12.0, 0), (78.0, 20.0, 2), (0, 0, 0), (75.0, 12.0, 0), (-22.0, 0, 38), (85.0, 0, 41)]
[(27.0, 374.0, 14.0), (18.0, 382.0, 14.0), (36.0, 382.0, 14.0), (-18.0, 318.0, 7), (68.0, 320.0, 14), (5.0, 186.0, -12), (56.0, 188.0, -13), (-3.0, 94.0, 0), (70.0, 100.0, 1), (-6.0, 12.0, 0), (78.0, 20.0, 1), (0, 0, 0), (74.0, 12.0, 0), (-20.0, 0, 39), (86.0, 0, 40)]
[(28.0, 375.0, 36.0), (18.0, 383.0, 36.0), (36.0, 383.0, 36.0), (-18.0, 318.0, 24), (68.0, 321.0, 24), (6.0, 187.0, 0), (56.0, 189.0, -3), (-2.0, 94.0, 0), (71.0, 100.0, 1), (-6.0, 12.0, 0), (78.0, 21.0, 1), (0, 0, 0), (74.0, 13.0, 0), (-20.0, 0, 39), (87.0, 0, 40)]
[(28.0, 375.0, 42.5), (19.0, 383.0, 42.5), (36.0, 383.0, 42.5), (-18.0, 318.0, 24), (68.0, 321.0, 37), (6.0, 187.0, 0), (57.0, 189.0, 10), (-1.0, 94.0, 0), (71.0, 99.0, 10), (-6.0, 12.0, 0), (78.0, 21.0, 0), (0, 0, 0), (74.0, 12.0, 0), (-20.0, 0, 39), (87.0, 0, 40)]
[(29.0, 374.0, 50.0), (19.0, 383.0, 50.0), (37.0, 383.0, 50.0), (-16.0, 317.0, 29), (70.0, 320.0, 42), (7.0, 187.0, 0), (57.0, 189.0, 11), (-1.0, 94.0, 0), (71.0, 98.0, 11), (-6.0, 12.0, 0), (78.0, 20.0, 1), (0, 0, 0), (74.0, 12.0, 0), (-20.0, 0, 39), (87.0, 0, 40)]
[(31.0, 374.0, 51.0), (21.0, 383.0, 51.0), (38.0, 383.0, 51.0), (-14.0, 317.0, 30), (72.0, 320.0, 42), (8.0, 187.0, 0), (58.0, 189.0, 12), (-1.0, 94.0, 0), (72.0, 98.0, 12), (-6.0, 12.0, 0), (78.0, 20.0, 1), (0, 0, 0), (74.0, 12.0, 0), (-19.0, 0, 39), (87.0, 0, 40)]
[(33.0, 374.0, 56.0), (23.0, 383.0, 56.0), (40.0, 383.0, 56.0), (-11.0, 317.0, 35), (75.0, 319.0, 42), (9.0, 188.0, 0), (59.0, 188.0, 12), (-0.0, 94.0, 0), (73.0, 97.0, 12), (-6.0, 12.0, 0), (79.0, 19.0, 1), (0, 0, 0), (75.0, 11.0, 0), (-18.0, 0, 40), (88.0, 0, 40)]
[(35.0, 374.0, 56.0), (25.0, 383.0, 56.0), (42.0, 383.0, 56.0), (-10.0, 317.0, 36), (77.0, 319.0, 40), (9.0, 188.0, 0), (59.0, 188.0, 12), (-0.0, 94.0, 0), (74.0, 97.0, 12), (-6.0, 12.0, 0), (79.0, 19.0, 1), (0, 0, 0), (75.0, 11.0, 0), (-18.0, 0, 40), (88.0, 0, 40)]
[(37.0, 374.0, 52.5), (27.0, 383.0, 52.5), (44.0, 383.0, 52.5), (-7.0, 317.0, 37), (80.0, 318.0, 31), (9.0, 188.0, 0), (60.0, 188.0, 0), (-1.0, 94.0, 0), (75.0, 97.0, 0), (-6.0, 12.0, 0), (79.0, 17.0, 0), (0, 0, 0), (75.0, 8.0, 0), (-20.0, 0, 39), (88.0, 0, 41)]
[(38.0, 375.0, 53.5), (29.0, 384.0, 53.5), (46.0, 384.0, 53.5), (-6.0, 318.0, 37), (81.0, 319.0, 33), (10.0, 189.0, 0), (61.0, 189.0, 2), (-0.0, 95.0, 0), (76.0, 98.0, 2), (-7.0, 12.0, 0), (79.0, 16.0, 2), (0, 0, 0), (76.0, 8.0, 0), (-23.0, 0, 37), (87.0, 0, 42)]
[(39.0, 375.0, 55.5), (30.0, 384.0, 55.5), (47.0, 384.0, 55.5), (-6.0, 318.0, 37), (82.0, 318.0, 37), (11.0, 189.0, 0), (62.0, 189.0, 2), (1.0, 95.0, 0), (76.0, 98.0, 2), (-7.0, 12.0, 0), (80.0, 16.0, 2), (0, 0, 0), (77.0, 8.0, 0), (-23.0, 0, 37), (87.0, 0, 42)]
[(40.0, 377.0, 58.0), (31.0, 386.0, 58.0), (48.0, 386.0, 58.0), (-5.0, 320.0, 37), (83.0, 320.0, 42), (11.0, 191.0, 0), (63.0, 192.0, 3), (2.0, 97.0, 0), (76.0, 101.0, 3), (-6.0, 12.0, 0), (80.0, 18.0, 3), (0, 0, 0), (78.0, 10.0, 0), (-23.0, 0, 37), (87.0, 0, 42)]
[(40.0, 377.0, 56.5), (30.0, 386.0, 56.5), (48.0, 386.0, 56.5), (-5.0, 320.0, 37), (82.0, 320.0, 39), (11.0, 191.0, 0), (62.0, 192.0, 0), (2.0, 96.0, 0), (76.0, 101.0, 0), (-7.0, 12.0, 0), (79.0, 19.0, 0), (0, 0, 0), (77.0, 10.0, 0), (-24.0, 0, 37), (86.0, 0, 42)]
[(40.0, 377.0, 55.0), (30.0, 386.0, 55.0), (48.0, 386.0, 55.0), (-5.0, 320.0, 37), (82.0, 320.0, 36), (11.0, 191.0, 0), (63.0, 191.0, 0), (2.0, 96.0, 0), (76.0, 100.0, 0), (-7.0, 12.0, 0), (79.0, 19.0, 0), (0, 0, 0), (78.0, 10.0, 0), (-23.0, 0, 37), (86.0, 0, 42)]
[(40.0, 377.0, 54.5), (31.0, 386.0, 54.5), (48.0, 386.0, 54.5), (-5.0, 320.0, 37), (83.0, 320.0, 35), (11.0, 191.0, 0), (63.0, 191.0, 0), (2.0, 96.0, 0), (76.0, 100.0, 0), (-7.0, 12.0, 0), (79.0, 19.0, 0), (0, 0, 0), (78.0, 10.0, 0), (-22.0, 0, 38), (87.0, 0, 42)]
[(40.0, 377.0, 48.5), (31.0, 386.0, 48.5), (49.0, 386.0, 48.5), (-5.0, 321.0, 29), (83.0, 320.0, 39), (12.0, 190.0, 0), (63.0, 191.0, 4), (2.0, 96.0, 0), (76.0, 100.0, 4), (-6.0, 12.0, 0), (80.0, 20.0, 4), (0, 0, 0), (79.0, 12.0, 0), (-22.0, 0, 38), (86.0, 0, 42)]
[(40.0, 377.0, 48.5), (31.0, 386.0, 48.5), (49.0, 386.0, 48.5), (-5.0, 321.0, 29), (83.0, 320.0, 39), (12.0, 190.0, 0), (63.0, 191.0, 4), (2.0, 96.0, 0), (76.0, 99.0, 4), (-6.0, 12.0, 0), (81.0, 20.0, 4), (0, 0, 0), (81.0, 12.0, 0), (-22.0, 0, 38), (86.0, 0, 42)]
[(39.0, 377.0, 48.0), (30.0, 386.0, 48.0), (48.0, 386.0, 48.0), (-6.0, 321.0, 28), (81.0, 320.0, 40), (12.0, 190.0, 0), (63.0, 191.0, 4), (1.0, 96.0, 0), (74.0, 100.0, 4), (-6.0, 12.0, 0), (80.0, 21.0, 4), (0, 0, 0), (81.0, 13.0, 0), (-23.0, 0, 37), (84.0, 0, 42)]
[(39.0, 377.0, 42.0), (29.0, 385.0, 42.0), (47.0, 385.0, 42.0), (-7.0, 321.0, 23), (80.0, 320.0, 38), (12.0, 189.0, 0), (62.0, 190.0, 5), (-0.0, 95.0, 0), (73.0, 99.0, 5), (-7.0, 12.0, 0), (79.0, 20.0, 5), (0, 0, 0), (80.0, 13.0, 0), (-24.0, 0, 37), (83.0, 0, 42)]
[(39.0, 377.0, 41.5), (29.0, 385.0, 41.5), (47.0, 385.0, 41.5), (-7.0, 321.0, 23), (80.0, 320.0, 37), (12.0, 189.0, 0), (63.0, 190.0, 4), (-0.0, 96.0, 0), (73.0, 99.0, 4), (-7.0, 14.0, 0), (79.0, 20.0, 4), (0, 0, 0), (80.0, 12.0, 0), (-25.0, 0, 36), (83.0, 0, 42)]
[(39.0, 377.0, 41.5), (29.0, 385.0, 41.5), (47.0, 385.0, 41.5), (-7.0, 321.0, 23), (80.0, 320.0, 37), (12.0, 189.0, 0), (63.0, 190.0, 4), (-0.0, 96.0, 0), (73.0, 99.0, 4), (-7.0, 14.0, 0), (79.0, 19.0, 4), (0, 0, 0), (80.0, 11.0, 0), (-26.0, 0, 35), (83.0, 0, 42)]
[(38.0, 377.0, 41.5), (29.0, 385.0, 41.5), (47.0, 385.0, 41.5), (-7.0, 321.0, 23), (80.0, 320.0, 37), (11.0, 189.0, 0), (63.0, 190.0, 4), (-0.0, 96.0, 0), (73.0, 99.0, 4), (-7.0, 14.0, 0), (78.0, 19.0, 4), (0, 0, 0), (79.0, 11.0, 0), (-26.0, 0, 35), (82.0, 0, 42)]
[(38.0, 376.0, 41.5), (29.0, 384.0, 41.5), (47.0, 384.0, 41.5), (-7.0, 320.0, 23), (80.0, 319.0, 37), (11.0, 188.0, 0), (63.0, 189.0, 4), (-0.0, 95.0, 0), (73.0, 97.0, 4), (-7.0, 13.0, 0), (78.0, 18.0, 4), (0, 0, 0), (79.0, 10.0, 0), (-26.0, 0, 35), (82.0, 0, 43)]
[(38.0, 376.0, 31.5), (29.0, 384.0, 31.5), (47.0, 384.0, 31.5), (-7.0, 320.0, 13), (80.0, 319.0, 37), (11.0, 188.0, -10), (63.0, 189.0, 4), (-0.0, 96.0, 0), (72.0, 97.0, 4), (-8.0, 14.0, 0), (78.0, 18.0, 4), (0, 0, 0), (79.0, 10.0, 0), (-26.0, 0, 35), (82.0, 0, 43)]
[(38.0, 376.0, 36.5), (29.0, 384.0, 36.5), (47.0, 384.0, 36.5), (-7.0, 319.0, 18), (79.0, 319.0, 37), (11.0, 188.0, -10), (62.0, 189.0, 4), (-0.0, 96.0, 0), (72.0, 97.0, 4), (-7.0, 14.0, 0), (78.0, 18.0, 4), (0, 0, 0), (78.0, 10.0, 0), (-26.0, 0, 35), (83.0, 0, 42)]
[(38.0, 375.0, 39.5), (29.0, 383.0, 39.5), (47.0, 383.0, 39.5), (-7.0, 318.0, 23), (79.0, 318.0, 33), (11.0, 188.0, -10), (62.0, 188.0, 0), (-0.0, 96.0, 0), (72.0, 96.0, 0), (-7.0, 13.0, 0), (78.0, 17.0, 0), (0, 0, 0), (78.0, 8.0, 0), (-26.0, 0, 35), (83.0, 0, 43)]
[(37.0, 375.0, 46.0), (29.0, 383.0, 46.0), (46.0, 383.0, 46.0), (-8.0, 318.0, 24), (79.0, 318.0, 44), (11.0, 188.0, -8), (62.0, 188.0, 11), (-1.0, 96.0, 0), (72.0, 95.0, 11), (-7.0, 13.0, 0), (78.0, 17.0, 0), (0, 0, 0), (77.0, 8.0, 0), (-26.0, 0, 35), (83.0, 0, 43)]
[(37.0, 376.0, 39.5), (29.0, 384.0, 39.5), (46.0, 384.0, 39.5), (-8.0, 319.0, 23), (79.0, 319.0, 33), (10.0, 189.0, -10), (61.0, 189.0, 0), (-1.0, 97.0, 0), (72.0, 96.0, 0), (-7.0, 14.0, 0), (78.0, 17.0, 0), (0, 0, 0), (77.0, 8.0, 0), (-26.0, 0, 35), (84.0, 0, 42)]
[(37.0, 376.0, 49.5), (29.0, 384.0, 49.5), (46.0, 384.0, 49.5), (-8.0, 319.0, 33), (79.0, 319.0, 33), (10.0, 189.0, 0), (61.0, 189.0, 0), (-1.0, 96.0, 0), (72.0, 96.0, 0), (-7.0, 13.0, 0), (78.0, 17.0, 0), (0, 0, 0), (76.0, 8.0, 0), (-26.0, 0, 35), (84.0, 0, 42)]
[(37.0, 376.0, 49.5), (28.0, 384.0, 49.5), (46.0, 384.0, 49.5), (-9.0, 319.0, 33), (78.0, 319.0, 33), (9.0, 189.0, 0), (61.0, 189.0, 0), (-2.0, 95.0, 0), (72.0, 96.0, 0), (-7.0, 13.0, 0), (78.0, 17.0, 0), (0, 0, 0), (76.0, 8.0, 0), (-26.0, 0, 35), (84.0, 0, 42)]
[(36.0, 376.0, 49.5), (27.0, 384.0, 49.5), (45.0, 384.0, 49.5), (-10.0, 319.0, 33), (77.0, 319.0, 33), (8.0, 189.0, 0), (59.0, 189.0, 0), (-4.0, 95.0, 0), (71.0, 96.0, 0), (-8.0, 13.0, 0), (77.0, 17.0, 0), (0, 0, 0), (75.0, 8.0, 0), (-27.0, 0, 35), (83.0, 0, 42)]
[(35.0, 376.0, 48.5), (27.0, 384.0, 48.5), (44.0, 384.0, 48.5), (-12.0, 319.0, 32), (76.0, 319.0, 33), (7.0, 189.0, 0), (59.0, 189.0, 0), (-4.0, 95.0, 0), (71.0, 96.0, 0), (-8.0, 13.0, 0), (77.0, 17.0, 0), (0, 0, 0), (75.0, 8.0, 0), (-27.0, 0, 35), (83.0, 0, 42)]
[(36.0, 376.0, 48.0), (27.0, 384.0, 48.0), (45.0, 384.0, 48.0), (-11.0, 318.0, 32), (76.0, 319.0, 32), (8.0, 188.0, 0), (59.0, 188.0, 3), (-3.0, 95.0, 0), (72.0, 96.0, 3), (-7.0, 13.0, 0), (78.0, 17.0, 3), (0, 0, 0), (76.0, 9.0, 0), (-26.0, 0, 35), (84.0, 0, 42)]
[(35.0, 375.0, 45.0), (27.0, 383.0, 45.0), (44.0, 383.0, 45.0), (-12.0, 317.0, 31), (76.0, 319.0, 28), (8.0, 187.0, 0), (59.0, 187.0, 4), (-3.0, 94.0, 0), (72.0, 96.0, 4), (-7.0, 12.0, 0), (77.0, 17.0, 4), (0, 0, 0), (76.0, 9.0, 0), (-26.0, 0, 35), (84.0, 0, 42)]
[(35.0, 375.0, 34.0), (27.0, 383.0, 34.0), (44.0, 383.0, 34.0), (-13.0, 317.0, 20), (76.0, 319.0, 28), (8.0, 187.0, -11), (59.0, 187.0, 4), (-2.0, 95.0, 0), (72.0, 97.0, 4), (-7.0, 13.0, 0), (77.0, 17.0, 4), (0, 0, 0), (76.0, 9.0, 0), (-26.0, 0, 35), (84.0, 0, 42)]
[(37.0, 375.0, 33.5), (29.0, 383.0, 33.5), (46.0, 383.0, 33.5), (-11.0, 317.0, 20), (78.0, 319.0, 27), (10.0, 187.0, -11), (61.0, 187.0, 3), (-0.0, 95.0, 0), (74.0, 97.0, 3), (-6.0, 13.0, 0), (79.0, 17.0, 3), (0, 0, 0), (77.0, 9.0, 0), (-24.0, 0, 37), (86.0, 0, 42)]
[(37.0, 375.0, 29.0), (28.0, 383.0, 29.0), (46.0, 383.0, 29.0), (-11.0, 318.0, 15), (77.0, 319.0, 28), (10.0, 187.0, -11), (61.0, 187.0, 3), (-0.0, 95.0, 0), (74.0, 97.0, 3), (-6.0, 13.0, 0), (79.0, 17.0, 3), (0, 0, 0), (77.0, 9.0, 0), (-24.0, 0, 37), (86.0, 0, 42)]
[(37.0, 375.0, 19.0), (28.0, 383.0, 19.0), (46.0, 383.0, 19.0), (-11.0, 318.0, 4), (77.0, 319.0, 30), (10.0, 186.0, -17), (61.0, 187.0, 5), (-0.0, 95.0, 0), (74.0, 97.0, 5), (-6.0, 13.0, 0), (79.0, 17.0, 5), (0, 0, 0), (77.0, 10.0, 0), (-24.0, 0, 37), (85.0, 0, 42)]
[(37.0, 375.0, 19.0), (28.0, 383.0, 19.0), (46.0, 383.0, 19.0), (-11.0, 318.0, 4), (77.0, 319.0, 30), (10.0, 186.0, -17), (61.0, 187.0, 5), (-0.0, 95.0, 0), (74.0, 97.0, 5), (-7.0, 13.0, 0), (79.0, 17.0, 5), (0, 0, 0), (77.0, 10.0, 0), (-24.0, 0, 37), (85.0, 0, 42)]
[(37.0, 375.0, 19.0), (28.0, 383.0, 19.0), (45.0, 383.0, 19.0), (-11.0, 318.0, 5), (77.0, 319.0, 28), (9.0, 186.0, -17), (61.0, 187.0, 3), (-0.0, 95.0, 0), (74.0, 97.0, 3), (-7.0, 13.0, 0), (79.0, 17.0, 3), (0, 0, 0), (77.0, 9.0, 0), (-24.0, 0, 37), (86.0, 0, 42)]
[(36.0, 375.0, 21.0), (27.0, 383.0, 21.0), (45.0, 383.0, 21.0), (-12.0, 318.0, 10), (77.0, 320.0, 22), (9.0, 186.0, -11), (61.0, 187.0, 3), (-0.0, 94.0, 0), (74.0, 97.0, 3), (-7.0, 12.0, 0), (79.0, 17.0, 3), (0, 0, 0), (77.0, 9.0, 0), (-24.0, 0, 37), (86.0, 0, 42)]
[(36.0, 375.0, 21.0), (27.0, 383.0, 21.0), (45.0, 383.0, 21.0), (-12.0, 317.0, 10), (77.0, 320.0, 22), (9.0, 185.0, -11), (61.0, 187.0, 3), (-0.0, 93.0, 0), (74.0, 97.0, 3), (-7.0, 12.0, 0), (79.0, 18.0, 3), (0, 0, 0), (77.0, 10.0, 0), (-24.0, 0, 37), (86.0, 0, 42)]
[(36.0, 375.0, 22.5), (27.0, 383.0, 22.5), (45.0, 383.0, 22.5), (-12.0, 317.0, 15), (77.0, 320.0, 15), (9.0, 186.0, -11), (60.0, 187.0, -3), (-0.0, 94.0, 0), (74.0, 98.0, 3), (-7.0, 12.0, 0), (79.0, 18.0, 3), (0, 0, 0), (77.0, 10.0, 0), (-24.0, 0, 37), (86.0, 0, 42)]
[(37.0, 375.0, 22.0), (28.0, 383.0, 22.0), (45.0, 383.0, 22.0), (-11.0, 317.0, 15), (77.0, 320.0, 14), (10.0, 186.0, -11), (61.0, 187.0, -5), (-0.0, 94.0, 0), (74.0, 98.0, 3), (-6.0, 12.0, 0), (80.0, 18.0, 3), (0, 0, 0), (78.0, 10.0, 0), (-23.0, 0, 37), (86.0, 0, 42)]
[(37.0, 375.0, 22.0), (28.0, 383.0, 22.0), (45.0, 383.0, 22.0), (-11.0, 317.0, 15), (77.0, 320.0, 14), (10.0, 186.0, -11), (61.0, 187.0, -5), (-0.0, 94.0, 0), (74.0, 98.0, 3), (-6.0, 12.0, 0), (80.0, 18.0, 3), (0, 0, 0), (78.0, 10.0, 0), (-23.0, 0, 37), (86.0, 0, 42)]
[(37.0, 375.0, 21.0), (28.0, 383.0, 21.0), (45.0, 383.0, 21.0), (-11.0, 317.0, 15), (77.0, 321.0, 12), (10.0, 186.0, -11), (61.0, 187.0, 2), (-0.0, 94.0, 0), (74.0, 97.0, 2), (-6.0, 12.0, 0), (80.0, 17.0, 2), (0, 0, 0), (77.0, 9.0, 0), (-23.0, 0, 37), (87.0, 0, 42)]
[(36.0, 375.0, 20.0), (28.0, 383.0, 20.0), (45.0, 383.0, 20.0), (-11.0, 317.0, 15), (77.0, 321.0, 10), (10.0, 186.0, -11), (61.0, 187.0, 0), (-0.0, 94.0, 0), (74.0, 97.0, 0), (-6.0, 12.0, 0), (80.0, 17.0, 0), (0, 0, 0), (77.0, 8.0, 0), (-23.0, 0, 37), (87.0, 0, 42)]
[(36.0, 375.0, 25.5), (28.0, 383.0, 25.5), (45.0, 383.0, 25.5), (-11.0, 317.0, 15), (77.0, 320.0, 21), (10.0, 186.0, -11), (61.0, 187.0, 2), (-0.0, 94.0, 0), (74.0, 97.0, 2), (-6.0, 12.0, 0), (80.0, 16.0, 2), (0, 0, 0), (77.0, 8.0, 0), (-22.0, 0, 38), (87.0, 0, 42)]
[(36.0, 375.0, 24.5), (28.0, 383.0, 24.5), (45.0, 383.0, 24.5), (-11.0, 317.0, 15), (77.0, 320.0, 19), (10.0, 186.0, -11), (61.0, 187.0, 0), (-0.0, 94.0, 0), (74.0, 97.0, 0), (-6.0, 12.0, 0), (79.0, 17.0, 0), (0, 0, 0), (77.0, 8.0, 0), (-23.0, 0, 37), (87.0, 0, 42)]
[(36.0, 374.0, 23.0), (28.0, 383.0, 23.0), (45.0, 383.0, 23.0), (-11.0, 317.0, 20), (77.0, 320.0, 6), (10.0, 187.0, -11), (61.0, 187.0, -13), (-0.0, 95.0, 0), (73.0, 99.0, 3), (-6.0, 12.0, 0), (79.0, 17.0, 3), (0, 0, 0), (77.0, 9.0, 0), (-23.0, 0, 37), (86.0, 0, 42)]
[(36.0, 374.0, 23.0), (28.0, 383.0, 23.0), (45.0, 383.0, 23.0), (-11.0, 317.0, 20), (77.0, 320.0, 6), (10.0, 187.0, -11), (61.0, 187.0, -13), (-0.0, 95.0, 0), (73.0, 99.0, 3), (-6.0, 12.0, 0), (79.0, 17.0, 3), (0, 0, 0), (77.0, 9.0, 0), (-23.0, 0, 37), (86.0, 0, 42)]
[(36.0, 375.0, 15.5), (28.0, 383.0, 15.5), (45.0, 383.0, 15.5), (-11.0, 317.0, 9), (77.0, 320.0, 13), (10.0, 186.0, -17), (61.0, 187.0, -6), (-0.0, 95.0, 0), (73.0, 98.0, 3), (-6.0, 12.0, 0), (79.0, 17.0, 3), (0, 0, 0), (77.0, 9.0, 0), (-23.0, 0, 37), (86.0, 0, 42)]
[(36.0, 375.0, 29.0), (28.0, 383.0, 29.0), (45.0, 383.0, 29.0), (-11.0, 317.0, 20), (77.0, 320.0, 18), (10.0, 187.0, -11), (61.0, 188.0, -7), (1.0, 95.0, 0), (73.0, 99.0, 2), (-6.0, 12.0, 0), (79.0, 17.0, 2), (0, 0, 0), (76.0, 9.0, 0), (-23.0, 0, 37), (86.0, 0, 42)]
[(36.0, 375.0, 44.5), (28.0, 383.0, 44.5), (45.0, 383.0, 44.5), (-11.0, 317.0, 35), (77.0, 321.0, 19), (10.0, 188.0, 0), (61.0, 188.0, 0), (-0.0, 95.0, 0), (73.0, 98.0, 0), (-6.0, 12.0, 0), (79.0, 16.0, 0), (0, 0, 0), (76.0, 7.0, 0), (-23.0, 0, 37), (86.0, 0, 42)]
[(37.0, 374.0, 43.5), (28.0, 382.0, 43.5), (45.0, 382.0, 43.5), (-9.0, 317.0, 31), (77.0, 320.0, 25), (11.0, 187.0, 0), (61.0, 188.0, 0), (-1.0, 93.0, 0), (76.0, 95.0, 0), (-6.0, 11.0, 0), (80.0, 15.0, 0), (0, 0, 0), (77.0, 6.0, 0), (-23.0, 0, 37), (87.0, 0, 42)]
[(37.0, 374.0, 51.0), (28.0, 382.0, 51.0), (45.0, 382.0, 51.0), (-9.0, 317.0, 31), (77.0, 320.0, 40), (11.0, 187.0, 0), (61.0, 188.0, 15), (-1.0, 92.0, 0), (79.0, 94.0, 15), (-6.0, 12.0, 0), (81.0, 16.0, 3), (0, 0, 0), (79.0, 8.0, 0), (-23.0, 0, 37), (86.0, 0, 42)]
[(37.0, 372.0, 56.5), (28.0, 380.0, 56.5), (45.0, 381.0, 56.5), (-9.0, 317.0, 31), (77.0, 321.0, 31), (11.0, 187.0, 0), (61.0, 188.0, 12), (-2.0, 92.0, 0), (80.0, 93.0, 12), (-6.0, 13.0, 0), (81.0, 15.0, 0), (0, 0, 0), (79.0, 6.0, 0), (-23.0, 0, 37), (88.0, 0, 42)]
[(37.0, 371.0, 59.5), (29.0, 379.0, 59.5), (46.0, 380.0, 59.5), (-8.0, 318.0, 28), (78.0, 321.0, 31), (11.0, 187.0, 0), (62.0, 188.0, 12), (-2.0, 92.0, 0), (80.0, 93.0, 12), (-6.0, 12.0, 0), (82.0, 15.0, 0), (0, 0, 0), (80.0, 6.0, 0), (-22.0, 0, 38), (89.0, 0, 42)]
[(37.0, 369.0, 58.0), (29.0, 377.0, 58.0), (46.0, 378.0, 58.0), (-8.0, 319.0, 23), (77.0, 321.0, 26), (11.0, 187.0, 0), (62.0, 187.0, 15), (-2.0, 91.0, 0), (81.0, 93.0, 15), (-6.0, 12.0, 0), (82.0, 15.0, 3), (0, 0, 0), (80.0, 7.0, 0), (-23.0, 0, 37), (89.0, 0, 42)]
[(38.0, 367.0, 37.5), (30.0, 375.0, 37.5), (47.0, 375.0, 37.5), (-7.0, 320.0, 0), (77.0, 322.0, 19), (12.0, 186.0, 0), (64.0, 186.0, 19), (-2.0, 91.0, 0), (81.0, 92.0, 19), (-5.0, 12.0, 0), (83.0, 15.0, 2), (0, 0, 0), (80.0, 7.0, 0), (-22.0, 0, 38), (90.0, 0, 42)]
[(39.0, 363.0, 44.5), (30.0, 370.0, 44.5), (48.0, 370.0, 44.5), (-5.0, 320.0, 0), (76.0, 321.0, 23), (13.0, 185.0, 0), (65.0, 185.0, 23), (-2.0, 91.0, 0), (83.0, 91.0, 23), (-5.0, 12.0, 0), (84.0, 15.0, 2), (0, 0, 0), (81.0, 7.0, 0), (-21.0, 0, 38), (91.0, 0, 42)]
[(38.0, 358.0, 49.5), (30.0, 367.0, 49.5), (47.0, 367.0, 49.5), (-5.0, 319.0, 0), (76.0, 320.0, 25), (13.0, 183.0, 0), (66.0, 182.0, 25), (-4.0, 91.0, 0), (82.0, 90.0, 25), (-5.0, 12.0, 0), (84.0, 15.0, 1), (0, 0, 0), (80.0, 7.0, 0), (-20.0, 0, 39), (91.0, 0, 42)]
[(37.0, 356.0, 45.5), (29.0, 365.0, 45.5), (45.0, 365.0, 45.5), (-6.0, 316.0, -7), (75.0, 318.0, 31), (13.0, 179.0, -7), (65.0, 179.0, 31), (-7.0, 90.0, 12), (81.0, 88.0, 31), (-6.0, 12.0, 0), (82.0, 15.0, 1), (0, 0, 0), (78.0, 7.0, 0), (-22.0, 0, 38), (90.0, 0, 42)]
[(37.0, 352.0, 57.0), (29.0, 360.0, 57.0), (45.0, 359.0, 57.0), (-6.0, 315.0, 2), (75.0, 314.0, 34), (13.0, 177.0, 2), (65.0, 177.0, 34), (-7.0, 88.0, 21), (81.0, 86.0, 34), (-6.0, 12.0, 0), (82.0, 15.0, 0), (0, 0, 0), (76.0, 7.0, 0), (-21.0, 0, 38), (90.0, 0, 41)]
[(34.0, 348.0, 52.5), (27.0, 356.0, 52.5), (43.0, 356.0, 52.5), (-5.0, 310.0, -5), (75.0, 309.0, 41), (13.0, 173.0, -5), (66.0, 174.0, 38), (-8.0, 87.0, 24), (82.0, 83.0, 38), (-6.0, 12.0, 0), (82.0, 14.0, 0), (0, 0, 0), (76.0, 7.0, 0), (-21.0, 0, 38), (90.0, 0, 41)]
[(33.0, 345.0, 50.0), (26.0, 352.0, 50.0), (42.0, 352.0, 50.0), (-6.0, 306.0, -9), (74.0, 306.0, 44), (12.0, 170.0, -9), (65.0, 171.0, 41), (-9.0, 87.0, 27), (82.0, 82.0, 41), (-7.0, 13.0, 0), (81.0, 15.0, 0), (0, 0, 0), (75.0, 8.0, 0), (-22.0, 0, 38), (89.0, 0, 41)]
[(33.0, 337.0, 76.0), (25.0, 345.0, 76.0), (42.0, 345.0, 76.0), (-6.0, 301.0, 6), (74.0, 301.0, 60), (12.0, 168.0, -11), (65.0, 168.0, 37), (-10.0, 86.0, 27), (84.0, 80.0, 44), (-7.0, 12.0, 0), (81.0, 15.0, 0), (0, 0, 0), (75.0, 8.0, 0), (-24.0, 0, 37), (91.0, 0, 40)]
[(34.0, 336.0, 73.0), (26.0, 343.0, 73.0), (43.0, 343.0, 73.0), (-6.0, 297.0, 11), (74.0, 298.0, 50), (13.0, 165.0, -12), (66.0, 165.0, 27), (-11.0, 85.0, 29), (86.0, 79.0, 46), (-7.0, 12.0, 0), (82.0, 15.0, 0), (0, 0, 0), (75.0, 8.0, 0), (-23.0, 0, 37), (91.0, 0, 40)]
[(35.0, 331.0, 87.5), (26.0, 338.0, 87.5), (43.0, 338.0, 87.5), (-6.0, 293.0, 22), (74.0, 294.0, 55), (13.0, 164.0, -14), (66.0, 163.0, 22), (-13.0, 86.0, 29), (86.0, 79.0, 48), (-7.0, 13.0, 0), (81.0, 17.0, 0), (0, 0, 0), (75.0, 10.0, 0), (-24.0, 0, 37), (91.0, 0, 40)]
[(34.0, 325.0, 94.0), (25.0, 331.0, 94.0), (42.0, 332.0, 94.0), (-7.0, 287.0, 33), (73.0, 289.0, 44), (12.0, 160.0, -9), (65.0, 159.0, 8), (-16.0, 83.0, 35), (85.0, 79.0, 44), (-7.0, 13.0, 0), (81.0, 14.0, 0), (0, 0, 0), (75.0, 7.0, 0), (-25.0, 0, 36), (92.0, 0, 40)]
[(34.0, 317.0, 104.0), (25.0, 324.0, 104.0), (42.0, 324.0, 104.0), (-7.0, 280.0, 42), (73.0, 285.0, 42), (12.0, 157.0, -11), (65.0, 156.0, 2), (-19.0, 82.0, 34), (86.0, 79.0, 44), (-7.0, 12.0, 0), (81.0, 14.0, 0), (0, 0, 0), (74.0, 7.0, 0), (-26.0, 0, 35), (92.0, 0, 39)]
[(33.0, 309.0, 110.0), (24.0, 316.0, 110.0), (41.0, 316.0, 110.0), (-8.0, 275.0, 43), (72.0, 275.0, 52), (10.0, 152.0, -10), (64.0, 152.0, -3), (-23.0, 79.0, 37), (85.0, 78.0, 44), (-8.0, 11.0, 0), (80.0, 13.0, 0), (0, 0, 0), (73.0, 6.0, 0), (-28.0, 0, 34), (91.0, 0, 40)]
[(33.0, 301.0, 123.0), (23.0, 308.0, 123.0), (41.0, 308.0, 123.0), (-8.0, 269.0, 51), (71.0, 269.0, 58), (9.0, 150.0, -11), (62.0, 150.0, -5), (-25.0, 79.0, 38), (84.0, 78.0, 44), (-9.0, 12.0, 0), (79.0, 13.0, 0), (0, 0, 0), (72.0, 6.0, 0), (-29.0, 0, 33), (90.0, 0, 40)]
[(34.0, 293.0, 133.5), (24.0, 300.0, 133.5), (42.0, 300.0, 133.5), (-6.0, 262.0, 59), (71.0, 262.0, 61), (10.0, 147.0, -10), (62.0, 147.0, -9), (-26.0, 77.0, 39), (84.0, 77.0, 43), (-9.0, 11.0, 0), (80.0, 11.0, 0), (0, 0, 0), (74.0, 4.0, 0), (-29.0, 0, 33), (90.0, 0, 41)]
[(33.0, 261.0, 149.5), (23.0, 269.0, 149.5), (41.0, 269.0, 149.5), (-7.0, 237.0, 62), (70.0, 236.0, 79), (9.0, 136.0, -26), (61.0, 137.0, -12), (-29.0, 78.0, 36), (84.0, 74.0, 48), (-9.0, 11.0, 0), (78.0, 12.0, 0), (0, 0, 0), (71.0, 5.0, 0), (-30.0, 0, 32), (89.0, 0, 40)]
[(32.0, 251.0, 150.5), (23.0, 259.0, 150.5), (40.0, 259.0, 150.5), (-7.0, 226.0, 65), (68.0, 229.0, 75), (8.0, 131.0, -30), (59.0, 132.0, -18), (-33.0, 78.0, 34), (85.0, 75.0, 47), (-9.0, 11.0, 0), (77.0, 12.0, 0), (0, 0, 0), (69.0, 5.0, 0), (-31.0, 0, 31), (87.0, 0, 40)]
[(32.0, 243.0, 149.5), (23.0, 252.0, 149.5), (40.0, 251.0, 149.5), (-7.0, 217.0, 65), (68.0, 224.0, 71), (8.0, 126.0, -34), (59.0, 127.0, -22), (-33.0, 78.0, 34), (85.0, 75.0, 47), (-9.0, 11.0, 0), (77.0, 12.0, 0), (0, 0, 0), (69.0, 5.0, 0), (-31.0, 0, 31), (86.0, 0, 40)]
[(32.0, 236.0, 150.5), (23.0, 244.0, 150.5), (40.0, 244.0, 150.5), (-7.0, 212.0, 65), (68.0, 217.0, 73), (9.0, 123.0, -35), (59.0, 122.0, -22), (-33.0, 78.0, 34), (86.0, 74.0, 49), (-9.0, 11.0, 0), (76.0, 13.0, 0), (0, 0, 0), (69.0, 6.0, 0), (-30.0, 0, 32), (84.0, 0, 41)]
[(32.0, 227.0, 146.5), (23.0, 235.0, 146.5), (40.0, 235.0, 146.5), (-6.0, 208.0, 61), (68.0, 209.0, 71), (9.0, 119.0, -39), (59.0, 118.0, -28), (-34.0, 79.0, 33), (86.0, 76.0, 47), (-9.0, 12.0, 0), (76.0, 14.0, 0), (0, 0, 0), (69.0, 7.0, 0), (-30.0, 0, 32), (84.0, 0, 41)]
[(32.0, 223.0, 145.5), (24.0, 230.0, 145.5), (40.0, 230.0, 145.5), (-5.0, 205.0, 59), (68.0, 203.0, 73), (9.0, 116.0, -41), (59.0, 116.0, -30), (-34.0, 80.0, 33), (87.0, 77.0, 46), (-9.0, 13.0, 0), (75.0, 14.0, 0), (0, 0, 0), (68.0, 7.0, 0), (-30.0, 0, 32), (84.0, 0, 40)]
[(34.0, 217.0, 147.5), (26.0, 225.0, 147.5), (42.0, 225.0, 147.5), (-4.0, 201.0, 61), (70.0, 197.0, 73), (10.0, 114.0, -41), (59.0, 113.0, -32), (-33.0, 80.0, 34), (89.0, 77.0, 45), (-9.0, 13.0, 0), (76.0, 14.0, 0), (0, 0, 0), (69.0, 5.0, 0), (-29.0, 0, 33), (87.0, 0, 40)]
[(36.0, 212.0, 147.5), (27.0, 221.0, 147.5), (43.0, 221.0, 147.5), (-2.0, 200.0, 59), (70.0, 196.0, 73), (10.0, 114.0, -44), (58.0, 112.0, -32), (-34.0, 81.0, 31), (90.0, 78.0, 45), (-9.0, 13.0, 0), (76.0, 15.0, 0), (0, 0, 0), (69.0, 4.0, 0), (-29.0, 0, 33), (90.0, 0, 38)]
[(36.0, 206.0, 143.5), (27.0, 216.0, 143.5), (44.0, 216.0, 143.5), (-3.0, 194.0, 58), (70.0, 190.0, 67), (9.0, 109.0, -46), (58.0, 108.0, -40), (-34.0, 80.0, 31), (90.0, 79.0, 39), (-9.0, 12.0, 0), (76.0, 12.0, 0), (0, 0, 0), (69.0, 1.0, 0), (-29.0, 0, 33), (90.0, 0, 38)]
[(35.0, 202.0, 138.0), (26.0, 211.0, 138.0), (43.0, 211.0, 138.0), (-4.0, 191.0, 53), (68.0, 190.0, 66), (8.0, 107.0, -52), (56.0, 107.0, -40), (-36.0, 81.0, 25), (89.0, 79.0, 39), (-10.0, 11.0, 0), (75.0, 12.0, 0), (0, 0, 0), (68.0, 1.0, 0), (-29.0, 0, 33), (88.0, 0, 39)]
[(36.0, 200.0, 135.0), (27.0, 210.0, 135.0), (44.0, 209.0, 135.0), (-4.0, 190.0, 49), (66.0, 190.0, 68), (8.0, 107.0, -57), (56.0, 107.0, -38), (-36.0, 82.0, 21), (89.0, 79.0, 41), (-9.0, 11.0, 0), (75.0, 13.0, 0), (0, 0, 0), (68.0, 1.0, 0), (-29.0, 0, 33), (89.0, 0, 38)]
[(36.0, 198.0, 132.5), (27.0, 208.0, 132.5), (44.0, 207.0, 132.5), (-3.0, 188.0, 46), (67.0, 187.0, 69), (9.0, 105.0, -60), (56.0, 104.0, -37), (-36.0, 82.0, 18), (89.0, 78.0, 42), (-9.0, 10.0, 0), (75.0, 13.0, 0), (0, 0, 0), (68.0, 2.0, 0), (-29.0, 0, 33), (88.0, 0, 39)]
[(36.0, 199.0, 138.0), (27.0, 209.0, 138.0), (44.0, 208.0, 138.0), (-3.0, 188.0, 51), (67.0, 186.0, 70), (9.0, 106.0, -56), (56.0, 105.0, -37), (-35.0, 81.0, 22), (89.0, 77.0, 42), (-9.0, 10.0, 0), (75.0, 12.0, 0), (0, 0, 0), (69.0, 1.0, 0), (-29.0, 0, 33), (88.0, 0, 39)]
[(36.0, 202.0, 131.0), (27.0, 211.0, 131.0), (45.0, 210.0, 131.0), (-3.0, 190.0, 45), (66.0, 189.0, 68), (9.0, 107.0, -61), (56.0, 106.0, -38), (-33.0, 83.0, 18), (88.0, 78.0, 41), (-9.0, 10.0, 0), (76.0, 12.0, 0), (0, 0, 0), (69.0, 2.0, 0), (-29.0, 0, 33), (87.0, 0, 40)]
[(36.0, 204.0, 130.5), (27.0, 213.0, 130.5), (45.0, 213.0, 130.5), (-3.0, 192.0, 45), (66.0, 190.0, 67), (9.0, 108.0, -60), (56.0, 106.0, -38), (-31.0, 83.0, 20), (87.0, 79.0, 42), (-9.0, 10.0, 0), (76.0, 13.0, 0), (0, 0, 0), (70.0, 4.0, 0), (-28.0, 0, 34), (85.0, 0, 41)]
[(37.0, 207.0, 136.0), (28.0, 216.0, 136.0), (46.0, 215.0, 136.0), (-3.0, 194.0, 48), (67.0, 193.0, 72), (9.0, 112.0, -59), (57.0, 112.0, -35), (-29.0, 83.0, 21), (86.0, 79.0, 43), (-8.0, 10.0, 0), (76.0, 14.0, 0), (0, 0, 0), (71.0, 5.0, 0), (-28.0, 0, 34), (85.0, 0, 41)]
[(37.0, 212.0, 140.0), (28.0, 221.0, 140.0), (45.0, 220.0, 140.0), (-3.0, 199.0, 51), (68.0, 198.0, 74), (9.0, 120.0, -58), (56.0, 120.0, -35), (-27.0, 84.0, 20), (84.0, 80.0, 41), (-8.0, 10.0, 0), (77.0, 13.0, 0), (0, 0, 0), (71.0, 4.0, 0), (-27.0, 0, 35), (85.0, 0, 41)]
[(37.0, 223.0, 142.5), (28.0, 231.0, 142.5), (45.0, 231.0, 142.5), (-2.0, 206.0, 55), (68.0, 206.0, 73), (9.0, 127.0, -54), (57.0, 128.0, -37), (-24.0, 86.0, 22), (81.0, 84.0, 38), (-8.0, 12.0, 0), (76.0, 15.0, 0), (0, 0, 0), (71.0, 5.0, 0), (-28.0, 0, 34), (85.0, 0, 41)]
[(38.0, 232.0, 141.0), (29.0, 240.0, 141.0), (46.0, 240.0, 141.0), (-1.0, 214.0, 54), (69.0, 214.0, 74), (10.0, 136.0, -56), (57.0, 136.0, -35), (-18.0, 88.0, 18), (79.0, 86.0, 36), (-7.0, 12.0, 0), (77.0, 16.0, 0), (0, 0, 0), (71.0, 5.0, 0), (-27.0, 0, 35), (86.0, 0, 41)]
[(38.0, 242.0, 130.0), (29.0, 249.0, 130.0), (46.0, 249.0, 130.0), (-0.0, 221.0, 44), (70.0, 220.0, 74), (11.0, 141.0, -64), (58.0, 142.0, -35), (-15.0, 90.0, 9), (77.0, 87.0, 34), (-7.0, 12.0, 0), (77.0, 16.0, 0), (0, 0, 0), (71.0, 5.0, 0), (-27.0, 0, 35), (86.0, 0, 41)]
[(38.0, 251.0, 114.5), (29.0, 258.0, 114.5), (46.0, 258.0, 114.5), (1.0, 226.0, 35), (71.0, 226.0, 65), (12.0, 144.0, -72), (59.0, 145.0, -42), (-13.0, 91.0, 0), (76.0, 90.0, 27), (-7.0, 12.0, 0), (76.0, 16.0, 0), (0, 0, 0), (71.0, 5.0, 0), (-26.0, 0, 35), (84.0, 0, 42)]
[(37.0, 257.0, 109.5), (28.0, 265.0, 109.5), (45.0, 265.0, 109.5), (-0.0, 230.0, 33), (71.0, 231.0, 59), (14.0, 145.0, -71), (60.0, 145.0, -44), (-13.0, 92.0, 0), (74.0, 88.0, 24), (-8.0, 11.0, 0), (75.0, 13.0, 0), (0, 0, 0), (70.0, 3.0, 0), (-27.0, 0, 35), (83.0, 0, 42)]
[(37.0, 267.0, 108.0), (29.0, 274.0, 108.0), (45.0, 275.0, 108.0), (-0.0, 239.0, 32), (73.0, 240.0, 60), (14.0, 152.0, -70), (61.0, 152.0, -42), (-8.0, 95.0, 0), (74.0, 89.0, 21), (-8.0, 11.0, 0), (74.0, 13.0, 0), (0, 0, 0), (70.0, 3.0, 0), (-26.0, 0, 35), (83.0, 0, 42)]
[(37.0, 278.0, 106.5), (29.0, 285.0, 106.5), (45.0, 286.0, 106.5), (-1.0, 250.0, 31), (74.0, 249.0, 61), (14.0, 156.0, -65), (61.0, 155.0, -35), (-9.0, 94.0, 0), (73.0, 88.0, 24), (-8.0, 11.0, 0), (74.0, 13.0, 0), (0, 0, 0), (69.0, 3.0, 0), (-27.0, 0, 35), (83.0, 0, 41)]
[(38.0, 291.0, 110.0), (30.0, 299.0, 110.0), (46.0, 299.0, 110.0), (-2.0, 260.0, 32), (75.0, 259.0, 70), (15.0, 162.0, -59), (62.0, 162.0, -23), (-8.0, 94.0, 0), (75.0, 88.0, 27), (-7.0, 11.0, 0), (75.0, 14.0, 0), (0, 0, 0), (71.0, 5.0, 0), (-26.0, 0, 35), (84.0, 0, 42)]
[(39.0, 300.0, 113.5), (31.0, 308.0, 113.5), (46.0, 308.0, 113.5), (-3.0, 269.0, 34), (75.0, 268.0, 73), (14.0, 167.0, -53), (62.0, 168.0, -17), (-7.0, 94.0, 0), (75.0, 89.0, 24), (-7.0, 12.0, 0), (75.0, 14.0, 0), (0, 0, 0), (71.0, 5.0, 0), (-26.0, 0, 35), (84.0, 0, 42)]
[(39.0, 309.0, 117.0), (32.0, 318.0, 117.0), (46.0, 317.0, 117.0), (-3.0, 275.0, 39), (77.0, 274.0, 74), (14.0, 172.0, -47), (62.0, 173.0, -14), (-4.0, 94.0, 0), (75.0, 90.0, 19), (-7.0, 12.0, 0), (76.0, 13.0, 2), (0, 0, 0), (73.0, 5.0, 0), (-26.0, 0, 35), (84.0, 0, 42)]
[(40.0, 343.0, 109.5), (32.0, 352.0, 109.5), (47.0, 351.0, 109.5), (-3.0, 297.0, 36), (79.0, 297.0, 91), (16.0, 181.0, -31), (64.0, 181.0, 23), (-1.0, 95.0, 0), (76.0, 90.0, 23), (-6.0, 13.0, 0), (78.0, 14.0, 2), (0, 0, 0), (75.0, 6.0, 0), (-25.0, 0, 36), (85.0, 0, 42)]