[(40.0, 389.0, 87.5), (31.0, 398.0, 87.5), (47.0, 398.0, 87.5), (-7.0, 341.0, 43), (81.0, 338.0, 27), (12.0, 207.0, 21), (64.0, 207.0, 0), (-4.0, 104.0, 21), (88.0, 109.0, 0), (-8.0, 11.0, 0), (98.0, 12.0, 0), (0, 0, 0), (92.0, 1.0, 0), (-35.0, 0, 31), (121.0, 0, 37)]
[(40.0, 389.0, 60.5), (31.0, 398.0, 60.5), (47.0, 398.0, 60.5), (-7.0, 342.0, 21), (82.0, 339.0, 13), (12.0, 206.0, 21), (64.0, 206.0, 1), (-4.0, 104.0, 21), (87.0, 110.0, 2), (-8.0, 11.0, 0), (98.0, 11.0, 2), (0, 0, 0), (92.0, 1.0, 0), (-37.0, 0, 29), (121.0, 0, 37)]
[(39.0, 394.0, 64.0), (30.0, 404.0, 64.0), (47.0, 404.0, 64.0), (-8.0, 343.0, 29), (82.0, 341.0, 16), (12.0, 208.0, 16), (64.0, 208.0, 4), (-2.0, 105.0, 16), (84.0, 110.0, 4), (-8.0, 11.0, 0), (97.0, 11.0, 4), (0, 0, 0), (92.0, 1.0, 0), (-37.0, 0, 29), (120.0, 0, 38)]
[(39.0, 398.0, 68.0), (30.0, 408.0, 68.0), (47.0, 408.0, 68.0), (-7.0, 343.0, 31), (82.0, 343.0, 32), (13.0, 211.0, 0), (65.0, 212.0, 5), (1.0, 107.0, 0), (80.0, 111.0, 5), (-8.0, 11.0, 0), (96.0, 11.0, 5), (0, 0, 0), (92.0, 1.0, 0), (-36.0, 0, 30), (118.0, 0, 39)]
[(38.0, 398.0, 67.5), (29.0, 408.0, 67.5), (47.0, 408.0, 67.5), (-7.0, 343.0, 31), (82.0, 343.0, 31), (13.0, 211.0, 0), (64.0, 212.0, 5), (4.0, 107.0, 0), (79.0, 112.0, 5), (-8.0, 12.0, 0), (95.0, 11.0, 5), (0, 0, 0), (91.0, 1.0, 0), (-36.0, 0, 30), (117.0, 0, 39)]
[(38.0, 399.0, 57.0), (29.0, 408.0, 57.0), (47.0, 408.0, 57.0), (-7.0, 344.0, 25), (82.0, 344.0, 22), (14.0, 211.0, 0), (64.0, 212.0, 2), (5.0, 108.0, 0), (79.0, 111.0, 2), (-8.0, 12.0, 0), (95.0, 12.0, 2), (0, 0, 0), (91.0, 1.0, 0), (-36.0, 0, 30), (117.0, 0, 39)]
[(39.0, 399.0, 53.5), (30.0, 408.0, 53.5), (48.0, 408.0, 53.5), (-6.0, 345.0, 20), (83.0, 344.0, 23), (15.0, 211.0, 0), (66.0, 212.0, 2), (5.0, 108.0, 0), (80.0, 111.0, 2), (-7.0, 12.0, 0), (96.0, 12.0, 2), (0, 0, 0), (92.0, 1.0, 0), (-34.0, 0, 33), (118.0, 0, 39)]
[(39.0, 399.0, 52.5), (30.0, 408.0, 52.5), (48.0, 408.0, 52.5), (-6.0, 345.0, 19), (83.0, 344.0, 23), (16.0, 211.0, 0), (66.0, 212.0, 2), (5.0, 108.0, 0), (80.0, 111.0, 2), (-6.0, 12.0, 0), (96.0, 13.0, 2), (0, 0, 0), (92.0, 2.0, 0), (-34.0, 0, 33), (118.0, 0, 39)]
[(39.0, 399.0, 55.0), (30.0, 408.0, 55.0), (48.0, 408.0, 55.0), (-6.0, 346.0, 23), (83.0, 345.0, 16), (16.0, 212.0, 4), (66.0, 212.0, 2), (4.0, 108.0, 4), (80.0, 111.0, 2), (-6.0, 13.0, 0), (96.0, 14.0, 2), (0, 0, 0), (92.0, 3.0, 0), (-34.0, 0, 33), (117.0, 0, 40)]
[(39.0, 399.0, 57.5), (30.0, 408.0, 57.5), (48.0, 408.0, 57.5), (-6.0, 346.0, 23), (83.0, 344.0, 23), (16.0, 212.0, 4), (66.0, 212.0, 2), (4.0, 108.0, 4), (80.0, 111.0, 2), (-6.0, 13.0, 0), (96.0, 14.0, 2), (0, 0, 0), (92.0, 3.0, 0), (-34.0, 0, 33), (117.0, 0, 40)]
[(39.0, 400.0, 63.0), (30.0, 409.0, 63.0), (48.0, 408.0, 63.0), (-6.0, 346.0, 29), (83.0, 345.0, 24), (16.0, 213.0, 4), (66.0, 213.0, 3), (4.0, 109.0, 4), (80.0, 112.0, 3), (-6.0, 14.0, 0), (95.0, 15.0, 3), (0, 0, 0), (92.0, 4.0, 0), (-34.0, 0, 33), (116.0, 0, 40)]
[(38.0, 400.0, 63.0), (29.0, 409.0, 63.0), (47.0, 408.0, 63.0), (-7.0, 346.0, 29), (82.0, 345.0, 24), (15.0, 213.0, 4), (65.0, 213.0, 3), (3.0, 109.0, 4), (79.0, 112.0, 3), (-7.0, 14.0, 0), (94.0, 15.0, 3), (0, 0, 0), (91.0, 4.0, 0), (-35.0, 0, 31), (115.0, 0, 40)]
[(38.0, 398.0, 70.5), (29.0, 407.0, 70.5), (47.0, 406.0, 70.5), (-7.0, 345.0, 32), (83.0, 344.0, 29), (15.0, 212.0, 7), (65.0, 213.0, 3), (1.0, 109.0, 7), (80.0, 112.0, 3), (-7.0, 14.0, 0), (94.0, 15.0, 3), (0, 0, 0), (91.0, 4.0, 0), (-35.0, 0, 31), (115.0, 0, 40)]
[(39.0, 398.0, 70.5), (30.0, 407.0, 70.5), (48.0, 406.0, 70.5), (-7.0, 344.0, 38), (84.0, 344.0, 19), (15.0, 212.0, 9), (65.0, 212.0, 0), (-2.0, 109.0, 9), (82.0, 111.0, 0), (-7.0, 14.0, 0), (94.0, 15.0, 0), (0, 0, 0), (91.0, 3.0, 0), (-36.0, 0, 30), (115.0, 0, 40)]
[(41.0, 390.0, 31.5), (32.0, 400.0, 31.5), (49.0, 399.0, 31.5), (-6.0, 340.0, 1), (86.0, 337.0, 5), (15.0, 204.0, 1), (65.0, 205.0, -12), (-5.0, 109.0, 10), (86.0, 110.0, 4), (-7.0, 14.0, 0), (94.0, 14.0, 3), (0, 0, 0), (91.0, 3.0, 0), (-35.0, 0, 31), (115.0, 0, 40)]
[(43.0, 388.0, 15.5), (33.0, 397.0, 15.5), (50.0, 396.0, 15.5), (-6.0, 338.0, -11), (87.0, 335.0, -3), (15.0, 202.0, -11), (66.0, 202.0, -10), (-5.0, 109.0, 10), (88.0, 109.0, 14), (-7.0, 14.0, 0), (95.0, 14.0, 0), (0, 0, 0), (91.0, 2.0, 0), (-35.0, 0, 31), (116.0, 0, 40)]
[(45.0, 377.0, 45.5), (34.0, 386.0, 45.5), (51.0, 386.0, 45.5), (-6.0, 328.0, 14), (87.0, 327.0, 1), (14.0, 194.0, -7), (66.0, 195.0, -16), (-7.0, 105.0, 26), (92.0, 107.0, 20), (-7.0, 13.0, 0), (95.0, 13.0, 0), (0, 0, 0), (90.0, 1.0, 0), (-35.0, 0, 31), (117.0, 0, 38)]
[(45.0, 372.0, 73.0), (35.0, 382.0, 73.0), (52.0, 381.0, 73.0), (-6.0, 326.0, 30), (87.0, 325.0, 14), (14.0, 194.0, -1), (66.0, 194.0, -10), (-8.0, 104.0, 29), (93.0, 106.0, 25), (-7.0, 13.0, 0), (95.0, 13.0, 0), (0, 0, 0), (91.0, 1.0, 0), (-34.0, 0, 33), (118.0, 0, 38)]
[(46.0, 359.0, 79.0), (35.0, 369.0, 79.0), (53.0, 368.0, 79.0), (-6.0, 314.0, 33), (88.0, 313.0, 18), (13.0, 184.0, -6), (66.0, 185.0, -18), (-10.0, 100.0, 37), (98.0, 104.0, 28), (-8.0, 12.0, 0), (96.0, 12.0, 0), (0, 0, 0), (91.0, 0.0, 0), (-34.0, 0, 33), (118.0, 0, 38)]
[(43.0, 333.0, 107.5), (35.0, 342.0, 107.5), (51.0, 342.0, 107.5), (-6.0, 290.0, 50), (88.0, 289.0, 37), (13.0, 174.0, -20), (66.0, 173.0, -28), (-13.0, 100.0, 37), (102.0, 103.0, 31), (-8.0, 12.0, 0), (97.0, 12.0, 0), (0, 0, 0), (91.0, 1.0, 0), (-34.0, 0, 33), (118.0, 0, 38)]
[(43.0, 316.0, 127.0), (35.0, 323.0, 127.0), (50.0, 324.0, 127.0), (-4.0, 273.0, 60), (88.0, 272.0, 56), (13.0, 162.0, -18), (67.0, 163.0, -20), (-17.0, 95.0, 46), (106.0, 97.0, 42), (-8.0, 12.0, 0), (98.0, 11.0, 0), (0, 0, 0), (91.0, 0.0, 0), (-32.0, 0, 34), (118.0, 0, 38)]
[(42.0, 312.0, 122.0), (35.0, 321.0, 122.0), (50.0, 321.0, 122.0), (-3.0, 272.0, 54), (88.0, 269.0, 54), (13.0, 160.0, -23), (67.0, 159.0, -21), (-17.0, 96.0, 44), (106.0, 96.0, 44), (-8.0, 12.0, 0), (98.0, 11.0, 0), (0, 0, 0), (91.0, 0.0, 0), (-31.0, 0, 35), (119.0, 0, 38)]
[(42.0, 295.0, 130.0), (35.0, 304.0, 130.0), (49.0, 303.0, 130.0), (-2.0, 259.0, 54), (88.0, 256.0, 62), (13.0, 151.0, -29), (67.0, 151.0, -19), (-19.0, 96.0, 44), (108.0, 93.0, 49), (-8.0, 12.0, 0), (98.0, 11.0, 0), (0, 0, 0), (91.0, -1.0, 0), (-30.0, 0, 36), (120.0, 0, 37)]
[(41.0, 262.0, 149.0), (34.0, 270.0, 149.0), (48.0, 271.0, 149.0), (-1.0, 233.0, 66), (86.0, 229.0, 66), (13.0, 134.0, -27), (66.0, 134.0, -27), (-23.0, 90.0, 52), (109.0, 91.0, 50), (-9.0, 11.0, 0), (97.0, 10.0, 0), (0, 0, 0), (90.0, -1.0, 0), (-31.0, 0, 35), (119.0, 0, 37)]
[(40.0, 261.0, 158.0), (33.0, 270.0, 158.0), (48.0, 269.0, 158.0), (-2.0, 231.0, 73), (85.0, 227.0, 72), (12.0, 135.0, -23), (64.0, 136.0, -25), (-24.0, 88.0, 54), (109.0, 91.0, 50), (-10.0, 11.0, 0), (96.0, 10.0, 0), (0, 0, 0), (89.0, -1.0, 0), (-31.0, 0, 35), (118.0, 0, 37)]
[(41.0, 247.0, 154.5), (33.0, 255.0, 154.5), (49.0, 255.0, 154.5), (-1.0, 220.0, 71), (85.0, 218.0, 65), (15.0, 126.0, -27), (65.0, 127.0, -32), (-25.0, 89.0, 53), (110.0, 92.0, 48), (-10.0, 11.0, 0), (96.0, 10.0, 0), (0, 0, 0), (88.0, -1.0, 0), (-31.0, 0, 35), (118.0, 0, 36)]
[(41.0, 225.0, 149.0), (33.0, 234.0, 149.0), (49.0, 234.0, 149.0), (-1.0, 201.0, 67), (84.0, 201.0, 58), (17.0, 109.0, -33), (65.0, 109.0, -38), (-26.0, 90.0, 52), (112.0, 93.0, 47), (-10.0, 12.0, 0), (96.0, 11.0, 0), (0, 0, 0), (88.0, -1.0, 0), (-31.0, 0, 35), (118.0, 0, 36)]
[(42.0, 215.0, 144.5), (34.0, 224.0, 144.5), (50.0, 224.0, 144.5), (-0.0, 196.0, 62), (84.0, 193.0, 55), (17.0, 101.0, -35), (65.0, 100.0, -40), (-27.0, 90.0, 51), (114.0, 93.0, 45), (-10.0, 11.0, 0), (96.0, 10.0, 0), (0, 0, 0), (87.0, -2.0, 0), (-31.0, 0, 35), (118.0, 0, 35)]
[(42.0, 214.0, 146.0), (34.0, 224.0, 146.0), (50.0, 224.0, 146.0), (-1.0, 194.0, 65), (84.0, 192.0, 52), (18.0, 100.0, -33), (65.0, 98.0, -42), (-28.0, 89.0, 52), (114.0, 94.0, 43), (-10.0, 11.0, 0), (96.0, 10.0, 0), (0, 0, 0), (87.0, -2.0, 0), (-31.0, 0, 35), (118.0, 0, 35)]
[(42.0, 205.0, 148.5), (33.0, 214.0, 148.5), (50.0, 214.0, 148.5), (-0.0, 188.0, 65), (84.0, 185.0, 55), (19.0, 94.0, -33), (65.0, 92.0, -40), (-30.0, 90.0, 51), (114.0, 94.0, 45), (-10.0, 12.0, 0), (96.0, 11.0, 0), (0, 0, 0), (87.0, -1.0, 0), (-31.0, 0, 35), (118.0, 0, 35)]
[(42.0, 203.0, 150.0), (33.0, 214.0, 150.0), (50.0, 214.0, 150.0), (-0.0, 187.0, 65), (84.0, 183.0, 58), (18.0, 93.0, -33), (64.0, 91.0, -38), (-30.0, 90.0, 51), (115.0, 94.0, 46), (-10.0, 12.0, 0), (96.0, 12.0, 0), (0, 0, 0), (87.0, -1.0, 0), (-30.0, 0, 36), (118.0, 0, 35)]
[(42.0, 208.0, 148.5), (33.0, 217.0, 148.5), (50.0, 217.0, 148.5), (-0.0, 188.0, 65), (84.0, 185.0, 59), (19.0, 94.0, -33), (64.0, 93.0, -37), (-30.0, 90.0, 51), (116.0, 94.0, 46), (-10.0, 12.0, 0), (96.0, 12.0, 0), (0, 0, 0), (86.0, -1.0, 0), (-30.0, 0, 36), (118.0, 0, 34)]
[(41.0, 207.0, 149.5), (33.0, 216.0, 149.5), (50.0, 216.0, 149.5), (-0.0, 187.0, 65), (84.0, 185.0, 59), (19.0, 93.0, -33), (64.0, 93.0, -37), (-30.0, 89.0, 51), (116.0, 93.0, 46), (-10.0, 11.0, 0), (96.0, 11.0, 0), (0, 0, 0), (86.0, -2.0, 0), (-31.0, 0, 35), (118.0, 0, 34)]
[(42.0, 211.0, 147.5), (34.0, 220.0, 147.5), (50.0, 220.0, 147.5), (1.0, 192.0, 64), (83.0, 190.0, 57), (19.0, 97.0, -33), (64.0, 96.0, -37), (-29.0, 89.0, 51), (116.0, 93.0, 46), (-10.0, 11.0, 0), (96.0, 11.0, 0), (0, 0, 0), (86.0, -2.0, 0), (-30.0, 0, 36), (118.0, 0, 34)]
[(42.0, 213.0, 146.0), (34.0, 221.0, 146.0), (50.0, 221.0, 146.0), (1.0, 193.0, 62), (82.0, 191.0, 58), (19.0, 97.0, -34), (64.0, 98.0, -37), (-29.0, 90.0, 50), (116.0, 93.0, 46), (-10.0, 11.0, 0), (96.0, 11.0, 0), (0, 0, 0), (86.0, -1.0, 0), (-30.0, 0, 36), (118.0, 0, 34)]
[(42.0, 222.0, 157.0), (34.0, 230.0, 157.0), (50.0, 230.0, 157.0), (1.0, 201.0, 72), (82.0, 205.0, 60), (19.0, 113.0, -31), (66.0, 113.0, -37), (-29.0, 89.0, 50), (115.0, 92.0, 46), (-10.0, 10.0, 0), (96.0, 10.0, 0), (0, 0, 0), (86.0, -2.0, 0), (-30.0, 0, 36), (118.0, 0, 34)]
[(43.0, 241.0, 165.0), (35.0, 249.0, 165.0), (51.0, 249.0, 165.0), (3.0, 214.0, 76), (83.0, 214.0, 74), (19.0, 123.0, -25), (67.0, 125.0, -26), (-26.0, 88.0, 54), (115.0, 90.0, 52), (-9.0, 11.0, 0), (97.0, 11.0, 0), (0, 0, 0), (88.0, -2.0, 0), (-29.0, 0, 37), (119.0, 0, 35)]
[(44.0, 258.0, 160.5), (35.0, 266.0, 160.5), (51.0, 266.0, 160.5), (3.0, 228.0, 74), (83.0, 225.0, 75), (17.0, 132.0, -22), (66.0, 134.0, -23), (-25.0, 88.0, 54), (113.0, 90.0, 51), (-9.0, 11.0, 0), (97.0, 10.0, 0), (0, 0, 0), (88.0, -3.0, 0), (-29.0, 0, 37), (119.0, 0, 35)]
[(44.0, 259.0, 164.0), (36.0, 267.0, 164.0), (51.0, 267.0, 164.0), (3.0, 231.0, 75), (81.0, 228.0, 76), (15.0, 135.0, -22), (65.0, 137.0, -22), (-24.0, 88.0, 54), (112.0, 90.0, 51), (-9.0, 11.0, 0), (97.0, 10.0, 0), (0, 0, 0), (88.0, -3.0, 0), (-29.0, 0, 37), (119.0, 0, 35)]
[(41.0, 295.0, 166.0), (33.0, 305.0, 166.0), (48.0, 305.0, 166.0), (3.0, 262.0, 79), (83.0, 258.0, 80), (15.0, 158.0, -9), (65.0, 159.0, -9), (-21.0, 91.0, 52), (109.0, 93.0, 49), (-9.0, 12.0, 0), (97.0, 11.0, 0), (0, 0, 0), (88.0, -2.0, 0), (-29.0, 0, 37), (119.0, 0, 35)]
[(41.0, 319.0, 158.5), (33.0, 327.0, 158.5), (48.0, 327.0, 158.5), (2.0, 278.0, 78), (83.0, 277.0, 79), (15.0, 171.0, -6), (65.0, 171.0, -2), (-17.0, 95.0, 46), (105.0, 95.0, 46), (-9.0, 12.0, 0), (97.0, 11.0, 0), (0, 0, 0), (88.0, -2.0, 0), (-28.0, 0, 38), (119.0, 0, 35)]
[(41.0, 341.0, 135.5), (33.0, 348.0, 135.5), (48.0, 348.0, 135.5), (1.0, 296.0, 65), (83.0, 294.0, 69), (14.0, 184.0, -13), (65.0, 183.0, -5), (-14.0, 102.0, 31), (101.0, 101.0, 36), (-9.0, 12.0, 0), (97.0, 12.0, 0), (0, 0, 0), (89.0, -2.0, 0), (-28.0, 0, 38), (119.0, 0, 36)]
[(40.0, 337.0, 143.0), (32.0, 346.0, 143.0), (46.0, 346.0, 143.0), (-0.0, 296.0, 68), (84.0, 295.0, 68), (14.0, 184.0, -9), (65.0, 184.0, -6), (-13.0, 101.0, 34), (100.0, 102.0, 36), (-8.0, 12.0, 0), (97.0, 13.0, 0), (0, 0, 0), (89.0, -1.0, 0), (-29.0, 0, 37), (119.0, 0, 36)]
[(41.0, 370.0, 119.0), (34.0, 379.0, 119.0), (48.0, 378.0, 119.0), (-0.0, 324.0, 55), (86.0, 322.0, 58), (14.0, 201.0, -3), (66.0, 199.0, 7), (-8.0, 107.0, 10), (96.0, 106.0, 21), (-7.0, 12.0, 0), (98.0, 12.0, 0), (0, 0, 0), (91.0, -1.0, 0), (-31.0, 0, 35), (121.0, 0, 36)]