[(33.0, 337.0, 46.5), (24.0, 345.0, 46.5), (40.0, 344.0, 46.5), (-10.0, 285.0, 32), (72.0, 287.0, 25), (9.0, 175.0, -42), (59.0, 174.0, -45), (-7.0, 94.0, 0), (74.0, 94.0, 0), (-8.0, 14.0, 0), (73.0, 16.0, 0), (0, 0, 0), (68.0, 6.0, 0), (-29.0, 0, 32), (80.0, 0, 41)]
[(34.0, 349.0, 48.0), (25.0, 356.0, 48.0), (41.0, 355.0, 48.0), (-10.0, 294.0, 32), (73.0, 294.0, 32), (10.0, 179.0, -33), (59.0, 179.0, -34), (-5.0, 94.0, 0), (74.0, 95.0, 3), (-7.0, 13.0, 0), (74.0, 19.0, 2), (0, 0, 0), (71.0, 11.0, 0), (-28.0, 0, 33), (81.0, 0, 41)]
[(34.0, 354.0, 53.0), (26.0, 363.0, 53.0), (41.0, 362.0, 53.0), (-11.0, 301.0, 32), (73.0, 300.0, 42), (10.0, 184.0, -29), (60.0, 184.0, -23), (-3.0, 97.0, 0), (72.0, 96.0, 4), (-6.0, 14.0, 0), (74.0, 18.0, 4), (0, 0, 0), (71.0, 11.0, 0), (-28.0, 0, 33), (81.0, 0, 41)]
[(35.0, 360.0, 55.5), (26.0, 368.0, 55.5), (41.0, 368.0, 55.5), (-11.0, 307.0, 35), (73.0, 305.0, 41), (10.0, 186.0, -18), (60.0, 186.0, -18), (-2.0, 96.0, 0), (72.0, 96.0, 2), (-6.0, 14.0, 0), (75.0, 18.0, 2), (0, 0, 0), (72.0, 10.0, 0), (-29.0, 0, 32), (82.0, 0, 41)]
[(34.0, 363.0, 53.5), (25.0, 371.0, 53.5), (40.0, 371.0, 53.5), (-12.0, 312.0, 36), (73.0, 309.0, 35), (9.0, 189.0, -12), (59.0, 188.0, -19), (-3.0, 98.0, 0), (70.0, 98.0, 1), (-7.0, 14.0, 0), (74.0, 18.0, 1), (0, 0, 0), (70.0, 10.0, 0), (-30.0, 0, 31), (81.0, 0, 41)]
[(34.0, 368.0, 59.0), (25.0, 376.0, 59.0), (41.0, 376.0, 59.0), (-12.0, 315.0, 46), (73.0, 313.0, 26), (9.0, 191.0, 0), (59.0, 190.0, -24), (-2.0, 99.0, 0), (70.0, 101.0, 0), (-7.0, 14.0, 0), (74.0, 19.0, 0), (0, 0, 0), (70.0, 10.0, 0), (-30.0, 0, 31), (81.0, 0, 41)]
[(32.0, 369.0, 59.5), (23.0, 377.0, 59.5), (39.0, 377.0, 59.5), (-14.0, 316.0, 46), (71.0, 316.0, 27), (7.0, 192.0, 0), (57.0, 192.0, -20), (-4.0, 99.0, 0), (68.0, 102.0, 0), (-8.0, 14.0, 0), (72.0, 20.0, 0), (0, 0, 0), (68.0, 11.0, 0), (-33.0, 0, 28), (79.0, 0, 40)]
[(33.0, 370.0, 62.0), (23.0, 378.0, 62.0), (40.0, 378.0, 62.0), (-14.0, 317.0, 49), (71.0, 317.0, 26), (6.0, 194.0, 0), (57.0, 194.0, -24), (-5.0, 100.0, 0), (68.0, 105.0, 0), (-8.0, 14.0, 0), (73.0, 22.0, 0), (0, 0, 0), (69.0, 12.0, 0), (-34.0, 0, 27), (80.0, 0, 40)]
[(32.0, 371.0, 56.5), (22.0, 379.0, 56.5), (39.0, 380.0, 56.5), (-15.0, 319.0, 43), (70.0, 318.0, 27), (5.0, 194.0, 0), (56.0, 194.0, -20), (-5.0, 100.0, 0), (68.0, 104.0, 0), (-8.0, 15.0, 0), (72.0, 21.0, 0), (0, 0, 0), (68.0, 12.0, 0), (-34.0, 0, 27), (79.0, 0, 40)]
[(32.0, 372.0, 56.5), (22.0, 380.0, 56.5), (39.0, 381.0, 56.5), (-15.0, 320.0, 43), (71.0, 319.0, 27), (5.0, 195.0, 0), (55.0, 195.0, -20), (-5.0, 101.0, 0), (67.0, 105.0, 0), (-8.0, 15.0, 0), (72.0, 21.0, 0), (0, 0, 0), (68.0, 12.0, 0), (-34.0, 0, 27), (79.0, 0, 40)]
[(32.0, 372.0, 56.0), (22.0, 380.0, 56.0), (39.0, 381.0, 56.0), (-14.0, 319.0, 44), (71.0, 318.0, 24), (5.0, 194.0, 0), (55.0, 193.0, -20), (-5.0, 100.0, 0), (67.0, 103.0, 0), (-8.0, 14.0, 0), (72.0, 19.0, 0), (0, 0, 0), (68.0, 10.0, 0), (-34.0, 0, 27), (79.0, 0, 41)]
[(32.0, 373.0, 53.5), (22.0, 381.0, 53.5), (40.0, 381.0, 53.5), (-14.0, 319.0, 41), (71.0, 318.0, 25), (4.0, 193.0, 0), (54.0, 193.0, -19), (-5.0, 100.0, 0), (66.0, 103.0, 1), (-8.0, 14.0, 0), (72.0, 18.0, 1), (0, 0, 0), (68.0, 10.0, 0), (-34.0, 0, 27), (79.0, 0, 41)]
[(32.0, 374.0, 50.0), (22.0, 382.0, 50.0), (40.0, 382.0, 50.0), (-14.0, 319.0, 41), (71.0, 319.0, 18), (4.0, 193.0, 0), (54.0, 193.0, -23), (-5.0, 100.0, 0), (66.0, 104.0, 1), (-8.0, 14.0, 0), (72.0, 19.0, 1), (0, 0, 0), (68.0, 11.0, 0), (-35.0, 0, 26), (79.0, 0, 40)]
[(32.0, 373.0, 39.5), (22.0, 381.0, 39.5), (40.0, 382.0, 39.5), (-13.0, 319.0, 33), (71.0, 319.0, 13), (4.0, 192.0, -6), (54.0, 192.0, -24), (-5.0, 100.0, 0), (66.0, 103.0, 0), (-8.0, 14.0, 0), (71.0, 19.0, 0), (0, 0, 0), (68.0, 10.0, 0), (-35.0, 0, 26), (79.0, 0, 41)]
[(32.0, 374.0, 42.5), (22.0, 382.0, 42.5), (40.0, 382.0, 42.5), (-14.0, 319.0, 38), (71.0, 318.0, 9), (4.0, 192.0, 0), (54.0, 191.0, -28), (-5.0, 99.0, 0), (65.0, 103.0, 0), (-8.0, 14.0, 0), (71.0, 19.0, 0), (0, 0, 0), (68.0, 10.0, 0), (-35.0, 0, 26), (78.0, 0, 41)]
[(31.0, 375.0, 36.5), (21.0, 382.0, 36.5), (39.0, 383.0, 36.5), (-14.0, 320.0, 29), (70.0, 319.0, 15), (3.0, 192.0, -6), (53.0, 192.0, -22), (-6.0, 100.0, 0), (65.0, 103.0, 2), (-9.0, 14.0, 0), (70.0, 19.0, 2), (0, 0, 0), (67.0, 11.0, 0), (-36.0, 0, 24), (77.0, 0, 41)]
[(31.0, 375.0, 50.5), (21.0, 382.0, 50.5), (39.0, 383.0, 50.5), (-14.0, 319.0, 39), (70.0, 318.0, 23), (3.0, 192.0, 0), (53.0, 192.0, -18), (-6.0, 99.0, 0), (64.0, 102.0, 2), (-9.0, 14.0, 0), (70.0, 19.0, 2), (0, 0, 0), (67.0, 11.0, 0), (-36.0, 0, 24), (77.0, 0, 41)]
[(31.0, 374.0, 50.0), (21.0, 382.0, 50.0), (39.0, 382.0, 50.0), (-14.0, 319.0, 39), (70.0, 318.0, 22), (3.0, 192.0, 0), (53.0, 192.0, -19), (-7.0, 99.0, 0), (65.0, 102.0, 1), (-9.0, 13.0, 0), (70.0, 19.0, 1), (0, 0, 0), (66.0, 11.0, 0), (-35.0, 0, 26), (77.0, 0, 40)]
[(31.0, 373.0, 37.5), (21.0, 382.0, 37.5), (39.0, 382.0, 37.5), (-14.0, 319.0, 31), (70.0, 318.0, 13), (3.0, 191.0, -4), (52.0, 191.0, -24), (-7.0, 99.0, 0), (64.0, 102.0, 0), (-9.0, 13.0, 0), (70.0, 18.0, 0), (0, 0, 0), (66.0, 9.0, 0), (-35.0, 0, 26), (77.0, 0, 41)]
[(31.0, 373.0, 41.5), (21.0, 381.0, 41.5), (39.0, 382.0, 41.5), (-14.0, 318.0, 35), (70.0, 318.0, 13), (3.0, 191.0, -4), (52.0, 191.0, -24), (-7.0, 99.0, 0), (64.0, 102.0, 0), (-9.0, 13.0, 0), (69.0, 18.0, 0), (0, 0, 0), (66.0, 9.0, 0), (-35.0, 0, 26), (77.0, 0, 41)]
[(32.0, 373.0, 44.5), (22.0, 382.0, 44.5), (40.0, 382.0, 44.5), (-14.0, 318.0, 38), (71.0, 319.0, 13), (4.0, 191.0, 0), (53.0, 191.0, -20), (-6.0, 98.0, 0), (65.0, 101.0, 0), (-8.0, 13.0, 0), (70.0, 18.0, 0), (0, 0, 0), (67.0, 9.0, 0), (-34.0, 0, 27), (78.0, 0, 41)]
[(32.0, 373.0, 39.0), (22.0, 381.0, 39.0), (40.0, 381.0, 39.0), (-14.0, 318.0, 31), (71.0, 319.0, 16), (4.0, 190.0, -4), (54.0, 191.0, -18), (-6.0, 98.0, 0), (65.0, 101.0, 2), (-8.0, 13.0, 0), (70.0, 18.0, 2), (0, 0, 0), (67.0, 10.0, 0), (-34.0, 0, 27), (78.0, 0, 41)]
[(32.0, 374.0, 39.0), (22.0, 382.0, 39.0), (40.0, 382.0, 39.0), (-14.0, 318.0, 31), (70.0, 319.0, 16), (4.0, 190.0, -4), (54.0, 191.0, -18), (-6.0, 98.0, 0), (66.0, 101.0, 2), (-8.0, 13.0, 0), (70.0, 18.0, 2), (0, 0, 0), (67.0, 10.0, 0), (-34.0, 0, 27), (78.0, 0, 41)]
[(32.0, 374.0, 44.5), (22.0, 382.0, 44.5), (40.0, 382.0, 44.5), (-14.0, 318.0, 35), (70.0, 320.0, 19), (4.0, 190.0, 0), (53.0, 191.0, -11), (-7.0, 97.0, 0), (67.0, 100.0, 2), (-8.0, 13.0, 0), (70.0, 18.0, 2), (0, 0, 0), (67.0, 10.0, 0), (-33.0, 0, 28), (78.0, 0, 41)]
[(32.0, 375.0, 41.0), (22.0, 382.0, 41.0), (39.0, 382.0, 41.0), (-14.0, 319.0, 31), (69.0, 320.0, 20), (3.0, 190.0, 0), (51.0, 191.0, -9), (-7.0, 96.0, 0), (67.0, 100.0, 2), (-8.0, 13.0, 0), (70.0, 18.0, 2), (0, 0, 0), (67.0, 10.0, 0), (-33.0, 0, 28), (78.0, 0, 41)]
[(31.0, 375.0, 42.0), (22.0, 382.0, 42.0), (39.0, 382.0, 42.0), (-14.0, 320.0, 27), (69.0, 320.0, 30), (3.0, 190.0, 0), (51.0, 191.0, 1), (-7.0, 96.0, 0), (68.0, 99.0, 1), (-8.0, 13.0, 0), (71.0, 18.0, 1), (0, 0, 0), (67.0, 10.0, 0), (-33.0, 0, 28), (78.0, 0, 41)]
[(30.0, 374.0, 44.0), (20.0, 382.0, 44.0), (38.0, 382.0, 44.0), (-14.0, 321.0, 28), (68.0, 320.0, 32), (2.0, 191.0, 0), (51.0, 191.0, 2), (-7.0, 96.0, 0), (68.0, 98.0, 2), (-8.0, 13.0, 0), (71.0, 18.0, 2), (0, 0, 0), (68.0, 10.0, 0), (-33.0, 0, 28), (78.0, 0, 41)]
[(29.0, 374.0, 43.5), (19.0, 382.0, 43.5), (37.0, 382.0, 43.5), (-14.0, 322.0, 28), (67.0, 321.0, 31), (2.0, 192.0, 0), (51.0, 192.0, 0), (-7.0, 96.0, 0), (68.0, 99.0, 0), (-8.0, 13.0, 0), (71.0, 19.0, 0), (0, 0, 0), (68.0, 10.0, 0), (-33.0, 0, 28), (78.0, 0, 41)]
[(28.0, 373.0, 39.5), (19.0, 380.0, 39.5), (37.0, 381.0, 39.5), (-14.0, 324.0, 16), (66.0, 322.0, 27), (2.0, 192.0, 0), (51.0, 192.0, 0), (-7.0, 96.0, 0), (68.0, 99.0, 0), (-9.0, 13.0, 0), (71.0, 19.0, 0), (0, 0, 0), (68.0, 10.0, 0), (-32.0, 0, 29), (78.0, 0, 41)]
[(28.0, 373.0, 44.0), (19.0, 380.0, 44.0), (37.0, 381.0, 44.0), (-13.0, 325.0, 16), (66.0, 323.0, 28), (3.0, 193.0, 0), (53.0, 193.0, 0), (-7.0, 96.0, 0), (69.0, 99.0, 0), (-8.0, 13.0, 0), (72.0, 19.0, 0), (0, 0, 0), (69.0, 10.0, 0), (-31.0, 0, 30), (79.0, 0, 41)]
[(28.0, 371.0, 49.0), (19.0, 379.0, 49.0), (37.0, 380.0, 49.0), (-13.0, 325.0, 16), (66.0, 323.0, 28), (3.0, 193.0, 0), (54.0, 193.0, 0), (-7.0, 97.0, 0), (69.0, 99.0, 0), (-8.0, 13.0, 0), (71.0, 19.0, 0), (0, 0, 0), (66.0, 10.0, 0), (-31.0, 0, 30), (79.0, 0, 40)]
[(28.0, 371.0, 50.0), (19.0, 379.0, 50.0), (37.0, 379.0, 50.0), (-13.0, 326.0, 16), (65.0, 324.0, 24), (3.0, 194.0, 0), (55.0, 193.0, 0), (-8.0, 98.0, 0), (69.0, 99.0, 0), (-8.0, 13.0, 0), (71.0, 20.0, 0), (0, 0, 0), (66.0, 11.0, 0), (-31.0, 0, 30), (79.0, 0, 40)]
[(28.0, 362.0, 17.5), (19.0, 369.0, 17.5), (37.0, 369.0, 17.5), (-13.0, 318.0, -8), (65.0, 317.0, 1), (3.0, 185.0, -10), (55.0, 184.0, -7), (-11.0, 94.0, 0), (69.0, 94.0, 12), (-8.0, 13.0, 0), (71.0, 19.0, 0), (0, 0, 0), (66.0, 11.0, 0), (-32.0, 0, 29), (78.0, 0, 40)]
[(28.0, 353.0, 23.5), (19.0, 361.0, 23.5), (36.0, 360.0, 23.5), (-13.0, 312.0, -11), (65.0, 312.0, 9), (3.0, 180.0, -27), (55.0, 180.0, -9), (-13.0, 93.0, 0), (70.0, 92.0, 17), (-8.0, 13.0, 0), (71.0, 18.0, 0), (0, 0, 0), (66.0, 10.0, 0), (-32.0, 0, 29), (78.0, 0, 40)]
[(27.0, 349.0, 23.0), (19.0, 356.0, 23.0), (35.0, 356.0, 23.0), (-14.0, 307.0, -13), (65.0, 307.0, 14), (3.0, 176.0, -35), (55.0, 176.0, -10), (-14.0, 92.0, 0), (71.0, 90.0, 21), (-8.0, 13.0, 0), (71.0, 17.0, 0), (0, 0, 0), (65.0, 9.0, 0), (-32.0, 0, 29), (79.0, 0, 40)]
[(27.0, 343.0, 37.5), (19.0, 351.0, 37.5), (35.0, 350.0, 37.5), (-14.0, 303.0, -5), (65.0, 303.0, 23), (3.0, 174.0, -36), (55.0, 174.0, -10), (-16.0, 91.0, 0), (71.0, 89.0, 24), (-8.0, 13.0, 0), (71.0, 17.0, 0), (0, 0, 0), (65.0, 8.0, 0), (-32.0, 0, 29), (80.0, 0, 40)]
[(27.0, 337.0, 53.5), (19.0, 344.0, 53.5), (35.0, 344.0, 53.5), (-13.0, 297.0, 7), (65.0, 298.0, 29), (4.0, 172.0, -38), (55.0, 172.0, -14), (-16.0, 90.0, 0), (72.0, 89.0, 24), (-8.0, 13.0, 0), (71.0, 17.0, 0), (0, 0, 0), (64.0, 8.0, 0), (-32.0, 0, 29), (80.0, 0, 39)]
[(28.0, 330.0, 59.5), (19.0, 338.0, 59.5), (35.0, 337.0, 59.5), (-13.0, 291.0, 10), (65.0, 292.0, 33), (4.0, 169.0, -42), (55.0, 169.0, -18), (-16.0, 89.0, 0), (72.0, 88.0, 24), (-9.0, 12.0, 0), (71.0, 16.0, 0), (0, 0, 0), (64.0, 7.0, 0), (-32.0, 0, 29), (80.0, 0, 40)]
[(28.0, 324.0, 80.0), (19.0, 331.0, 80.0), (35.0, 331.0, 80.0), (-13.0, 285.0, 26), (64.0, 287.0, 40), (5.0, 167.0, -34), (56.0, 167.0, -18), (-18.0, 89.0, 10), (74.0, 87.0, 26), (-9.0, 13.0, 0), (71.0, 16.0, 0), (0, 0, 0), (64.0, 8.0, 0), (-32.0, 0, 29), (80.0, 0, 39)]
[(28.0, 318.0, 93.0), (19.0, 324.0, 93.0), (35.0, 325.0, 93.0), (-12.0, 280.0, 36), (64.0, 282.0, 44), (5.0, 165.0, -30), (56.0, 164.0, -18), (-21.0, 88.0, 14), (74.0, 86.0, 29), (-10.0, 13.0, 0), (71.0, 16.0, 0), (0, 0, 0), (64.0, 7.0, 0), (-33.0, 0, 28), (80.0, 0, 40)]
[(29.0, 309.0, 100.5), (20.0, 316.0, 100.5), (36.0, 316.0, 100.5), (-10.0, 274.0, 42), (64.0, 275.0, 43), (6.0, 164.0, -32), (57.0, 162.0, -27), (-22.0, 88.0, 13), (76.0, 87.0, 24), (-9.0, 13.0, 0), (72.0, 15.0, 0), (0, 0, 0), (65.0, 6.0, 0), (-32.0, 0, 29), (82.0, 0, 39)]
[(29.0, 301.0, 98.0), (20.0, 308.0, 98.0), (36.0, 308.0, 98.0), (-9.0, 268.0, 35), (64.0, 267.0, 50), (6.0, 159.0, -41), (57.0, 159.0, -28), (-25.0, 88.0, 9), (77.0, 86.0, 26), (-9.0, 13.0, 0), (72.0, 15.0, 0), (0, 0, 0), (66.0, 6.0, 0), (-32.0, 0, 29), (82.0, 0, 40)]
[(30.0, 295.0, 90.5), (21.0, 301.0, 90.5), (37.0, 301.0, 90.5), (-8.0, 260.0, 29), (64.0, 260.0, 49), (7.0, 154.0, -51), (57.0, 155.0, -33), (-27.0, 88.0, 4), (77.0, 86.0, 26), (-9.0, 13.0, 0), (72.0, 15.0, 0), (0, 0, 0), (65.0, 6.0, 0), (-32.0, 0, 29), (81.0, 0, 40)]
[(30.0, 284.0, 106.0), (21.0, 290.0, 106.0), (37.0, 290.0, 106.0), (-7.0, 252.0, 40), (64.0, 253.0, 52), (7.0, 150.0, -45), (57.0, 150.0, -32), (-27.0, 86.0, 12), (78.0, 83.0, 29), (-9.0, 12.0, 0), (72.0, 13.0, 0), (0, 0, 0), (65.0, 4.0, 0), (-32.0, 0, 29), (81.0, 0, 40)]
[(30.0, 275.0, 105.0), (21.0, 282.0, 105.0), (37.0, 282.0, 105.0), (-7.0, 244.0, 39), (64.0, 247.0, 50), (8.0, 145.0, -50), (57.0, 145.0, -36), (-28.0, 86.0, 11), (79.0, 82.0, 28), (-9.0, 12.0, 0), (72.0, 12.0, 0), (0, 0, 0), (66.0, 3.0, 0), (-32.0, 0, 29), (81.0, 0, 40)]
[(30.0, 265.0, 120.5), (22.0, 273.0, 120.5), (37.0, 272.0, 120.5), (-7.0, 237.0, 50), (63.0, 241.0, 55), (8.0, 140.0, -41), (56.0, 141.0, -33), (-30.0, 83.0, 21), (80.0, 80.0, 33), (-9.0, 12.0, 0), (72.0, 12.0, 0), (0, 0, 0), (66.0, 4.0, 0), (-31.0, 0, 30), (81.0, 0, 40)]
[(30.0, 256.0, 125.5), (22.0, 264.0, 125.5), (37.0, 263.0, 125.5), (-7.0, 228.0, 54), (63.0, 234.0, 55), (8.0, 135.0, -41), (56.0, 136.0, -35), (-31.0, 82.0, 24), (81.0, 79.0, 34), (-9.0, 12.0, 0), (72.0, 12.0, 0), (0, 0, 0), (66.0, 4.0, 0), (-31.0, 0, 30), (81.0, 0, 40)]
[(30.0, 221.0, 130.0), (22.0, 228.0, 130.0), (37.0, 229.0, 130.0), (-6.0, 203.0, 53), (62.0, 208.0, 58), (8.0, 120.0, -51), (56.0, 120.0, -42), (-33.0, 81.0, 22), (83.0, 78.0, 36), (-9.0, 11.0, 0), (72.0, 12.0, 0), (0, 0, 0), (64.0, 3.0, 0), (-31.0, 0, 30), (81.0, 0, 40)]
[(31.0, 212.0, 131.0), (23.0, 220.0, 131.0), (38.0, 220.0, 131.0), (-5.0, 195.0, 52), (64.0, 195.0, 62), (8.0, 116.0, -55), (56.0, 115.0, -44), (-32.0, 81.0, 20), (86.0, 78.0, 35), (-8.0, 10.0, 2), (73.0, 12.0, 0), (0, 0, 0), (66.0, 4.0, 0), (-30.0, 0, 31), (82.0, 0, 40)]
[(32.0, 206.0, 122.5), (24.0, 214.0, 122.5), (39.0, 215.0, 122.5), (-6.0, 188.0, 45), (64.0, 189.0, 61), (8.0, 113.0, -65), (56.0, 113.0, -48), (-33.0, 83.0, 12), (87.0, 81.0, 33), (-8.0, 11.0, 0), (73.0, 14.0, 0), (0, 0, 0), (66.0, 6.0, 0), (-30.0, 0, 31), (82.0, 0, 40)]
[(32.0, 200.0, 107.5), (24.0, 209.0, 107.5), (40.0, 209.0, 107.5), (-6.0, 186.0, 30), (64.0, 184.0, 59), (8.0, 109.0, -78), (56.0, 108.0, -50), (-35.0, 85.0, 0), (87.0, 82.0, 33), (-9.0, 11.0, 0), (73.0, 15.0, 0), (0, 0, 0), (66.0, 6.0, 0), (-30.0, 0, 31), (82.0, 0, 40)]
[(33.0, 195.0, 106.5), (24.0, 204.0, 106.5), (41.0, 204.0, 106.5), (-6.0, 184.0, 29), (64.0, 181.0, 57), (8.0, 106.0, -79), (56.0, 105.0, -52), (-35.0, 86.0, 0), (88.0, 83.0, 32), (-9.0, 12.0, 0), (73.0, 16.0, 0), (0, 0, 0), (66.0, 7.0, 0), (-30.0, 0, 31), (81.0, 0, 40)]
[(32.0, 191.0, 103.0), (23.0, 200.0, 103.0), (40.0, 199.0, 103.0), (-6.0, 180.0, 27), (63.0, 177.0, 54), (7.0, 101.0, -80), (54.0, 101.0, -55), (-36.0, 85.0, 0), (88.0, 83.0, 29), (-9.0, 12.0, 0), (71.0, 15.0, 0), (0, 0, 0), (65.0, 5.0, 0), (-30.0, 0, 31), (80.0, 0, 40)]
[(32.0, 187.0, 98.5), (22.0, 197.0, 98.5), (39.0, 196.0, 98.5), (-7.0, 178.0, 26), (62.0, 176.0, 47), (6.0, 98.0, -80), (52.0, 98.0, -61), (-38.0, 86.0, 0), (86.0, 85.0, 24), (-10.0, 12.0, 0), (70.0, 15.0, 0), (0, 0, 0), (63.0, 5.0, 0), (-31.0, 0, 30), (81.0, 0, 39)]
[(32.0, 185.0, 97.5), (23.0, 194.0, 97.5), (40.0, 194.0, 97.5), (-6.0, 176.0, 27), (62.0, 174.0, 43), (6.0, 97.0, -80), (52.0, 96.0, -65), (-38.0, 86.0, 0), (86.0, 86.0, 21), (-10.0, 12.0, 0), (70.0, 15.0, 0), (0, 0, 0), (63.0, 5.0, 0), (-31.0, 0, 30), (81.0, 0, 39)]
[(33.0, 185.0, 96.5), (23.0, 194.0, 96.5), (40.0, 194.0, 96.5), (-6.0, 176.0, 27), (62.0, 176.0, 39), (6.0, 98.0, -81), (52.0, 97.0, -68), (-37.0, 86.0, 0), (86.0, 87.0, 18), (-10.0, 12.0, 0), (70.0, 15.0, 0), (0, 0, 0), (63.0, 5.0, 0), (-30.0, 0, 31), (81.0, 0, 39)]
[(33.0, 189.0, 91.0), (24.0, 198.0, 91.0), (40.0, 197.0, 91.0), (-6.0, 178.0, 27), (61.0, 177.0, 30), (6.0, 100.0, -81), (51.0, 99.0, -78), (-37.0, 89.0, 0), (85.0, 89.0, 8), (-10.0, 13.0, 0), (70.0, 15.0, 0), (0, 0, 0), (63.0, 5.0, 0), (-30.0, 0, 31), (81.0, 0, 39)]
[(34.0, 192.0, 93.0), (25.0, 201.0, 93.0), (41.0, 200.0, 93.0), (-5.0, 180.0, 28), (62.0, 180.0, 32), (6.0, 103.0, -81), (52.0, 102.0, -76), (-36.0, 89.0, 0), (85.0, 89.0, 10), (-9.0, 12.0, 0), (71.0, 15.0, 0), (0, 0, 0), (64.0, 5.0, 0), (-29.0, 0, 32), (82.0, 0, 39)]
[(34.0, 194.0, 95.0), (25.0, 203.0, 95.0), (42.0, 202.0, 95.0), (-6.0, 183.0, 26), (62.0, 182.0, 40), (6.0, 104.0, -81), (52.0, 104.0, -68), (-35.0, 89.0, 0), (82.0, 89.0, 18), (-9.0, 12.0, 0), (71.0, 16.0, 0), (0, 0, 0), (65.0, 5.0, 0), (-28.0, 0, 33), (82.0, 0, 39)]
[(35.0, 197.0, 100.0), (26.0, 205.0, 100.0), (43.0, 204.0, 100.0), (-6.0, 186.0, 30), (63.0, 188.0, 42), (6.0, 112.0, -81), (53.0, 112.0, -67), (-32.0, 89.0, 0), (80.0, 89.0, 19), (-9.0, 12.0, 0), (71.0, 16.0, 0), (0, 0, 0), (66.0, 5.0, 0), (-28.0, 0, 33), (82.0, 0, 40)]
[(35.0, 204.0, 102.5), (26.0, 212.0, 102.5), (43.0, 212.0, 102.5), (-6.0, 192.0, 34), (63.0, 194.0, 39), (5.0, 121.0, -79), (53.0, 122.0, -73), (-30.0, 89.0, 0), (75.0, 91.0, 11), (-9.0, 12.0, 0), (71.0, 16.0, 0), (0, 0, 0), (66.0, 6.0, 0), (-28.0, 0, 33), (82.0, 0, 40)]
[(35.0, 213.0, 96.5), (26.0, 220.0, 96.5), (43.0, 220.0, 96.5), (-6.0, 198.0, 34), (63.0, 199.0, 29), (5.0, 126.0, -78), (53.0, 127.0, -83), (-27.0, 89.0, 0), (74.0, 92.0, 0), (-9.0, 12.0, 0), (71.0, 15.0, 0), (0, 0, 0), (66.0, 4.0, 0), (-28.0, 0, 33), (82.0, 0, 40)]
[(35.0, 223.0, 94.0), (26.0, 230.0, 94.0), (42.0, 230.0, 94.0), (-5.0, 206.0, 33), (64.0, 206.0, 28), (6.0, 131.0, -77), (54.0, 131.0, -82), (-24.0, 90.0, 0), (73.0, 92.0, 0), (-9.0, 12.0, 0), (72.0, 15.0, 0), (0, 0, 0), (66.0, 4.0, 0), (-28.0, 0, 33), (82.0, 0, 40)]
[(35.0, 233.0, 97.5), (26.0, 240.0, 97.5), (42.0, 240.0, 97.5), (-5.0, 213.0, 35), (65.0, 215.0, 31), (7.0, 137.0, -74), (54.0, 138.0, -77), (-21.0, 90.0, 0), (73.0, 90.0, 0), (-9.0, 11.0, 0), (72.0, 14.0, 0), (0, 0, 0), (67.0, 4.0, 0), (-28.0, 0, 33), (81.0, 0, 41)]
[(35.0, 244.0, 98.0), (27.0, 251.0, 98.0), (42.0, 251.0, 98.0), (-5.0, 221.0, 37), (65.0, 223.0, 32), (9.0, 143.0, -71), (55.0, 144.0, -75), (-19.0, 91.0, 0), (72.0, 92.0, 0), (-8.0, 11.0, 0), (72.0, 14.0, 0), (0, 0, 0), (67.0, 3.0, 0), (-28.0, 0, 33), (80.0, 0, 41)]
[(36.0, 256.0, 96.5), (28.0, 263.0, 96.5), (42.0, 263.0, 96.5), (-5.0, 230.0, 36), (66.0, 231.0, 35), (9.0, 148.0, -69), (56.0, 150.0, -70), (-18.0, 93.0, 0), (72.0, 92.0, 0), (-8.0, 12.0, 0), (72.0, 14.0, 0), (0, 0, 0), (68.0, 4.0, 0), (-28.0, 0, 33), (80.0, 0, 41)]
[(36.0, 306.0, 80.0), (28.0, 313.0, 80.0), (42.0, 314.0, 80.0), (-7.0, 262.0, 37), (70.0, 260.0, 40), (9.0, 165.0, -54), (56.0, 166.0, -53), (-15.0, 94.0, 0), (73.0, 92.0, 0), (-8.0, 12.0, 0), (72.0, 14.0, 0), (0, 0, 0), (68.0, 4.0, 0), (-28.0, 0, 33), (80.0, 0, 41)]
[(36.0, 320.0, 70.5), (28.0, 326.0, 70.5), (43.0, 327.0, 70.5), (-8.0, 271.0, 39), (72.0, 272.0, 33), (9.0, 173.0, -50), (56.0, 173.0, -55), (-11.0, 98.0, 0), (71.0, 100.0, 0), (-8.0, 13.0, 0), (72.0, 16.0, 0), (0, 0, 0), (67.0, 5.0, 0), (-28.0, 0, 33), (80.0, 0, 41)]
[(36.0, 330.0, 52.0), (28.0, 337.0, 52.0), (42.0, 338.0, 52.0), (-9.0, 278.0, 37), (73.0, 280.0, 30), (9.0, 176.0, -48), (58.0, 177.0, -53), (-8.0, 99.0, 0), (71.0, 102.0, 0), (-8.0, 13.0, 0), (72.0, 17.0, 0), (0, 0, 0), (67.0, 5.0, 0), (-30.0, 0, 31), (80.0, 0, 41)]
[(36.0, 338.0, 50.0), (28.0, 345.0, 50.0), (42.0, 345.0, 50.0), (-9.0, 286.0, 36), (73.0, 286.0, 28), (10.0, 179.0, -42), (58.0, 178.0, -49), (-6.0, 98.0, 0), (71.0, 100.0, 0), (-8.0, 14.0, 0), (72.0, 18.0, 0), (0, 0, 0), (67.0, 8.0, 0), (-31.0, 0, 30), (80.0, 0, 40)]