[(38.0, 367.0), (30.0, 375.0), (45.0, 375.0), (-4.0, 315.0), (76.0, 314.0), (12.0, 189.0), (61.0, 189.0), (-3.0, 96.0), (74.0, 94.0), (-8.0, 14.0), (77.0, 17.0), (0, 0), (75.0, 9.0), (-32.0, -17.0), (82.0, -14.0)]
[(38.0, 370.0), (30.0, 377.0), (46.0, 378.0), (-6.0, 317.0), (77.0, 314.0), (11.0, 188.0), (61.0, 190.0), (-2.0, 96.0), (74.0, 96.0), (-7.0, 14.0), (78.0, 17.0), (0, 0), (76.0, 9.0), (-32.0, -17.0), (83.0, -14.0)]
[(39.0, 370.0), (30.0, 378.0), (46.0, 378.0), (-7.0, 319.0), (78.0, 316.0), (11.0, 191.0), (62.0, 192.0), (-0.0, 97.0), (74.0, 99.0), (-7.0, 14.0), (78.0, 18.0), (0, 0), (76.0, 10.0), (-32.0, -16.0), (83.0, -13.0)]
[(39.0, 373.0), (30.0, 380.0), (47.0, 380.0), (-7.0, 319.0), (79.0, 317.0), (11.0, 191.0), (62.0, 193.0), (2.0, 98.0), (74.0, 100.0), (-7.0, 14.0), (78.0, 19.0), (0, 0), (76.0, 11.0), (-32.0, -15.0), (83.0, -12.0)]
[(38.0, 372.0), (29.0, 380.0), (46.0, 380.0), (-8.0, 318.0), (78.0, 316.0), (10.0, 191.0), (61.0, 193.0), (1.0, 100.0), (73.0, 102.0), (-8.0, 15.0), (77.0, 21.0), (0, 0), (75.0, 12.0), (-31.0, -16.0), (82.0, -12.0)]
[(38.0, 374.0), (29.0, 381.0), (46.0, 382.0), (-7.0, 319.0), (78.0, 317.0), (10.0, 193.0), (60.0, 194.0), (-0.0, 101.0), (74.0, 103.0), (-8.0, 15.0), (78.0, 22.0), (0, 0), (76.0, 14.0), (-32.0, -15.0), (84.0, -12.0)]
[(39.0, 375.0), (29.0, 382.0), (46.0, 382.0), (-7.0, 318.0), (78.0, 316.0), (9.0, 193.0), (59.0, 193.0), (-1.0, 101.0), (74.0, 102.0), (-8.0, 14.0), (78.0, 22.0), (0, 0), (76.0, 14.0), (-31.0, -16.0), (84.0, -13.0)]
[(39.0, 376.0), (29.0, 383.0), (46.0, 383.0), (-7.0, 319.0), (78.0, 317.0), (9.0, 193.0), (59.0, 194.0), (-1.0, 102.0), (74.0, 103.0), (-7.0, 15.0), (79.0, 23.0), (0, 0), (78.0, 15.0), (-31.0, -15.0), (84.0, -12.0)]
[(39.0, 376.0), (29.0, 383.0), (46.0, 384.0), (-8.0, 318.0), (78.0, 317.0), (8.0, 192.0), (58.0, 193.0), (-2.0, 99.0), (74.0, 100.0), (-7.0, 14.0), (79.0, 22.0), (0, 0), (78.0, 15.0), (-31.0, -17.0), (83.0, -14.0)]
[(38.0, 376.0), (29.0, 383.0), (46.0, 383.0), (-9.0, 318.0), (78.0, 317.0), (8.0, 192.0), (58.0, 193.0), (-3.0, 98.0), (74.0, 100.0), (-7.0, 14.0), (79.0, 20.0), (0, 0), (78.0, 14.0), (-31.0, -17.0), (83.0, -14.0)]
[(37.0, 374.0), (29.0, 383.0), (45.0, 383.0), (-10.0, 317.0), (78.0, 316.0), (8.0, 192.0), (58.0, 192.0), (-3.0, 97.0), (74.0, 98.0), (-7.0, 14.0), (78.0, 19.0), (0, 0), (77.0, 11.0), (-31.0, -18.0), (84.0, -15.0)]
[(37.0, 375.0), (28.0, 383.0), (45.0, 383.0), (-11.0, 318.0), (78.0, 316.0), (8.0, 191.0), (58.0, 192.0), (-4.0, 97.0), (74.0, 98.0), (-7.0, 14.0), (78.0, 18.0), (0, 0), (77.0, 11.0), (-31.0, -18.0), (84.0, -15.0)]
[(36.0, 376.0), (28.0, 384.0), (45.0, 384.0), (-11.0, 319.0), (77.0, 317.0), (8.0, 192.0), (58.0, 193.0), (-4.0, 97.0), (74.0, 99.0), (-7.0, 14.0), (78.0, 18.0), (0, 0), (77.0, 11.0), (-31.0, -18.0), (84.0, -14.0)]
[(36.0, 376.0), (28.0, 384.0), (45.0, 384.0), (-11.0, 318.0), (77.0, 317.0), (7.0, 192.0), (58.0, 193.0), (-4.0, 96.0), (74.0, 98.0), (-7.0, 14.0), (78.0, 18.0), (0, 0), (77.0, 10.0), (-31.0, -18.0), (84.0, -14.0)]
[(36.0, 376.0), (27.0, 383.0), (45.0, 384.0), (-11.0, 318.0), (77.0, 317.0), (7.0, 192.0), (58.0, 193.0), (-4.0, 96.0), (74.0, 98.0), (-7.0, 14.0), (78.0, 18.0), (0, 0), (77.0, 10.0), (-31.0, -18.0), (84.0, -14.0)]
[(36.0, 376.0), (27.0, 384.0), (44.0, 384.0), (-11.0, 319.0), (76.0, 318.0), (7.0, 193.0), (57.0, 193.0), (-5.0, 97.0), (73.0, 98.0), (-7.0, 14.0), (78.0, 18.0), (0, 0), (77.0, 10.0), (-31.0, -17.0), (84.0, -13.0)]
[(35.0, 375.0), (27.0, 383.0), (44.0, 383.0), (-11.0, 318.0), (76.0, 317.0), (7.0, 191.0), (57.0, 192.0), (-5.0, 96.0), (73.0, 97.0), (-7.0, 13.0), (78.0, 17.0), (0, 0), (77.0, 9.0), (-31.0, -18.0), (84.0, -14.0)]
[(35.0, 375.0), (27.0, 383.0), (43.0, 383.0), (-12.0, 318.0), (75.0, 317.0), (6.0, 191.0), (56.0, 191.0), (-5.0, 96.0), (73.0, 97.0), (-7.0, 13.0), (78.0, 17.0), (0, 0), (77.0, 9.0), (-31.0, -18.0), (84.0, -14.0)]
[(34.0, 376.0), (26.0, 383.0), (43.0, 383.0), (-13.0, 318.0), (74.0, 318.0), (6.0, 192.0), (56.0, 192.0), (-5.0, 96.0), (71.0, 98.0), (-7.0, 14.0), (78.0, 17.0), (0, 0), (76.0, 9.0), (-31.0, -18.0), (84.0, -14.0)]
[(34.0, 376.0), (26.0, 384.0), (42.0, 384.0), (-14.0, 318.0), (73.0, 319.0), (6.0, 191.0), (56.0, 192.0), (-5.0, 96.0), (71.0, 98.0), (-7.0, 14.0), (78.0, 18.0), (0, 0), (75.0, 9.0), (-31.0, -18.0), (84.0, -14.0)]
[(34.0, 376.0), (25.0, 383.0), (42.0, 383.0), (-14.0, 318.0), (72.0, 319.0), (6.0, 191.0), (55.0, 192.0), (-6.0, 95.0), (71.0, 97.0), (-7.0, 14.0), (78.0, 18.0), (0, 0), (75.0, 10.0), (-31.0, -18.0), (84.0, -14.0)]
[(33.0, 376.0), (24.0, 383.0), (41.0, 384.0), (-14.0, 318.0), (72.0, 320.0), (4.0, 191.0), (54.0, 192.0), (-6.0, 95.0), (72.0, 97.0), (-8.0, 14.0), (78.0, 18.0), (0, 0), (76.0, 10.0), (-31.0, -18.0), (84.0, -14.0)]
[(32.0, 375.0), (24.0, 383.0), (40.0, 383.0), (-14.0, 323.0), (68.0, 324.0), (4.0, 193.0), (53.0, 193.0), (-6.0, 96.0), (72.0, 98.0), (-7.0, 14.0), (77.0, 18.0), (0, 0), (76.0, 10.0), (-32.0, -16.0), (83.0, -14.0)]
[(31.0, 374.0), (23.0, 382.0), (39.0, 382.0), (-14.0, 325.0), (66.0, 326.0), (4.0, 194.0), (53.0, 195.0), (-6.0, 97.0), (72.0, 99.0), (-8.0, 14.0), (77.0, 19.0), (0, 0), (76.0, 11.0), (-33.0, -16.0), (83.0, -14.0)]
[(32.0, 374.0), (23.0, 382.0), (40.0, 382.0), (-13.0, 326.0), (66.0, 327.0), (5.0, 194.0), (55.0, 195.0), (-6.0, 97.0), (73.0, 99.0), (-7.0, 13.0), (78.0, 19.0), (0, 0), (77.0, 11.0), (-32.0, -16.0), (83.0, -14.0)]
[(31.0, 373.0), (22.0, 382.0), (40.0, 381.0), (-13.0, 327.0), (66.0, 327.0), (5.0, 195.0), (55.0, 196.0), (-6.0, 97.0), (73.0, 100.0), (-7.0, 13.0), (78.0, 19.0), (0, 0), (77.0, 11.0), (-32.0, -16.0), (83.0, -14.0)]
[(31.0, 373.0), (22.0, 381.0), (39.0, 381.0), (-13.0, 327.0), (66.0, 327.0), (5.0, 195.0), (55.0, 196.0), (-6.0, 98.0), (73.0, 100.0), (-7.0, 13.0), (78.0, 19.0), (0, 0), (76.0, 11.0), (-32.0, -17.0), (83.0, -14.0)]
[(32.0, 373.0), (22.0, 380.0), (40.0, 380.0), (-13.0, 326.0), (67.0, 327.0), (6.0, 194.0), (57.0, 195.0), (-5.0, 97.0), (74.0, 99.0), (-7.0, 13.0), (79.0, 19.0), (0, 0), (76.0, 11.0), (-31.0, -17.0), (85.0, -14.0)]
[(32.0, 371.0), (23.0, 378.0), (41.0, 378.0), (-13.0, 325.0), (68.0, 326.0), (7.0, 193.0), (58.0, 194.0), (-5.0, 97.0), (75.0, 98.0), (-7.0, 12.0), (80.0, 18.0), (0, 0), (76.0, 9.0), (-30.0, -18.0), (87.0, -14.0)]
[(32.0, 369.0), (23.0, 376.0), (40.0, 376.0), (-13.0, 325.0), (68.0, 326.0), (7.0, 191.0), (58.0, 192.0), (-6.0, 96.0), (75.0, 97.0), (-7.0, 13.0), (80.0, 18.0), (0, 0), (76.0, 9.0), (-30.0, -18.0), (88.0, -14.0)]
[(31.0, 363.0), (23.0, 371.0), (40.0, 372.0), (-13.0, 324.0), (68.0, 325.0), (7.0, 188.0), (58.0, 189.0), (-7.0, 96.0), (75.0, 94.0), (-8.0, 13.0), (80.0, 18.0), (0, 0), (76.0, 10.0), (-30.0, -19.0), (88.0, -14.0)]
[(32.0, 359.0), (24.0, 368.0), (40.0, 368.0), (-12.0, 319.0), (69.0, 321.0), (8.0, 182.0), (59.0, 183.0), (-8.0, 94.0), (76.0, 91.0), (-7.0, 12.0), (81.0, 17.0), (0, 0), (77.0, 10.0), (-28.0, -20.0), (89.0, -15.0)]
[(32.0, 355.0), (24.0, 363.0), (40.0, 364.0), (-11.0, 314.0), (69.0, 318.0), (8.0, 179.0), (59.0, 180.0), (-9.0, 92.0), (77.0, 89.0), (-7.0, 12.0), (81.0, 16.0), (0, 0), (78.0, 10.0), (-28.0, -21.0), (89.0, -16.0)]
[(32.0, 353.0), (24.0, 362.0), (40.0, 362.0), (-11.0, 313.0), (69.0, 317.0), (8.0, 178.0), (59.0, 179.0), (-10.0, 92.0), (77.0, 89.0), (-7.0, 12.0), (81.0, 16.0), (0, 0), (77.0, 9.0), (-28.0, -21.0), (88.0, -16.0)]
[(33.0, 348.0), (24.0, 357.0), (40.0, 357.0), (-10.0, 310.0), (70.0, 313.0), (9.0, 176.0), (60.0, 176.0), (-11.0, 89.0), (79.0, 87.0), (-7.0, 12.0), (82.0, 16.0), (0, 0), (78.0, 9.0), (-27.0, -21.0), (89.0, -16.0)]
[(33.0, 342.0), (23.0, 350.0), (39.0, 350.0), (-10.0, 307.0), (70.0, 309.0), (9.0, 173.0), (60.0, 174.0), (-12.0, 87.0), (79.0, 86.0), (-7.0, 12.0), (82.0, 15.0), (0, 0), (78.0, 7.0), (-27.0, -21.0), (89.0, -16.0)]
[(30.0, 336.0), (21.0, 345.0), (37.0, 344.0), (-11.0, 303.0), (68.0, 305.0), (8.0, 170.0), (60.0, 170.0), (-13.0, 86.0), (80.0, 84.0), (-8.0, 12.0), (81.0, 15.0), (0, 0), (77.0, 8.0), (-28.0, -20.0), (90.0, -16.0)]
[(30.0, 331.0), (21.0, 338.0), (37.0, 338.0), (-10.0, 296.0), (68.0, 300.0), (8.0, 166.0), (60.0, 167.0), (-17.0, 85.0), (81.0, 82.0), (-8.0, 13.0), (81.0, 16.0), (0, 0), (76.0, 8.0), (-29.0, -19.0), (90.0, -15.0)]
[(30.0, 324.0), (21.0, 332.0), (37.0, 332.0), (-9.0, 291.0), (67.0, 294.0), (8.0, 163.0), (60.0, 164.0), (-18.0, 83.0), (82.0, 81.0), (-8.0, 12.0), (80.0, 16.0), (0, 0), (76.0, 8.0), (-29.0, -19.0), (89.0, -15.0)]
[(30.0, 310.0), (21.0, 318.0), (37.0, 318.0), (-9.0, 278.0), (67.0, 282.0), (9.0, 155.0), (60.0, 156.0), (-22.0, 80.0), (82.0, 78.0), (-8.0, 12.0), (80.0, 16.0), (0, 0), (75.0, 8.0), (-29.0, -19.0), (89.0, -15.0)]
[(30.0, 302.0), (21.0, 310.0), (37.0, 311.0), (-8.0, 272.0), (67.0, 276.0), (9.0, 153.0), (60.0, 154.0), (-24.0, 78.0), (84.0, 78.0), (-8.0, 12.0), (81.0, 14.0), (0, 0), (76.0, 8.0), (-30.0, -19.0), (90.0, -16.0)]
[(28.0, 292.0), (20.0, 300.0), (36.0, 300.0), (-10.0, 265.0), (65.0, 268.0), (7.0, 151.0), (59.0, 152.0), (-27.0, 79.0), (82.0, 78.0), (-10.0, 12.0), (79.0, 13.0), (0, 0), (74.0, 8.0), (-32.0, -19.0), (86.0, -17.0)]
[(28.0, 282.0), (21.0, 291.0), (36.0, 290.0), (-10.0, 259.0), (64.0, 260.0), (8.0, 147.0), (58.0, 148.0), (-29.0, 79.0), (83.0, 77.0), (-10.0, 11.0), (80.0, 12.0), (0, 0), (75.0, 6.0), (-33.0, -20.0), (86.0, -18.0)]
[(28.0, 256.0), (21.0, 264.0), (36.0, 265.0), (-9.0, 237.0), (64.0, 242.0), (9.0, 139.0), (59.0, 139.0), (-31.0, 81.0), (84.0, 76.0), (-10.0, 12.0), (80.0, 13.0), (0, 0), (75.0, 7.0), (-33.0, -18.0), (86.0, -16.0)]
[(29.0, 248.0), (21.0, 257.0), (36.0, 257.0), (-8.0, 228.0), (64.0, 234.0), (10.0, 133.0), (59.0, 134.0), (-32.0, 81.0), (84.0, 76.0), (-10.0, 12.0), (79.0, 13.0), (0, 0), (74.0, 7.0), (-33.0, -18.0), (86.0, -16.0)]
[(28.0, 243.0), (21.0, 251.0), (36.0, 251.0), (-8.0, 220.0), (64.0, 227.0), (11.0, 128.0), (59.0, 129.0), (-32.0, 81.0), (85.0, 76.0), (-10.0, 12.0), (79.0, 14.0), (0, 0), (74.0, 7.0), (-33.0, -18.0), (86.0, -16.0)]
[(29.0, 237.0), (21.0, 245.0), (36.0, 246.0), (-6.0, 215.0), (64.0, 220.0), (11.0, 124.0), (59.0, 125.0), (-33.0, 81.0), (85.0, 75.0), (-10.0, 12.0), (78.0, 14.0), (0, 0), (72.0, 7.0), (-32.0, -16.0), (84.0, -15.0)]
[(29.0, 230.0), (22.0, 239.0), (37.0, 239.0), (-5.0, 210.0), (64.0, 214.0), (11.0, 121.0), (59.0, 122.0), (-33.0, 80.0), (86.0, 76.0), (-10.0, 12.0), (78.0, 14.0), (0, 0), (72.0, 7.0), (-31.0, -16.0), (85.0, -15.0)]
[(30.0, 226.0), (22.0, 234.0), (38.0, 234.0), (-4.0, 205.0), (63.0, 208.0), (11.0, 117.0), (59.0, 118.0), (-33.0, 80.0), (88.0, 77.0), (-10.0, 13.0), (77.0, 15.0), (0, 0), (70.0, 8.0), (-31.0, -15.0), (85.0, -14.0)]
[(30.0, 221.0), (23.0, 230.0), (39.0, 230.0), (-3.0, 202.0), (63.0, 206.0), (12.0, 115.0), (59.0, 115.0), (-33.0, 80.0), (88.0, 78.0), (-10.0, 13.0), (77.0, 15.0), (0, 0), (70.0, 7.0), (-31.0, -15.0), (85.0, -15.0)]
[(30.0, 221.0), (23.0, 229.0), (39.0, 230.0), (-2.0, 201.0), (64.0, 203.0), (12.0, 114.0), (59.0, 115.0), (-34.0, 80.0), (88.0, 78.0), (-10.0, 13.0), (76.0, 15.0), (0, 0), (68.0, 7.0), (-31.0, -15.0), (85.0, -15.0)]
[(31.0, 223.0), (23.0, 231.0), (40.0, 231.0), (-3.0, 201.0), (65.0, 203.0), (12.0, 114.0), (59.0, 116.0), (-34.0, 78.0), (89.0, 78.0), (-9.0, 12.0), (76.0, 12.0), (0, 0), (68.0, 2.0), (-30.0, -15.0), (85.0, -16.0)]
[(31.0, 223.0), (23.0, 231.0), (40.0, 231.0), (-3.0, 201.0), (65.0, 203.0), (12.0, 114.0), (59.0, 116.0), (-34.0, 77.0), (89.0, 77.0), (-9.0, 12.0), (76.0, 12.0), (0, 0), (67.0, 3.0), (-30.0, -17.0), (85.0, -16.0)]
[(31.0, 224.0), (23.0, 232.0), (40.0, 233.0), (-3.0, 202.0), (66.0, 206.0), (12.0, 116.0), (59.0, 118.0), (-34.0, 78.0), (89.0, 77.0), (-9.0, 11.0), (76.0, 12.0), (0, 0), (68.0, 3.0), (-29.0, -17.0), (86.0, -16.0)]
[(32.0, 228.0), (23.0, 235.0), (40.0, 236.0), (-3.0, 205.0), (66.0, 209.0), (11.0, 118.0), (59.0, 120.0), (-34.0, 79.0), (89.0, 78.0), (-9.0, 11.0), (76.0, 13.0), (0, 0), (68.0, 2.0), (-30.0, -17.0), (88.0, -15.0)]
[(32.0, 229.0), (23.0, 237.0), (40.0, 237.0), (-3.0, 207.0), (66.0, 210.0), (11.0, 118.0), (59.0, 119.0), (-33.0, 78.0), (87.0, 75.0), (-8.0, 10.0), (76.0, 12.0), (0, 0), (70.0, 3.0), (-28.0, -18.0), (88.0, -16.0)]
[(34.0, 235.0), (26.0, 242.0), (42.0, 243.0), (-2.0, 208.0), (67.0, 212.0), (11.0, 120.0), (59.0, 121.0), (-32.0, 77.0), (86.0, 74.0), (-8.0, 10.0), (77.0, 11.0), (0, 0), (71.0, 2.0), (-28.0, -19.0), (87.0, -17.0)]
[(36.0, 241.0), (27.0, 248.0), (43.0, 248.0), (-1.0, 214.0), (67.0, 219.0), (12.0, 124.0), (59.0, 125.0), (-29.0, 78.0), (83.0, 74.0), (-8.0, 9.0), (77.0, 11.0), (0, 0), (72.0, 2.0), (-28.0, -20.0), (87.0, -18.0)]
[(35.0, 249.0), (27.0, 257.0), (43.0, 256.0), (-1.0, 224.0), (67.0, 227.0), (12.0, 130.0), (59.0, 131.0), (-26.0, 80.0), (81.0, 75.0), (-8.0, 9.0), (77.0, 11.0), (0, 0), (72.0, 2.0), (-28.0, -20.0), (87.0, -18.0)]
[(36.0, 258.0), (27.0, 265.0), (43.0, 265.0), (-1.0, 235.0), (67.0, 237.0), (12.0, 136.0), (59.0, 137.0), (-22.0, 81.0), (78.0, 78.0), (-8.0, 10.0), (76.0, 11.0), (0, 0), (71.0, 2.0), (-28.0, -19.0), (84.0, -18.0)]
[(36.0, 274.0), (27.0, 283.0), (43.0, 282.0), (-1.0, 252.0), (66.0, 255.0), (12.0, 148.0), (59.0, 150.0), (-18.0, 85.0), (76.0, 86.0), (-8.0, 12.0), (77.0, 13.0), (0, 0), (72.0, 4.0), (-29.0, -17.0), (84.0, -16.0)]
[(36.0, 286.0), (27.0, 294.0), (43.0, 294.0), (-1.0, 261.0), (67.0, 260.0), (12.0, 153.0), (60.0, 154.0), (-16.0, 86.0), (76.0, 87.0), (-8.0, 12.0), (76.0, 13.0), (0, 0), (72.0, 4.0), (-29.0, -17.0), (84.0, -16.0)]
[(36.0, 300.0), (28.0, 308.0), (43.0, 308.0), (-1.0, 268.0), (68.0, 268.0), (12.0, 160.0), (60.0, 160.0), (-14.0, 88.0), (75.0, 88.0), (-8.0, 13.0), (77.0, 15.0), (0, 0), (72.0, 7.0), (-29.0, -16.0), (85.0, -15.0)]
[(36.0, 324.0), (28.0, 332.0), (43.0, 332.0), (-2.0, 288.0), (71.0, 289.0), (12.0, 174.0), (60.0, 174.0), (-9.0, 94.0), (74.0, 92.0), (-8.0, 13.0), (77.0, 16.0), (0, 0), (72.0, 7.0), (-30.0, -16.0), (85.0, -14.0)]
[(37.0, 334.0), (29.0, 341.0), (44.0, 342.0), (-1.0, 293.0), (73.0, 295.0), (13.0, 176.0), (61.0, 176.0), (-6.0, 94.0), (74.0, 90.0), (-7.0, 12.0), (78.0, 15.0), (0, 0), (75.0, 6.0), (-30.0, -16.0), (85.0, -15.0)]
[(37.0, 339.0), (29.0, 347.0), (44.0, 348.0), (-2.0, 300.0), (73.0, 301.0), (12.0, 180.0), (62.0, 181.0), (-4.0, 96.0), (75.0, 92.0), (-7.0, 13.0), (78.0, 17.0), (0, 0), (76.0, 9.0), (-30.0, -16.0), (85.0, -14.0)]