[(31.0, 365.0), (22.0, 372.0), (37.0, 372.0), (-10.0, 321.0), (66.0, 321.0), (10.0, 189.0), (60.0, 188.0), (-7.0, 95.0), (70.0, 93.0), (-8.0, 12.0), (67.0, 12.0), (0, 0), (60.0, 1.0), (-26.0, -18.0), (78.0, -19.0)]
[(31.0, 367.0), (22.0, 374.0), (38.0, 375.0), (-11.0, 321.0), (66.0, 323.0), (10.0, 191.0), (60.0, 192.0), (-6.0, 96.0), (70.0, 96.0), (-8.0, 13.0), (67.0, 15.0), (0, 0), (60.0, 5.0), (-26.0, -19.0), (78.0, -19.0)]
[(32.0, 367.0), (23.0, 374.0), (39.0, 375.0), (-11.0, 323.0), (67.0, 323.0), (11.0, 192.0), (61.0, 194.0), (-4.0, 96.0), (71.0, 96.0), (-7.0, 13.0), (68.0, 15.0), (0, 0), (61.0, 5.0), (-24.0, -19.0), (79.0, -19.0)]
[(32.0, 369.0), (23.0, 377.0), (39.0, 377.0), (-11.0, 325.0), (68.0, 325.0), (11.0, 193.0), (61.0, 195.0), (-4.0, 96.0), (71.0, 97.0), (-7.0, 13.0), (68.0, 15.0), (0, 0), (61.0, 5.0), (-24.0, -20.0), (79.0, -19.0)]
[(32.0, 371.0), (22.0, 379.0), (39.0, 379.0), (-11.0, 326.0), (68.0, 326.0), (11.0, 193.0), (61.0, 195.0), (-3.0, 96.0), (71.0, 98.0), (-7.0, 13.0), (69.0, 15.0), (0, 0), (61.0, 5.0), (-25.0, -20.0), (80.0, -19.0)]
[(32.0, 373.0), (22.0, 381.0), (39.0, 381.0), (-11.0, 327.0), (68.0, 328.0), (10.0, 194.0), (60.0, 195.0), (-2.0, 97.0), (72.0, 99.0), (-7.0, 13.0), (69.0, 15.0), (0, 0), (61.0, 5.0), (-26.0, -20.0), (80.0, -19.0)]
[(33.0, 374.0), (23.0, 381.0), (40.0, 382.0), (-10.0, 327.0), (70.0, 328.0), (11.0, 196.0), (61.0, 197.0), (-0.0, 98.0), (73.0, 99.0), (-6.0, 14.0), (70.0, 15.0), (0, 0), (62.0, 5.0), (-25.0, -20.0), (81.0, -19.0)]
[(33.0, 375.0), (23.0, 383.0), (40.0, 383.0), (-11.0, 328.0), (70.0, 328.0), (11.0, 197.0), (61.0, 197.0), (-0.0, 99.0), (73.0, 100.0), (-6.0, 14.0), (70.0, 15.0), (0, 0), (62.0, 5.0), (-26.0, -20.0), (81.0, -19.0)]
[(32.0, 375.0), (23.0, 382.0), (40.0, 382.0), (-12.0, 327.0), (70.0, 328.0), (9.0, 196.0), (60.0, 197.0), (1.0, 99.0), (72.0, 101.0), (-7.0, 14.0), (69.0, 15.0), (0, 0), (62.0, 5.0), (-27.0, -20.0), (80.0, -19.0)]
[(32.0, 374.0), (23.0, 382.0), (40.0, 382.0), (-12.0, 327.0), (70.0, 328.0), (9.0, 196.0), (59.0, 197.0), (2.0, 99.0), (71.0, 101.0), (-7.0, 14.0), (69.0, 15.0), (0, 0), (62.0, 5.0), (-27.0, -20.0), (80.0, -19.0)]
[(32.0, 375.0), (23.0, 382.0), (40.0, 382.0), (-12.0, 327.0), (70.0, 328.0), (9.0, 195.0), (59.0, 196.0), (2.0, 100.0), (71.0, 102.0), (-7.0, 14.0), (69.0, 15.0), (0, 0), (62.0, 5.0), (-26.0, -20.0), (80.0, -19.0)]
[(33.0, 375.0), (24.0, 383.0), (41.0, 382.0), (-11.0, 326.0), (71.0, 328.0), (10.0, 195.0), (59.0, 196.0), (3.0, 99.0), (72.0, 102.0), (-6.0, 14.0), (70.0, 15.0), (0, 0), (63.0, 5.0), (-24.0, -20.0), (81.0, -19.0)]
[(33.0, 375.0), (24.0, 382.0), (41.0, 382.0), (-11.0, 325.0), (71.0, 326.0), (10.0, 195.0), (59.0, 195.0), (3.0, 99.0), (72.0, 101.0), (-6.0, 13.0), (70.0, 14.0), (0, 0), (63.0, 4.0), (-23.0, -20.0), (81.0, -20.0)]
[(32.0, 375.0), (23.0, 382.0), (40.0, 382.0), (-12.0, 325.0), (70.0, 326.0), (8.0, 194.0), (58.0, 195.0), (1.0, 98.0), (70.0, 101.0), (-7.0, 14.0), (69.0, 14.0), (0, 0), (62.0, 4.0), (-24.0, -20.0), (80.0, -20.0)]
[(32.0, 374.0), (23.0, 382.0), (40.0, 382.0), (-12.0, 325.0), (70.0, 326.0), (8.0, 194.0), (57.0, 195.0), (-0.0, 98.0), (70.0, 100.0), (-7.0, 14.0), (69.0, 14.0), (0, 0), (62.0, 4.0), (-24.0, -20.0), (80.0, -20.0)]
[(32.0, 374.0), (23.0, 382.0), (40.0, 381.0), (-12.0, 325.0), (71.0, 326.0), (8.0, 194.0), (57.0, 194.0), (-1.0, 97.0), (70.0, 98.0), (-8.0, 13.0), (69.0, 14.0), (0, 0), (62.0, 4.0), (-24.0, -20.0), (80.0, -20.0)]
[(32.0, 374.0), (23.0, 382.0), (40.0, 381.0), (-12.0, 325.0), (71.0, 326.0), (7.0, 194.0), (57.0, 194.0), (-3.0, 97.0), (70.0, 97.0), (-8.0, 13.0), (69.0, 13.0), (0, 0), (62.0, 3.0), (-24.0, -21.0), (80.0, -21.0)]
[(32.0, 374.0), (23.0, 382.0), (40.0, 382.0), (-12.0, 326.0), (71.0, 326.0), (7.0, 194.0), (57.0, 194.0), (-5.0, 96.0), (69.0, 97.0), (-9.0, 12.0), (69.0, 13.0), (0, 0), (62.0, 3.0), (-25.0, -22.0), (80.0, -21.0)]
[(34.0, 374.0), (24.0, 382.0), (42.0, 381.0), (-11.0, 326.0), (72.0, 327.0), (8.0, 194.0), (58.0, 194.0), (-5.0, 96.0), (69.0, 97.0), (-8.0, 13.0), (70.0, 13.0), (0, 0), (63.0, 3.0), (-24.0, -22.0), (81.0, -21.0)]
[(34.0, 374.0), (24.0, 381.0), (42.0, 381.0), (-11.0, 326.0), (72.0, 327.0), (8.0, 193.0), (58.0, 194.0), (-5.0, 96.0), (69.0, 96.0), (-8.0, 13.0), (70.0, 12.0), (0, 0), (63.0, 2.0), (-24.0, -22.0), (81.0, -21.0)]
[(34.0, 374.0), (24.0, 381.0), (42.0, 381.0), (-11.0, 326.0), (72.0, 327.0), (8.0, 193.0), (58.0, 194.0), (-5.0, 96.0), (69.0, 96.0), (-8.0, 13.0), (70.0, 12.0), (0, 0), (63.0, 2.0), (-24.0, -22.0), (81.0, -21.0)]
[(34.0, 373.0), (24.0, 381.0), (42.0, 381.0), (-11.0, 325.0), (72.0, 327.0), (8.0, 193.0), (58.0, 194.0), (-5.0, 95.0), (69.0, 95.0), (-8.0, 12.0), (70.0, 11.0), (0, 0), (63.0, 1.0), (-22.0, -22.0), (81.0, -22.0)]
[(34.0, 373.0), (24.0, 381.0), (42.0, 381.0), (-11.0, 325.0), (72.0, 327.0), (8.0, 193.0), (58.0, 193.0), (-5.0, 94.0), (69.0, 95.0), (-8.0, 12.0), (69.0, 11.0), (0, 0), (63.0, 1.0), (-22.0, -22.0), (81.0, -22.0)]
[(33.0, 373.0), (23.0, 381.0), (41.0, 381.0), (-12.0, 325.0), (71.0, 327.0), (7.0, 193.0), (57.0, 193.0), (-6.0, 94.0), (68.0, 94.0), (-9.0, 12.0), (68.0, 11.0), (0, 0), (62.0, 1.0), (-23.0, -23.0), (80.0, -22.0)]
[(33.0, 375.0), (23.0, 382.0), (41.0, 382.0), (-12.0, 326.0), (71.0, 328.0), (8.0, 193.0), (58.0, 194.0), (-6.0, 95.0), (68.0, 95.0), (-9.0, 12.0), (68.0, 12.0), (0, 0), (62.0, 2.0), (-23.0, -22.0), (80.0, -21.0)]
[(33.0, 375.0), (23.0, 382.0), (41.0, 382.0), (-12.0, 326.0), (71.0, 328.0), (8.0, 193.0), (58.0, 194.0), (-5.0, 95.0), (68.0, 95.0), (-8.0, 12.0), (68.0, 12.0), (0, 0), (62.0, 2.0), (-23.0, -22.0), (81.0, -21.0)]
[(33.0, 375.0), (23.0, 383.0), (41.0, 382.0), (-12.0, 326.0), (72.0, 328.0), (8.0, 194.0), (58.0, 194.0), (-5.0, 95.0), (68.0, 95.0), (-8.0, 13.0), (69.0, 12.0), (0, 0), (62.0, 2.0), (-23.0, -22.0), (81.0, -21.0)]
[(33.0, 375.0), (23.0, 383.0), (41.0, 383.0), (-12.0, 326.0), (72.0, 328.0), (8.0, 193.0), (58.0, 194.0), (-5.0, 95.0), (68.0, 96.0), (-8.0, 13.0), (69.0, 12.0), (0, 0), (62.0, 2.0), (-23.0, -23.0), (81.0, -21.0)]
[(33.0, 375.0), (23.0, 383.0), (41.0, 383.0), (-12.0, 326.0), (72.0, 328.0), (8.0, 193.0), (58.0, 194.0), (-5.0, 95.0), (70.0, 96.0), (-9.0, 13.0), (69.0, 12.0), (0, 0), (62.0, 2.0), (-23.0, -23.0), (81.0, -21.0)]
[(33.0, 375.0), (23.0, 383.0), (41.0, 383.0), (-12.0, 326.0), (72.0, 328.0), (8.0, 193.0), (58.0, 194.0), (-5.0, 94.0), (71.0, 96.0), (-9.0, 12.0), (69.0, 13.0), (0, 0), (62.0, 2.0), (-23.0, -23.0), (81.0, -21.0)]
[(33.0, 375.0), (23.0, 383.0), (41.0, 383.0), (-12.0, 326.0), (72.0, 328.0), (8.0, 193.0), (58.0, 193.0), (-6.0, 94.0), (72.0, 95.0), (-9.0, 13.0), (69.0, 12.0), (0, 0), (62.0, 2.0), (-23.0, -23.0), (81.0, -21.0)]
[(33.0, 375.0), (23.0, 382.0), (41.0, 382.0), (-12.0, 325.0), (72.0, 328.0), (8.0, 191.0), (58.0, 192.0), (-6.0, 93.0), (72.0, 94.0), (-9.0, 13.0), (69.0, 12.0), (0, 0), (62.0, 2.0), (-24.0, -22.0), (81.0, -21.0)]
[(34.0, 374.0), (24.0, 381.0), (42.0, 381.0), (-11.0, 325.0), (73.0, 327.0), (8.0, 189.0), (60.0, 190.0), (-6.0, 92.0), (73.0, 92.0), (-8.0, 13.0), (70.0, 12.0), (0, 0), (63.0, 1.0), (-23.0, -22.0), (82.0, -21.0)]
[(34.0, 372.0), (24.0, 379.0), (42.0, 379.0), (-11.0, 323.0), (73.0, 326.0), (8.0, 187.0), (60.0, 188.0), (-7.0, 89.0), (73.0, 89.0), (-9.0, 12.0), (70.0, 11.0), (0, 0), (63.0, 0.0), (-23.0, -22.0), (82.0, -22.0)]
[(34.0, 369.0), (24.0, 376.0), (42.0, 377.0), (-12.0, 321.0), (73.0, 324.0), (8.0, 184.0), (60.0, 185.0), (-9.0, 88.0), (73.0, 87.0), (-9.0, 12.0), (70.0, 11.0), (0, 0), (63.0, 0.0), (-24.0, -20.0), (82.0, -22.0)]
[(34.0, 363.0), (24.0, 371.0), (42.0, 372.0), (-12.0, 318.0), (73.0, 320.0), (8.0, 179.0), (60.0, 181.0), (-12.0, 86.0), (73.0, 85.0), (-9.0, 13.0), (70.0, 9.0), (0, 0), (63.0, -1.0), (-24.0, -21.0), (82.0, -24.0)]
[(33.0, 360.0), (23.0, 368.0), (41.0, 368.0), (-14.0, 316.0), (72.0, 317.0), (7.0, 175.0), (59.0, 177.0), (-14.0, 86.0), (73.0, 84.0), (-9.0, 13.0), (68.0, 9.0), (0, 0), (61.0, -1.0), (-24.0, -21.0), (81.0, -24.0)]
[(33.0, 352.0), (23.0, 361.0), (40.0, 361.0), (-15.0, 312.0), (71.0, 312.0), (6.0, 172.0), (59.0, 173.0), (-17.0, 85.0), (73.0, 83.0), (-9.0, 13.0), (68.0, 9.0), (0, 0), (61.0, -1.0), (-24.0, -21.0), (81.0, -24.0)]
[(32.0, 348.0), (22.0, 356.0), (39.0, 356.0), (-16.0, 308.0), (70.0, 308.0), (6.0, 169.0), (59.0, 170.0), (-16.0, 84.0), (74.0, 81.0), (-9.0, 12.0), (69.0, 9.0), (0, 0), (61.0, -1.0), (-24.0, -21.0), (81.0, -24.0)]
[(32.0, 337.0), (23.0, 346.0), (39.0, 346.0), (-15.0, 302.0), (70.0, 302.0), (7.0, 165.0), (60.0, 166.0), (-15.0, 84.0), (76.0, 79.0), (-9.0, 12.0), (70.0, 9.0), (0, 0), (62.0, -1.0), (-23.0, -21.0), (82.0, -24.0)]
[(32.0, 332.0), (22.0, 340.0), (39.0, 340.0), (-15.0, 298.0), (69.0, 298.0), (7.0, 163.0), (60.0, 164.0), (-15.0, 84.0), (76.0, 79.0), (-9.0, 11.0), (70.0, 10.0), (0, 0), (62.0, 0.0), (-23.0, -20.0), (82.0, -23.0)]
[(31.0, 325.0), (21.0, 333.0), (38.0, 333.0), (-16.0, 291.0), (68.0, 292.0), (5.0, 160.0), (59.0, 161.0), (-17.0, 82.0), (76.0, 76.0), (-10.0, 10.0), (68.0, 9.0), (0, 0), (61.0, 0.0), (-24.0, -23.0), (80.0, -23.0)]
[(29.0, 321.0), (19.0, 328.0), (36.0, 328.0), (-18.0, 286.0), (64.0, 287.0), (2.0, 159.0), (56.0, 160.0), (-21.0, 81.0), (74.0, 77.0), (-11.0, 10.0), (66.0, 9.0), (0, 0), (59.0, 1.0), (-26.0, -22.0), (78.0, -22.0)]
[(28.0, 310.0), (19.0, 318.0), (35.0, 318.0), (-16.0, 277.0), (63.0, 280.0), (2.0, 156.0), (55.0, 157.0), (-23.0, 78.0), (74.0, 76.0), (-11.0, 9.0), (66.0, 9.0), (0, 0), (59.0, 1.0), (-26.0, -23.0), (78.0, -23.0)]
[(26.0, 299.0), (16.0, 308.0), (33.0, 308.0), (-18.0, 270.0), (61.0, 273.0), (-1.0, 152.0), (53.0, 153.0), (-28.0, 78.0), (73.0, 74.0), (-11.0, 10.0), (65.0, 9.0), (0, 0), (57.0, 1.0), (-28.0, -23.0), (76.0, -23.0)]
[(25.0, 268.0), (16.0, 276.0), (33.0, 275.0), (-18.0, 240.0), (61.0, 244.0), (-1.0, 140.0), (53.0, 143.0), (-33.0, 76.0), (74.0, 74.0), (-11.0, 10.0), (65.0, 9.0), (0, 0), (57.0, 1.0), (-29.0, -22.0), (77.0, -23.0)]
[(24.0, 259.0), (16.0, 268.0), (32.0, 267.0), (-18.0, 231.0), (59.0, 236.0), (-1.0, 135.0), (51.0, 136.0), (-38.0, 76.0), (74.0, 75.0), (-11.0, 10.0), (64.0, 10.0), (0, 0), (56.0, 1.0), (-30.0, -21.0), (75.0, -22.0)]
[(24.0, 254.0), (16.0, 262.0), (32.0, 261.0), (-16.0, 223.0), (59.0, 228.0), (-1.0, 130.0), (51.0, 130.0), (-39.0, 77.0), (75.0, 73.0), (-11.0, 10.0), (64.0, 10.0), (0, 0), (56.0, 2.0), (-30.0, -22.0), (75.0, -22.0)]
[(24.0, 245.0), (16.0, 253.0), (31.0, 253.0), (-16.0, 218.0), (59.0, 224.0), (1.0, 124.0), (51.0, 125.0), (-42.0, 80.0), (76.0, 74.0), (-11.0, 11.0), (64.0, 11.0), (0, 0), (56.0, 2.0), (-31.0, -21.0), (73.0, -21.0)]
[(25.0, 236.0), (17.0, 245.0), (32.0, 245.0), (-13.0, 212.0), (60.0, 215.0), (2.0, 119.0), (52.0, 119.0), (-40.0, 81.0), (79.0, 75.0), (-11.0, 11.0), (64.0, 11.0), (0, 0), (56.0, 3.0), (-30.0, -20.0), (74.0, -21.0)]
[(27.0, 233.0), (19.0, 241.0), (34.0, 241.0), (-10.0, 209.0), (62.0, 210.0), (4.0, 117.0), (53.0, 116.0), (-39.0, 82.0), (84.0, 77.0), (-10.0, 12.0), (66.0, 12.0), (0, 0), (58.0, 3.0), (-29.0, -19.0), (76.0, -19.0)]
[(27.0, 226.0), (19.0, 234.0), (34.0, 234.0), (-10.0, 201.0), (62.0, 202.0), (4.0, 113.0), (52.0, 112.0), (-38.0, 82.0), (84.0, 78.0), (-10.0, 12.0), (66.0, 11.0), (0, 0), (58.0, 3.0), (-29.0, -19.0), (76.0, -19.0)]
[(27.0, 222.0), (20.0, 230.0), (35.0, 230.0), (-10.0, 196.0), (62.0, 198.0), (4.0, 110.0), (52.0, 109.0), (-37.0, 81.0), (84.0, 78.0), (-10.0, 12.0), (66.0, 11.0), (0, 0), (57.0, 2.0), (-29.0, -19.0), (77.0, -19.0)]
[(29.0, 217.0), (22.0, 225.0), (37.0, 225.0), (-9.0, 194.0), (63.0, 193.0), (5.0, 108.0), (53.0, 108.0), (-36.0, 82.0), (85.0, 79.0), (-10.0, 12.0), (66.0, 12.0), (0, 0), (57.0, 3.0), (-28.0, -18.0), (78.0, -18.0)]
[(29.0, 214.0), (22.0, 222.0), (37.0, 222.0), (-8.0, 190.0), (64.0, 189.0), (5.0, 104.0), (53.0, 105.0), (-36.0, 80.0), (85.0, 77.0), (-9.0, 12.0), (66.0, 11.0), (0, 0), (57.0, 2.0), (-27.0, -19.0), (78.0, -19.0)]
[(31.0, 212.0), (23.0, 220.0), (38.0, 220.0), (-8.0, 188.0), (64.0, 186.0), (5.0, 104.0), (53.0, 104.0), (-35.0, 80.0), (85.0, 77.0), (-9.0, 12.0), (66.0, 12.0), (0, 0), (58.0, 2.0), (-27.0, -19.0), (77.0, -19.0)]
[(31.0, 211.0), (23.0, 219.0), (38.0, 220.0), (-6.0, 188.0), (65.0, 186.0), (6.0, 105.0), (54.0, 106.0), (-34.0, 80.0), (81.0, 79.0), (-8.0, 12.0), (66.0, 12.0), (0, 0), (58.0, 2.0), (-27.0, -19.0), (77.0, -19.0)]
[(31.0, 215.0), (23.0, 223.0), (38.0, 224.0), (-6.0, 192.0), (66.0, 191.0), (7.0, 109.0), (54.0, 110.0), (-32.0, 83.0), (78.0, 84.0), (-8.0, 13.0), (66.0, 13.0), (0, 0), (59.0, 2.0), (-27.0, -17.0), (77.0, -17.0)]
[(30.0, 218.0), (22.0, 226.0), (38.0, 226.0), (-7.0, 194.0), (65.0, 195.0), (6.0, 111.0), (54.0, 112.0), (-31.0, 83.0), (76.0, 85.0), (-9.0, 13.0), (65.0, 13.0), (0, 0), (58.0, 2.0), (-28.0, -17.0), (77.0, -17.0)]
[(30.0, 222.0), (23.0, 229.0), (38.0, 230.0), (-7.0, 197.0), (65.0, 197.0), (6.0, 120.0), (54.0, 118.0), (-28.0, 86.0), (73.0, 86.0), (-9.0, 13.0), (65.0, 13.0), (0, 0), (59.0, 2.0), (-27.0, -17.0), (76.0, -17.0)]
[(31.0, 227.0), (23.0, 233.0), (38.0, 234.0), (-6.0, 204.0), (65.0, 205.0), (6.0, 125.0), (54.0, 124.0), (-25.0, 87.0), (71.0, 89.0), (-9.0, 13.0), (65.0, 13.0), (0, 0), (59.0, 2.0), (-27.0, -17.0), (75.0, -17.0)]
[(31.0, 238.0), (23.0, 244.0), (38.0, 245.0), (-4.0, 212.0), (65.0, 211.0), (7.0, 130.0), (55.0, 129.0), (-22.0, 90.0), (70.0, 91.0), (-8.0, 13.0), (65.0, 13.0), (0, 0), (59.0, 2.0), (-27.0, -17.0), (75.0, -16.0)]
[(32.0, 250.0), (24.0, 256.0), (39.0, 256.0), (-4.0, 220.0), (66.0, 220.0), (9.0, 136.0), (55.0, 136.0), (-19.0, 93.0), (68.0, 95.0), (-8.0, 13.0), (65.0, 13.0), (0, 0), (59.0, 2.0), (-27.0, -16.0), (75.0, -16.0)]
[(33.0, 260.0), (25.0, 268.0), (40.0, 266.0), (-3.0, 229.0), (66.0, 230.0), (9.0, 144.0), (56.0, 145.0), (-15.0, 96.0), (66.0, 96.0), (-8.0, 13.0), (65.0, 13.0), (0, 0), (59.0, 2.0), (-27.0, -15.0), (76.0, -16.0)]
[(34.0, 270.0), (27.0, 278.0), (42.0, 277.0), (-2.0, 237.0), (68.0, 237.0), (11.0, 148.0), (57.0, 149.0), (-12.0, 95.0), (66.0, 95.0), (-7.0, 13.0), (66.0, 13.0), (0, 0), (61.0, 2.0), (-26.0, -15.0), (77.0, -16.0)]
[(34.0, 279.0), (26.0, 286.0), (42.0, 286.0), (-2.0, 247.0), (68.0, 246.0), (11.0, 154.0), (58.0, 155.0), (-10.0, 97.0), (64.0, 99.0), (-7.0, 13.0), (66.0, 13.0), (0, 0), (60.0, 2.0), (-26.0, -15.0), (76.0, -16.0)]
[(34.0, 290.0), (26.0, 296.0), (42.0, 297.0), (-2.0, 256.0), (69.0, 254.0), (10.0, 159.0), (58.0, 159.0), (-7.0, 103.0), (62.0, 106.0), (-7.0, 13.0), (66.0, 13.0), (0, 0), (61.0, 2.0), (-26.0, -15.0), (73.0, -15.0)]
[(35.0, 297.0), (27.0, 305.0), (42.0, 305.0), (-3.0, 268.0), (71.0, 265.0), (10.0, 166.0), (58.0, 165.0), (-7.0, 100.0), (63.0, 102.0), (-7.0, 13.0), (66.0, 13.0), (0, 0), (61.0, 3.0), (-26.0, -15.0), (73.0, -16.0)]
[(35.0, 304.0), (27.0, 312.0), (42.0, 312.0), (-4.0, 273.0), (73.0, 272.0), (9.0, 169.0), (58.0, 169.0), (-6.0, 99.0), (64.0, 100.0), (-7.0, 13.0), (66.0, 14.0), (0, 0), (60.0, 4.0), (-26.0, -15.0), (73.0, -15.0)]
[(35.0, 337.0), (28.0, 345.0), (42.0, 345.0), (-5.0, 291.0), (75.0, 294.0), (9.0, 180.0), (58.0, 177.0), (-5.0, 99.0), (65.0, 97.0), (-7.0, 14.0), (66.0, 13.0), (0, 0), (60.0, 2.0), (-28.0, -14.0), (73.0, -14.0)]