[(38.0, 373.0), (29.0, 382.0), (45.0, 381.0), (-7.0, 331.0), (81.0, 328.0), (14.0, 204.0), (64.0, 202.0), (-6.0, 107.0), (88.0, 109.0), (-8.0, 13.0), (95.0, 13.0), (0, 0), (87.0, 1.0), (-27.0, -18.0), (116.0, -15.0)]
[(39.0, 375.0), (31.0, 384.0), (46.0, 384.0), (-7.0, 332.0), (82.0, 330.0), (13.0, 205.0), (65.0, 205.0), (-4.0, 106.0), (89.0, 109.0), (-7.0, 13.0), (95.0, 13.0), (0, 0), (89.0, 0.0), (-26.0, -18.0), (118.0, -15.0)]
[(39.0, 391.0), (30.0, 401.0), (47.0, 401.0), (-9.0, 344.0), (82.0, 341.0), (12.0, 209.0), (65.0, 209.0), (2.0, 106.0), (82.0, 109.0), (-7.0, 12.0), (95.0, 12.0), (0, 0), (89.0, 0.0), (-28.0, -20.0), (117.0, -16.0)]
[(38.0, 395.0), (29.0, 405.0), (46.0, 405.0), (-9.0, 344.0), (82.0, 342.0), (13.0, 207.0), (65.0, 207.0), (4.0, 106.0), (79.0, 109.0), (-6.0, 12.0), (94.0, 12.0), (0, 0), (89.0, 1.0), (-29.0, -20.0), (116.0, -16.0)]
[(37.0, 396.0), (27.0, 406.0), (45.0, 406.0), (-10.0, 345.0), (80.0, 344.0), (12.0, 211.0), (63.0, 211.0), (4.0, 108.0), (75.0, 110.0), (-7.0, 12.0), (93.0, 12.0), (0, 0), (88.0, 1.0), (-31.0, -20.0), (115.0, -16.0)]
[(36.0, 397.0), (27.0, 406.0), (45.0, 406.0), (-9.0, 345.0), (80.0, 346.0), (12.0, 210.0), (63.0, 210.0), (4.0, 108.0), (76.0, 110.0), (-7.0, 12.0), (93.0, 12.0), (0, 0), (89.0, 2.0), (-31.0, -20.0), (115.0, -16.0)]
[(36.0, 397.0), (27.0, 406.0), (45.0, 406.0), (-9.0, 345.0), (80.0, 346.0), (12.0, 209.0), (63.0, 209.0), (4.0, 108.0), (77.0, 109.0), (-7.0, 12.0), (93.0, 12.0), (0, 0), (89.0, 3.0), (-31.0, -21.0), (114.0, -16.0)]
[(36.0, 397.0), (27.0, 407.0), (45.0, 406.0), (-9.0, 346.0), (79.0, 346.0), (13.0, 210.0), (63.0, 210.0), (4.0, 107.0), (77.0, 109.0), (-7.0, 12.0), (93.0, 13.0), (0, 0), (88.0, 3.0), (-31.0, -21.0), (114.0, -16.0)]
[(37.0, 397.0), (27.0, 407.0), (45.0, 406.0), (-9.0, 345.0), (79.0, 346.0), (13.0, 210.0), (62.0, 210.0), (4.0, 107.0), (77.0, 109.0), (-7.0, 12.0), (93.0, 13.0), (0, 0), (88.0, 4.0), (-31.0, -22.0), (114.0, -16.0)]
[(36.0, 396.0), (27.0, 405.0), (45.0, 405.0), (-9.0, 345.0), (79.0, 343.0), (12.0, 210.0), (62.0, 210.0), (3.0, 107.0), (77.0, 108.0), (-7.0, 12.0), (92.0, 13.0), (0, 0), (88.0, 4.0), (-30.0, -22.0), (114.0, -15.0)]
[(37.0, 394.0), (27.0, 404.0), (45.0, 403.0), (-9.0, 344.0), (79.0, 341.0), (12.0, 210.0), (62.0, 209.0), (3.0, 107.0), (78.0, 108.0), (-7.0, 12.0), (92.0, 13.0), (0, 0), (88.0, 4.0), (-30.0, -22.0), (114.0, -15.0)]
[(37.0, 394.0), (27.0, 403.0), (45.0, 403.0), (-9.0, 343.0), (79.0, 341.0), (12.0, 210.0), (62.0, 209.0), (2.0, 108.0), (78.0, 108.0), (-7.0, 12.0), (92.0, 13.0), (0, 0), (88.0, 3.0), (-30.0, -22.0), (114.0, -15.0)]
[(37.0, 392.0), (27.0, 402.0), (45.0, 401.0), (-9.0, 341.0), (80.0, 339.0), (12.0, 208.0), (62.0, 208.0), (2.0, 107.0), (78.0, 108.0), (-7.0, 12.0), (92.0, 13.0), (0, 0), (88.0, 3.0), (-30.0, -22.0), (114.0, -16.0)]
[(38.0, 381.0), (28.0, 391.0), (46.0, 390.0), (-9.0, 335.0), (80.0, 334.0), (12.0, 204.0), (63.0, 205.0), (-3.0, 107.0), (86.0, 107.0), (-7.0, 13.0), (92.0, 13.0), (0, 0), (88.0, 3.0), (-30.0, -21.0), (114.0, -15.0)]
[(39.0, 368.0), (28.0, 378.0), (46.0, 378.0), (-10.0, 323.0), (80.0, 321.0), (12.0, 191.0), (64.0, 193.0), (-7.0, 103.0), (90.0, 103.0), (-7.0, 12.0), (92.0, 12.0), (0, 0), (88.0, 1.0), (-31.0, -22.0), (114.0, -16.0)]
[(39.0, 364.0), (29.0, 374.0), (46.0, 373.0), (-10.0, 319.0), (81.0, 318.0), (12.0, 190.0), (64.0, 192.0), (-8.0, 103.0), (92.0, 103.0), (-7.0, 12.0), (92.0, 11.0), (0, 0), (88.0, 0.0), (-31.0, -22.0), (114.0, -16.0)]
[(38.0, 352.0), (28.0, 362.0), (45.0, 361.0), (-11.0, 310.0), (80.0, 307.0), (11.0, 183.0), (64.0, 185.0), (-13.0, 101.0), (94.0, 102.0), (-8.0, 12.0), (91.0, 11.0), (0, 0), (87.0, 0.0), (-32.0, -22.0), (112.0, -16.0)]
[(39.0, 320.0), (29.0, 330.0), (46.0, 330.0), (-10.0, 282.0), (80.0, 280.0), (12.0, 160.0), (64.0, 162.0), (-17.0, 96.0), (101.0, 100.0), (-8.0, 12.0), (92.0, 11.0), (0, 0), (86.0, 1.0), (-32.0, -21.0), (112.0, -16.0)]
[(37.0, 284.0), (29.0, 293.0), (44.0, 293.0), (-6.0, 251.0), (81.0, 248.0), (13.0, 144.0), (65.0, 145.0), (-20.0, 91.0), (108.0, 93.0), (-8.0, 12.0), (93.0, 12.0), (0, 0), (86.0, 1.0), (-32.0, -21.0), (113.0, -16.0)]
[(37.0, 265.0), (30.0, 273.0), (45.0, 273.0), (-4.0, 235.0), (82.0, 234.0), (16.0, 136.0), (65.0, 137.0), (-21.0, 92.0), (107.0, 93.0), (-8.0, 12.0), (94.0, 12.0), (0, 0), (86.0, 1.0), (-31.0, -20.0), (114.0, -16.0)]
[(38.0, 262.0), (31.0, 271.0), (46.0, 270.0), (-3.0, 234.0), (82.0, 231.0), (16.0, 135.0), (65.0, 136.0), (-21.0, 91.0), (106.0, 93.0), (-9.0, 11.0), (94.0, 11.0), (0, 0), (86.0, -1.0), (-31.0, -19.0), (114.0, -17.0)]
[(40.0, 224.0), (32.0, 233.0), (48.0, 233.0), (-0.0, 202.0), (84.0, 201.0), (20.0, 110.0), (66.0, 108.0), (-23.0, 92.0), (110.0, 94.0), (-9.0, 12.0), (95.0, 12.0), (0, 0), (87.0, 0.0), (-30.0, -18.0), (115.0, -16.0)]
[(41.0, 223.0), (33.0, 232.0), (49.0, 232.0), (1.0, 200.0), (84.0, 199.0), (22.0, 106.0), (68.0, 105.0), (-23.0, 91.0), (111.0, 94.0), (-8.0, 11.0), (95.0, 12.0), (0, 0), (87.0, 0.0), (-29.0, -19.0), (114.0, -16.0)]
[(41.0, 206.0), (33.0, 216.0), (50.0, 216.0), (1.0, 190.0), (84.0, 189.0), (23.0, 95.0), (69.0, 94.0), (-24.0, 92.0), (111.0, 95.0), (-9.0, 12.0), (95.0, 13.0), (0, 0), (86.0, 1.0), (-29.0, -18.0), (114.0, -15.0)]
[(42.0, 200.0), (33.0, 211.0), (51.0, 211.0), (1.0, 188.0), (85.0, 185.0), (22.0, 93.0), (69.0, 90.0), (-27.0, 92.0), (112.0, 95.0), (-9.0, 12.0), (95.0, 13.0), (0, 0), (86.0, 1.0), (-29.0, -18.0), (114.0, -15.0)]
[(42.0, 201.0), (33.0, 211.0), (51.0, 211.0), (2.0, 188.0), (85.0, 185.0), (23.0, 90.0), (69.0, 88.0), (-27.0, 92.0), (112.0, 95.0), (-9.0, 12.0), (95.0, 13.0), (0, 0), (86.0, 1.0), (-28.0, -18.0), (114.0, -16.0)]
[(42.0, 201.0), (33.0, 211.0), (51.0, 211.0), (2.0, 188.0), (85.0, 186.0), (22.0, 91.0), (69.0, 88.0), (-28.0, 92.0), (112.0, 95.0), (-9.0, 12.0), (95.0, 13.0), (0, 0), (86.0, 1.0), (-29.0, -18.0), (114.0, -16.0)]
[(42.0, 210.0), (33.0, 219.0), (51.0, 218.0), (1.0, 193.0), (84.0, 191.0), (22.0, 98.0), (69.0, 97.0), (-27.0, 91.0), (112.0, 94.0), (-9.0, 11.0), (95.0, 12.0), (0, 0), (86.0, 0.0), (-29.0, -19.0), (115.0, -17.0)]
[(42.0, 217.0), (33.0, 225.0), (50.0, 225.0), (1.0, 199.0), (84.0, 198.0), (22.0, 103.0), (68.0, 103.0), (-26.0, 91.0), (112.0, 93.0), (-9.0, 11.0), (95.0, 12.0), (0, 0), (86.0, 0.0), (-29.0, -19.0), (115.0, -17.0)]
[(42.0, 236.0), (33.0, 244.0), (50.0, 245.0), (1.0, 217.0), (81.0, 215.0), (22.0, 127.0), (68.0, 129.0), (-24.0, 91.0), (111.0, 94.0), (-9.0, 11.0), (95.0, 12.0), (0, 0), (86.0, 0.0), (-29.0, -19.0), (115.0, -17.0)]
[(40.0, 242.0), (33.0, 249.0), (48.0, 250.0), (1.0, 221.0), (80.0, 218.0), (20.0, 129.0), (68.0, 130.0), (-24.0, 91.0), (110.0, 94.0), (-9.0, 11.0), (95.0, 12.0), (0, 0), (86.0, 0.0), (-29.0, -19.0), (115.0, -17.0)]
[(40.0, 258.0), (33.0, 266.0), (48.0, 266.0), (1.0, 233.0), (78.0, 229.0), (17.0, 136.0), (65.0, 138.0), (-23.0, 91.0), (109.0, 94.0), (-8.0, 11.0), (95.0, 12.0), (0, 0), (86.0, 0.0), (-29.0, -19.0), (115.0, -17.0)]
[(40.0, 298.0), (32.0, 307.0), (47.0, 306.0), (1.0, 264.0), (79.0, 261.0), (16.0, 159.0), (65.0, 162.0), (-19.0, 92.0), (107.0, 97.0), (-8.0, 12.0), (95.0, 12.0), (0, 0), (86.0, 1.0), (-29.0, -18.0), (115.0, -16.0)]
[(39.0, 317.0), (32.0, 326.0), (46.0, 325.0), (1.0, 282.0), (79.0, 277.0), (16.0, 172.0), (65.0, 171.0), (-17.0, 97.0), (103.0, 98.0), (-8.0, 11.0), (95.0, 11.0), (0, 0), (86.0, 0.0), (-29.0, -19.0), (115.0, -17.0)]
[(39.0, 322.0), (32.0, 330.0), (46.0, 330.0), (1.0, 284.0), (80.0, 278.0), (16.0, 173.0), (65.0, 173.0), (-16.0, 99.0), (103.0, 99.0), (-8.0, 13.0), (95.0, 13.0), (0, 0), (86.0, 1.0), (-29.0, -18.0), (115.0, -15.0)]
[(40.0, 341.0), (33.0, 348.0), (47.0, 348.0), (1.0, 298.0), (81.0, 297.0), (16.0, 185.0), (66.0, 186.0), (-13.0, 102.0), (102.0, 101.0), (-7.0, 13.0), (96.0, 14.0), (0, 0), (88.0, 1.0), (-27.0, -19.0), (117.0, -15.0)]
[(41.0, 372.0), (33.0, 380.0), (48.0, 381.0), (-1.0, 327.0), (83.0, 325.0), (16.0, 201.0), (66.0, 200.0), (-5.0, 106.0), (94.0, 108.0), (-7.0, 13.0), (96.0, 14.0), (0, 0), (89.0, 2.0), (-27.0, -19.0), (117.0, -15.0)]