[(41.0, 351.0), (32.0, 359.0), (49.0, 358.0), (1.0, 311.0), (77.0, 308.0), (16.0, 182.0), (66.0, 183.0), (-2.0, 92.0), (79.0, 89.0), (-6.0, 12.0), (77.0, 14.0), (0, 0), (71.0, 4.0), (-23.0, -18.0), (87.0, -17.0)]
[(42.0, 357.0), (32.0, 364.0), (49.0, 363.0), (-0.0, 316.0), (77.0, 314.0), (16.0, 186.0), (66.0, 186.0), (-1.0, 94.0), (79.0, 90.0), (-6.0, 13.0), (77.0, 14.0), (0, 0), (71.0, 4.0), (-23.0, -18.0), (87.0, -17.0)]
[(43.0, 358.0), (33.0, 366.0), (50.0, 366.0), (-0.0, 320.0), (78.0, 318.0), (17.0, 188.0), (67.0, 189.0), (-0.0, 95.0), (80.0, 91.0), (-5.0, 13.0), (78.0, 13.0), (0, 0), (71.0, 4.0), (-22.0, -18.0), (88.0, -18.0)]
[(43.0, 364.0), (33.0, 372.0), (51.0, 371.0), (-1.0, 324.0), (78.0, 323.0), (17.0, 191.0), (67.0, 192.0), (1.0, 97.0), (80.0, 94.0), (-6.0, 13.0), (78.0, 13.0), (0, 0), (71.0, 4.0), (-23.0, -18.0), (88.0, -18.0)]
[(43.0, 368.0), (33.0, 376.0), (51.0, 376.0), (-2.0, 326.0), (78.0, 326.0), (17.0, 193.0), (67.0, 194.0), (-0.0, 97.0), (81.0, 96.0), (-6.0, 13.0), (78.0, 14.0), (0, 0), (70.0, 4.0), (-23.0, -18.0), (88.0, -18.0)]
[(43.0, 371.0), (33.0, 379.0), (50.0, 379.0), (-2.0, 329.0), (78.0, 328.0), (17.0, 196.0), (67.0, 197.0), (1.0, 100.0), (80.0, 98.0), (-6.0, 14.0), (78.0, 14.0), (0, 0), (70.0, 4.0), (-23.0, -18.0), (88.0, -18.0)]
[(43.0, 375.0), (33.0, 383.0), (50.0, 382.0), (-2.0, 330.0), (77.0, 330.0), (17.0, 200.0), (66.0, 201.0), (2.0, 102.0), (80.0, 101.0), (-7.0, 14.0), (79.0, 15.0), (0, 0), (72.0, 5.0), (-23.0, -18.0), (88.0, -18.0)]
[(44.0, 375.0), (34.0, 383.0), (51.0, 383.0), (-1.0, 328.0), (78.0, 330.0), (18.0, 199.0), (67.0, 199.0), (4.0, 102.0), (81.0, 100.0), (-6.0, 14.0), (81.0, 14.0), (0, 0), (74.0, 5.0), (-22.0, -19.0), (89.0, -19.0)]
[(43.0, 375.0), (34.0, 382.0), (51.0, 382.0), (-2.0, 328.0), (78.0, 330.0), (17.0, 200.0), (67.0, 200.0), (4.0, 103.0), (81.0, 101.0), (-6.0, 14.0), (81.0, 14.0), (0, 0), (74.0, 4.0), (-22.0, -20.0), (90.0, -19.0)]
[(43.0, 374.0), (33.0, 382.0), (51.0, 382.0), (-2.0, 328.0), (78.0, 329.0), (16.0, 199.0), (65.0, 198.0), (4.0, 102.0), (80.0, 101.0), (-6.0, 14.0), (81.0, 14.0), (0, 0), (74.0, 4.0), (-22.0, -20.0), (90.0, -18.0)]
[(43.0, 373.0), (33.0, 381.0), (51.0, 381.0), (-3.0, 329.0), (78.0, 329.0), (15.0, 198.0), (64.0, 198.0), (4.0, 102.0), (80.0, 102.0), (-6.0, 14.0), (81.0, 14.0), (0, 0), (74.0, 4.0), (-23.0, -20.0), (90.0, -18.0)]
[(42.0, 372.0), (33.0, 380.0), (50.0, 380.0), (-4.0, 328.0), (78.0, 327.0), (14.0, 196.0), (64.0, 196.0), (4.0, 101.0), (80.0, 102.0), (-6.0, 13.0), (81.0, 14.0), (0, 0), (74.0, 4.0), (-23.0, -21.0), (90.0, -19.0)]
[(41.0, 374.0), (31.0, 381.0), (49.0, 381.0), (-6.0, 328.0), (76.0, 329.0), (13.0, 197.0), (63.0, 197.0), (3.0, 102.0), (78.0, 103.0), (-7.0, 14.0), (79.0, 15.0), (0, 0), (72.0, 5.0), (-23.0, -21.0), (88.0, -18.0)]
[(40.0, 374.0), (31.0, 381.0), (48.0, 381.0), (-6.0, 328.0), (76.0, 329.0), (13.0, 198.0), (62.0, 198.0), (3.0, 102.0), (78.0, 103.0), (-7.0, 14.0), (79.0, 15.0), (0, 0), (72.0, 4.0), (-23.0, -22.0), (88.0, -18.0)]
[(40.0, 373.0), (31.0, 381.0), (48.0, 381.0), (-6.0, 328.0), (76.0, 329.0), (13.0, 198.0), (62.0, 198.0), (3.0, 102.0), (78.0, 103.0), (-7.0, 14.0), (79.0, 15.0), (0, 0), (72.0, 4.0), (-23.0, -22.0), (89.0, -18.0)]
[(40.0, 373.0), (31.0, 381.0), (47.0, 381.0), (-6.0, 329.0), (76.0, 330.0), (12.0, 198.0), (62.0, 198.0), (2.0, 102.0), (78.0, 102.0), (-7.0, 13.0), (79.0, 15.0), (0, 0), (72.0, 4.0), (-23.0, -22.0), (89.0, -18.0)]
[(39.0, 373.0), (30.0, 381.0), (47.0, 381.0), (-7.0, 329.0), (75.0, 329.0), (12.0, 198.0), (62.0, 198.0), (1.0, 101.0), (77.0, 102.0), (-8.0, 13.0), (78.0, 15.0), (0, 0), (71.0, 4.0), (-23.0, -22.0), (89.0, -18.0)]
[(39.0, 374.0), (30.0, 382.0), (47.0, 382.0), (-7.0, 330.0), (75.0, 331.0), (12.0, 198.0), (62.0, 199.0), (1.0, 101.0), (77.0, 102.0), (-8.0, 13.0), (78.0, 15.0), (0, 0), (71.0, 5.0), (-23.0, -22.0), (89.0, -17.0)]
[(39.0, 374.0), (30.0, 382.0), (47.0, 382.0), (-7.0, 330.0), (75.0, 331.0), (12.0, 198.0), (62.0, 198.0), (-0.0, 100.0), (76.0, 101.0), (-8.0, 13.0), (78.0, 15.0), (0, 0), (71.0, 5.0), (-23.0, -22.0), (89.0, -17.0)]
[(38.0, 374.0), (29.0, 382.0), (46.0, 382.0), (-7.0, 330.0), (75.0, 331.0), (12.0, 198.0), (62.0, 198.0), (-1.0, 98.0), (76.0, 100.0), (-8.0, 12.0), (78.0, 15.0), (0, 0), (71.0, 4.0), (-24.0, -22.0), (90.0, -17.0)]
[(38.0, 375.0), (29.0, 382.0), (46.0, 382.0), (-8.0, 330.0), (75.0, 331.0), (12.0, 198.0), (62.0, 198.0), (-2.0, 97.0), (76.0, 99.0), (-8.0, 12.0), (78.0, 15.0), (0, 0), (70.0, 4.0), (-24.0, -22.0), (90.0, -17.0)]
[(38.0, 376.0), (29.0, 383.0), (46.0, 383.0), (-8.0, 331.0), (75.0, 332.0), (12.0, 198.0), (62.0, 198.0), (-2.0, 97.0), (76.0, 97.0), (-8.0, 12.0), (77.0, 15.0), (0, 0), (70.0, 4.0), (-24.0, -22.0), (90.0, -18.0)]
[(39.0, 377.0), (30.0, 384.0), (47.0, 384.0), (-7.0, 332.0), (76.0, 332.0), (12.0, 199.0), (63.0, 199.0), (-2.0, 97.0), (75.0, 97.0), (-8.0, 12.0), (78.0, 15.0), (0, 0), (71.0, 5.0), (-23.0, -21.0), (90.0, -17.0)]
[(39.0, 377.0), (30.0, 384.0), (47.0, 384.0), (-7.0, 332.0), (76.0, 332.0), (12.0, 199.0), (63.0, 199.0), (-2.0, 97.0), (75.0, 97.0), (-8.0, 12.0), (78.0, 15.0), (0, 0), (71.0, 5.0), (-23.0, -22.0), (91.0, -17.0)]
[(38.0, 376.0), (29.0, 384.0), (47.0, 384.0), (-7.0, 332.0), (76.0, 333.0), (12.0, 198.0), (62.0, 199.0), (-2.0, 97.0), (75.0, 97.0), (-8.0, 12.0), (78.0, 15.0), (0, 0), (71.0, 5.0), (-23.0, -22.0), (90.0, -17.0)]
[(38.0, 376.0), (29.0, 384.0), (47.0, 384.0), (-7.0, 332.0), (76.0, 333.0), (12.0, 198.0), (62.0, 199.0), (-2.0, 98.0), (75.0, 98.0), (-8.0, 12.0), (78.0, 15.0), (0, 0), (71.0, 6.0), (-23.0, -22.0), (90.0, -17.0)]
[(38.0, 376.0), (29.0, 383.0), (46.0, 384.0), (-7.0, 331.0), (76.0, 332.0), (12.0, 197.0), (63.0, 198.0), (-1.0, 97.0), (75.0, 97.0), (-8.0, 12.0), (78.0, 15.0), (0, 0), (71.0, 5.0), (-23.0, -23.0), (90.0, -18.0)]
[(38.0, 376.0), (29.0, 383.0), (46.0, 384.0), (-7.0, 331.0), (76.0, 332.0), (12.0, 197.0), (63.0, 198.0), (-1.0, 97.0), (75.0, 97.0), (-8.0, 12.0), (78.0, 15.0), (0, 0), (71.0, 5.0), (-23.0, -23.0), (90.0, -18.0)]
[(37.0, 376.0), (28.0, 383.0), (46.0, 384.0), (-7.0, 331.0), (75.0, 332.0), (11.0, 197.0), (63.0, 198.0), (-1.0, 98.0), (75.0, 98.0), (-8.0, 13.0), (78.0, 15.0), (0, 0), (71.0, 5.0), (-23.0, -22.0), (90.0, -18.0)]
[(37.0, 376.0), (28.0, 384.0), (45.0, 384.0), (-7.0, 331.0), (75.0, 332.0), (11.0, 197.0), (63.0, 198.0), (-2.0, 98.0), (76.0, 98.0), (-8.0, 12.0), (79.0, 15.0), (0, 0), (72.0, 5.0), (-22.0, -22.0), (90.0, -18.0)]
[(37.0, 376.0), (28.0, 384.0), (45.0, 384.0), (-7.0, 331.0), (74.0, 332.0), (11.0, 196.0), (63.0, 196.0), (-2.0, 98.0), (77.0, 97.0), (-8.0, 12.0), (79.0, 15.0), (0, 0), (72.0, 5.0), (-22.0, -22.0), (90.0, -18.0)]
[(36.0, 375.0), (28.0, 383.0), (45.0, 384.0), (-8.0, 331.0), (74.0, 332.0), (11.0, 195.0), (63.0, 195.0), (-2.0, 98.0), (77.0, 97.0), (-8.0, 12.0), (79.0, 15.0), (0, 0), (72.0, 5.0), (-22.0, -22.0), (90.0, -18.0)]
[(36.0, 374.0), (27.0, 382.0), (45.0, 383.0), (-8.0, 329.0), (74.0, 332.0), (11.0, 194.0), (63.0, 194.0), (-2.0, 96.0), (78.0, 96.0), (-8.0, 12.0), (79.0, 15.0), (0, 0), (71.0, 5.0), (-21.0, -23.0), (90.0, -18.0)]
[(36.0, 370.0), (27.0, 379.0), (44.0, 380.0), (-9.0, 328.0), (73.0, 332.0), (11.0, 191.0), (63.0, 193.0), (-3.0, 95.0), (78.0, 95.0), (-8.0, 12.0), (79.0, 15.0), (0, 0), (71.0, 5.0), (-21.0, -23.0), (90.0, -18.0)]
[(36.0, 369.0), (27.0, 378.0), (44.0, 379.0), (-9.0, 326.0), (73.0, 331.0), (11.0, 191.0), (63.0, 192.0), (-4.0, 94.0), (79.0, 94.0), (-8.0, 12.0), (78.0, 14.0), (0, 0), (70.0, 4.0), (-20.0, -23.0), (90.0, -18.0)]
[(36.0, 366.0), (27.0, 375.0), (44.0, 376.0), (-10.0, 323.0), (72.0, 328.0), (11.0, 185.0), (64.0, 188.0), (-5.0, 92.0), (80.0, 92.0), (-8.0, 11.0), (78.0, 12.0), (0, 0), (71.0, 2.0), (-20.0, -22.0), (90.0, -20.0)]
[(35.0, 365.0), (27.0, 374.0), (44.0, 375.0), (-11.0, 322.0), (72.0, 326.0), (10.0, 183.0), (64.0, 185.0), (-8.0, 91.0), (81.0, 90.0), (-7.0, 12.0), (79.0, 13.0), (0, 0), (72.0, 4.0), (-20.0, -21.0), (90.0, -19.0)]
[(34.0, 361.0), (26.0, 370.0), (42.0, 370.0), (-12.0, 320.0), (71.0, 324.0), (8.0, 178.0), (63.0, 181.0), (-11.0, 90.0), (80.0, 89.0), (-8.0, 12.0), (79.0, 13.0), (0, 0), (71.0, 4.0), (-21.0, -21.0), (89.0, -19.0)]
[(34.0, 358.0), (25.0, 366.0), (42.0, 366.0), (-12.0, 316.0), (71.0, 319.0), (7.0, 174.0), (62.0, 177.0), (-18.0, 85.0), (82.0, 86.0), (-9.0, 12.0), (80.0, 13.0), (0, 0), (73.0, 4.0), (-22.0, -21.0), (89.0, -19.0)]
[(33.0, 354.0), (24.0, 362.0), (40.0, 363.0), (-12.0, 314.0), (71.0, 317.0), (7.0, 174.0), (62.0, 177.0), (-17.0, 85.0), (82.0, 85.0), (-9.0, 13.0), (80.0, 15.0), (0, 0), (72.0, 6.0), (-22.0, -19.0), (89.0, -17.0)]
[(31.0, 353.0), (22.0, 360.0), (39.0, 360.0), (-13.0, 312.0), (70.0, 316.0), (6.0, 173.0), (62.0, 175.0), (-18.0, 87.0), (84.0, 84.0), (-9.0, 14.0), (79.0, 16.0), (0, 0), (71.0, 8.0), (-24.0, -16.0), (88.0, -16.0)]
[(31.0, 345.0), (22.0, 353.0), (39.0, 353.0), (-13.0, 308.0), (70.0, 309.0), (6.0, 170.0), (62.0, 171.0), (-19.0, 86.0), (85.0, 82.0), (-8.0, 13.0), (79.0, 16.0), (0, 0), (71.0, 7.0), (-25.0, -16.0), (88.0, -16.0)]
[(31.0, 340.0), (21.0, 347.0), (39.0, 347.0), (-13.0, 302.0), (70.0, 304.0), (6.0, 169.0), (62.0, 171.0), (-21.0, 86.0), (87.0, 82.0), (-8.0, 12.0), (80.0, 16.0), (0, 0), (73.0, 8.0), (-26.0, -17.0), (89.0, -15.0)]
[(31.0, 331.0), (21.0, 339.0), (39.0, 339.0), (-12.0, 296.0), (69.0, 297.0), (6.0, 164.0), (62.0, 165.0), (-23.0, 82.0), (88.0, 77.0), (-9.0, 11.0), (80.0, 13.0), (0, 0), (73.0, 6.0), (-27.0, -18.0), (89.0, -17.0)]
[(31.0, 322.0), (21.0, 330.0), (39.0, 331.0), (-12.0, 286.0), (70.0, 292.0), (6.0, 160.0), (62.0, 161.0), (-25.0, 81.0), (88.0, 76.0), (-9.0, 12.0), (78.0, 11.0), (0, 0), (71.0, 5.0), (-30.0, -18.0), (89.0, -18.0)]
[(31.0, 317.0), (21.0, 325.0), (39.0, 326.0), (-10.0, 281.0), (69.0, 286.0), (6.0, 156.0), (62.0, 157.0), (-27.0, 82.0), (87.0, 77.0), (-10.0, 12.0), (79.0, 12.0), (0, 0), (71.0, 5.0), (-29.0, -18.0), (90.0, -17.0)]
[(30.0, 308.0), (20.0, 315.0), (38.0, 317.0), (-11.0, 272.0), (69.0, 278.0), (5.0, 151.0), (61.0, 151.0), (-30.0, 80.0), (87.0, 74.0), (-12.0, 10.0), (78.0, 10.0), (0, 0), (69.0, 4.0), (-30.0, -20.0), (91.0, -18.0)]
[(29.0, 298.0), (20.0, 306.0), (37.0, 307.0), (-12.0, 264.0), (67.0, 270.0), (5.0, 145.0), (60.0, 147.0), (-31.0, 79.0), (86.0, 74.0), (-13.0, 11.0), (77.0, 11.0), (0, 0), (68.0, 4.0), (-31.0, -21.0), (90.0, -19.0)]
[(30.0, 293.0), (20.0, 301.0), (37.0, 301.0), (-12.0, 257.0), (67.0, 263.0), (6.0, 143.0), (60.0, 145.0), (-32.0, 79.0), (87.0, 73.0), (-13.0, 10.0), (77.0, 10.0), (0, 0), (69.0, 3.0), (-31.0, -22.0), (89.0, -20.0)]
[(30.0, 281.0), (21.0, 289.0), (37.0, 290.0), (-9.0, 250.0), (67.0, 253.0), (7.0, 140.0), (60.0, 142.0), (-32.0, 78.0), (88.0, 73.0), (-13.0, 10.0), (77.0, 9.0), (0, 0), (68.0, 2.0), (-31.0, -23.0), (89.0, -21.0)]
[(31.0, 257.0), (22.0, 264.0), (38.0, 265.0), (-8.0, 225.0), (67.0, 227.0), (7.0, 126.0), (60.0, 128.0), (-36.0, 78.0), (90.0, 73.0), (-12.0, 10.0), (75.0, 8.0), (0, 0), (66.0, 0.0), (-31.0, -22.0), (87.0, -21.0)]
[(31.0, 249.0), (23.0, 257.0), (38.0, 257.0), (-7.0, 220.0), (68.0, 224.0), (7.0, 124.0), (60.0, 124.0), (-37.0, 80.0), (91.0, 76.0), (-12.0, 12.0), (74.0, 11.0), (0, 0), (66.0, 3.0), (-32.0, -19.0), (85.0, -18.0)]
[(32.0, 243.0), (24.0, 250.0), (40.0, 250.0), (-5.0, 216.0), (68.0, 220.0), (9.0, 123.0), (60.0, 124.0), (-35.0, 80.0), (93.0, 80.0), (-11.0, 12.0), (75.0, 12.0), (0, 0), (67.0, 5.0), (-30.0, -18.0), (86.0, -17.0)]
[(33.0, 235.0), (25.0, 243.0), (41.0, 243.0), (-4.0, 212.0), (69.0, 212.0), (9.0, 121.0), (60.0, 121.0), (-36.0, 80.0), (94.0, 80.0), (-11.0, 12.0), (75.0, 12.0), (0, 0), (67.0, 5.0), (-30.0, -18.0), (86.0, -17.0)]
[(34.0, 228.0), (26.0, 236.0), (43.0, 236.0), (-2.0, 206.0), (70.0, 207.0), (10.0, 116.0), (61.0, 115.0), (-35.0, 83.0), (96.0, 80.0), (-10.0, 12.0), (76.0, 13.0), (0, 0), (67.0, 5.0), (-29.0, -18.0), (87.0, -17.0)]
[(36.0, 225.0), (27.0, 232.0), (44.0, 233.0), (-1.0, 203.0), (70.0, 204.0), (10.0, 115.0), (61.0, 114.0), (-34.0, 84.0), (96.0, 81.0), (-10.0, 13.0), (76.0, 13.0), (0, 0), (67.0, 3.0), (-30.0, -16.0), (88.0, -16.0)]
[(36.0, 220.0), (27.0, 228.0), (44.0, 229.0), (-1.0, 200.0), (70.0, 202.0), (11.0, 115.0), (61.0, 115.0), (-34.0, 84.0), (96.0, 81.0), (-9.0, 13.0), (76.0, 13.0), (0, 0), (68.0, 3.0), (-29.0, -16.0), (90.0, -15.0)]
[(36.0, 218.0), (28.0, 225.0), (44.0, 226.0), (-1.0, 197.0), (70.0, 198.0), (12.0, 114.0), (61.0, 114.0), (-34.0, 83.0), (96.0, 81.0), (-9.0, 13.0), (76.0, 12.0), (0, 0), (68.0, 1.0), (-30.0, -16.0), (92.0, -15.0)]
[(36.0, 215.0), (27.0, 222.0), (43.0, 224.0), (-1.0, 195.0), (69.0, 196.0), (11.0, 112.0), (60.0, 111.0), (-35.0, 82.0), (95.0, 80.0), (-9.0, 12.0), (75.0, 11.0), (0, 0), (67.0, 0.0), (-30.0, -17.0), (90.0, -16.0)]
[(36.0, 213.0), (27.0, 220.0), (43.0, 222.0), (-0.0, 195.0), (69.0, 195.0), (11.0, 111.0), (60.0, 110.0), (-34.0, 82.0), (95.0, 80.0), (-9.0, 12.0), (75.0, 11.0), (0, 0), (67.0, 1.0), (-30.0, -17.0), (90.0, -16.0)]
[(36.0, 211.0), (27.0, 219.0), (44.0, 220.0), (-0.0, 193.0), (69.0, 194.0), (11.0, 110.0), (60.0, 110.0), (-34.0, 81.0), (95.0, 79.0), (-8.0, 12.0), (75.0, 11.0), (0, 0), (67.0, 0.0), (-28.0, -17.0), (90.0, -17.0)]
[(36.0, 212.0), (27.0, 220.0), (44.0, 221.0), (-0.0, 194.0), (69.0, 194.0), (11.0, 111.0), (60.0, 110.0), (-34.0, 81.0), (95.0, 79.0), (-8.0, 12.0), (75.0, 11.0), (0, 0), (67.0, 0.0), (-28.0, -18.0), (90.0, -17.0)]
[(35.0, 213.0), (26.0, 221.0), (43.0, 222.0), (-2.0, 194.0), (68.0, 194.0), (10.0, 112.0), (60.0, 110.0), (-34.0, 81.0), (95.0, 80.0), (-9.0, 12.0), (74.0, 11.0), (0, 0), (66.0, 0.0), (-30.0, -18.0), (89.0, -17.0)]
[(35.0, 217.0), (26.0, 225.0), (43.0, 226.0), (-1.0, 197.0), (68.0, 197.0), (10.0, 113.0), (60.0, 112.0), (-33.0, 82.0), (94.0, 81.0), (-9.0, 13.0), (74.0, 13.0), (0, 0), (67.0, 3.0), (-30.0, -17.0), (88.0, -16.0)]
[(35.0, 218.0), (26.0, 226.0), (43.0, 227.0), (-1.0, 198.0), (69.0, 199.0), (11.0, 113.0), (61.0, 113.0), (-32.0, 82.0), (94.0, 81.0), (-9.0, 12.0), (75.0, 14.0), (0, 0), (68.0, 4.0), (-30.0, -17.0), (87.0, -16.0)]
[(35.0, 225.0), (26.0, 231.0), (43.0, 232.0), (-1.0, 200.0), (68.0, 203.0), (11.0, 118.0), (61.0, 118.0), (-32.0, 82.0), (92.0, 81.0), (-9.0, 13.0), (75.0, 15.0), (0, 0), (68.0, 5.0), (-29.0, -16.0), (86.0, -16.0)]
[(35.0, 230.0), (26.0, 237.0), (43.0, 237.0), (-1.0, 205.0), (68.0, 208.0), (11.0, 122.0), (61.0, 124.0), (-31.0, 80.0), (90.0, 79.0), (-8.0, 12.0), (76.0, 13.0), (0, 0), (70.0, 3.0), (-28.0, -17.0), (86.0, -18.0)]
[(35.0, 239.0), (27.0, 246.0), (43.0, 246.0), (-1.0, 213.0), (68.0, 218.0), (11.0, 129.0), (61.0, 129.0), (-29.0, 82.0), (89.0, 81.0), (-8.0, 13.0), (76.0, 15.0), (0, 0), (70.0, 5.0), (-28.0, -15.0), (86.0, -16.0)]
[(35.0, 248.0), (27.0, 255.0), (43.0, 254.0), (-1.0, 221.0), (68.0, 223.0), (11.0, 131.0), (61.0, 133.0), (-28.0, 82.0), (87.0, 83.0), (-8.0, 13.0), (76.0, 15.0), (0, 0), (70.0, 5.0), (-29.0, -14.0), (87.0, -16.0)]
[(36.0, 259.0), (27.0, 266.0), (44.0, 265.0), (-1.0, 230.0), (68.0, 231.0), (11.0, 139.0), (61.0, 141.0), (-25.0, 82.0), (86.0, 83.0), (-8.0, 13.0), (76.0, 14.0), (0, 0), (70.0, 5.0), (-29.0, -14.0), (87.0, -16.0)]
[(36.0, 267.0), (27.0, 274.0), (44.0, 274.0), (-1.0, 239.0), (68.0, 239.0), (12.0, 146.0), (61.0, 148.0), (-22.0, 85.0), (84.0, 90.0), (-8.0, 14.0), (76.0, 16.0), (0, 0), (70.0, 6.0), (-29.0, -13.0), (86.0, -15.0)]
[(36.0, 277.0), (27.0, 284.0), (44.0, 284.0), (-1.0, 246.0), (69.0, 247.0), (12.0, 152.0), (61.0, 154.0), (-18.0, 90.0), (81.0, 96.0), (-9.0, 14.0), (76.0, 16.0), (0, 0), (70.0, 5.0), (-29.0, -13.0), (86.0, -15.0)]
[(36.0, 288.0), (27.0, 294.0), (44.0, 295.0), (-1.0, 255.0), (69.0, 255.0), (12.0, 157.0), (61.0, 158.0), (-16.0, 92.0), (80.0, 94.0), (-9.0, 14.0), (76.0, 15.0), (0, 0), (70.0, 5.0), (-29.0, -14.0), (86.0, -15.0)]
[(36.0, 296.0), (27.0, 303.0), (44.0, 303.0), (-1.0, 264.0), (69.0, 264.0), (12.0, 162.0), (62.0, 162.0), (-15.0, 94.0), (80.0, 95.0), (-9.0, 14.0), (76.0, 15.0), (0, 0), (70.0, 4.0), (-28.0, -14.0), (86.0, -15.0)]
[(37.0, 307.0), (28.0, 313.0), (45.0, 314.0), (-0.0, 271.0), (71.0, 272.0), (14.0, 165.0), (64.0, 167.0), (-11.0, 95.0), (82.0, 94.0), (-8.0, 14.0), (77.0, 15.0), (0, 0), (71.0, 5.0), (-27.0, -13.0), (87.0, -15.0)]
[(38.0, 317.0), (30.0, 322.0), (46.0, 323.0), (1.0, 279.0), (73.0, 280.0), (15.0, 170.0), (65.0, 172.0), (-9.0, 94.0), (82.0, 93.0), (-7.0, 14.0), (78.0, 15.0), (0, 0), (72.0, 5.0), (-26.0, -14.0), (88.0, -15.0)]
[(39.0, 324.0), (30.0, 330.0), (46.0, 331.0), (1.0, 285.0), (73.0, 288.0), (16.0, 173.0), (65.0, 175.0), (-6.0, 93.0), (82.0, 93.0), (-7.0, 13.0), (77.0, 14.0), (0, 0), (72.0, 3.0), (-25.0, -15.0), (88.0, -16.0)]
[(39.0, 331.0), (30.0, 338.0), (47.0, 338.0), (1.0, 292.0), (73.0, 294.0), (15.0, 177.0), (66.0, 178.0), (-4.0, 94.0), (82.0, 92.0), (-7.0, 13.0), (77.0, 14.0), (0, 0), (69.0, 3.0), (-23.0, -16.0), (88.0, -17.0)]
[(39.0, 360.0), (30.0, 367.0), (47.0, 367.0), (-0.0, 321.0), (74.0, 317.0), (15.0, 192.0), (66.0, 191.0), (-2.0, 97.0), (81.0, 91.0), (-7.0, 12.0), (77.0, 14.0), (0, 0), (69.0, 4.0), (-23.0, -17.0), (88.0, -17.0)]