[(41.0, 375.0), (33.0, 384.0), (50.0, 383.0), (-3.0, 332.0), (83.0, 328.0), (13.0, 204.0), (65.0, 202.0), (-8.0, 106.0), (94.0, 107.0), (-8.0, 13.0), (98.0, 13.0), (0, 0), (91.0, 0.0), (-31.0, -20.0), (121.0, -16.0)]
[(40.0, 377.0), (32.0, 386.0), (49.0, 386.0), (-4.0, 333.0), (83.0, 329.0), (12.0, 204.0), (64.0, 203.0), (-8.0, 106.0), (90.0, 109.0), (-8.0, 13.0), (97.0, 13.0), (0, 0), (90.0, 0.0), (-33.0, -21.0), (120.0, -17.0)]
[(40.0, 388.0), (31.0, 397.0), (49.0, 398.0), (-5.0, 341.0), (83.0, 337.0), (12.0, 207.0), (64.0, 206.0), (-6.0, 106.0), (87.0, 110.0), (-8.0, 13.0), (96.0, 13.0), (0, 0), (90.0, 1.0), (-34.0, -21.0), (119.0, -16.0)]
[(40.0, 396.0), (31.0, 405.0), (49.0, 405.0), (-6.0, 342.0), (83.0, 342.0), (12.0, 209.0), (65.0, 209.0), (1.0, 106.0), (82.0, 110.0), (-8.0, 12.0), (95.0, 13.0), (0, 0), (90.0, 1.0), (-34.0, -21.0), (118.0, -16.0)]
[(40.0, 397.0), (31.0, 407.0), (49.0, 407.0), (-6.0, 343.0), (83.0, 342.0), (12.0, 212.0), (64.0, 212.0), (1.0, 108.0), (79.0, 111.0), (-8.0, 12.0), (95.0, 13.0), (0, 0), (90.0, 1.0), (-34.0, -22.0), (117.0, -16.0)]
[(41.0, 397.0), (32.0, 406.0), (50.0, 406.0), (-5.0, 344.0), (84.0, 342.0), (13.0, 212.0), (65.0, 212.0), (3.0, 108.0), (80.0, 111.0), (-7.0, 13.0), (95.0, 13.0), (0, 0), (91.0, 1.0), (-33.0, -22.0), (118.0, -16.0)]
[(40.0, 397.0), (31.0, 406.0), (50.0, 405.0), (-4.0, 344.0), (84.0, 343.0), (14.0, 212.0), (65.0, 212.0), (4.0, 108.0), (80.0, 110.0), (-7.0, 13.0), (95.0, 13.0), (0, 0), (91.0, 1.0), (-33.0, -22.0), (118.0, -16.0)]
[(40.0, 397.0), (31.0, 406.0), (50.0, 405.0), (-4.0, 344.0), (84.0, 343.0), (14.0, 212.0), (65.0, 212.0), (4.0, 107.0), (80.0, 110.0), (-7.0, 13.0), (95.0, 13.0), (0, 0), (91.0, 1.0), (-33.0, -22.0), (118.0, -17.0)]
[(40.0, 397.0), (31.0, 406.0), (50.0, 406.0), (-4.0, 344.0), (84.0, 344.0), (15.0, 211.0), (66.0, 211.0), (4.0, 107.0), (81.0, 109.0), (-7.0, 13.0), (95.0, 13.0), (0, 0), (91.0, 1.0), (-33.0, -22.0), (117.0, -17.0)]
[(40.0, 398.0), (31.0, 407.0), (50.0, 406.0), (-4.0, 346.0), (84.0, 345.0), (17.0, 212.0), (66.0, 213.0), (4.0, 108.0), (81.0, 110.0), (-7.0, 14.0), (95.0, 14.0), (0, 0), (91.0, 2.0), (-34.0, -21.0), (117.0, -16.0)]
[(40.0, 397.0), (31.0, 406.0), (49.0, 406.0), (-4.0, 346.0), (84.0, 344.0), (17.0, 211.0), (66.0, 212.0), (3.0, 108.0), (80.0, 110.0), (-7.0, 14.0), (95.0, 14.0), (0, 0), (91.0, 2.0), (-34.0, -21.0), (117.0, -16.0)]
[(39.0, 397.0), (31.0, 406.0), (49.0, 406.0), (-4.0, 346.0), (84.0, 343.0), (17.0, 211.0), (66.0, 211.0), (3.0, 108.0), (80.0, 110.0), (-7.0, 14.0), (95.0, 14.0), (0, 0), (91.0, 2.0), (-34.0, -21.0), (117.0, -16.0)]
[(40.0, 395.0), (31.0, 404.0), (49.0, 404.0), (-4.0, 344.0), (84.0, 341.0), (16.0, 210.0), (66.0, 210.0), (1.0, 108.0), (81.0, 110.0), (-7.0, 14.0), (95.0, 14.0), (0, 0), (91.0, 2.0), (-34.0, -21.0), (117.0, -16.0)]
[(40.0, 394.0), (32.0, 403.0), (50.0, 402.0), (-4.0, 343.0), (85.0, 340.0), (16.0, 210.0), (66.0, 210.0), (-2.0, 108.0), (82.0, 110.0), (-7.0, 14.0), (95.0, 14.0), (0, 0), (91.0, 2.0), (-35.0, -21.0), (117.0, -17.0)]
[(41.0, 383.0), (32.0, 393.0), (50.0, 393.0), (-5.0, 338.0), (85.0, 335.0), (16.0, 205.0), (66.0, 207.0), (-5.0, 108.0), (87.0, 109.0), (-7.0, 14.0), (95.0, 14.0), (0, 0), (91.0, 2.0), (-35.0, -21.0), (117.0, -17.0)]
[(42.0, 381.0), (33.0, 391.0), (50.0, 390.0), (-5.0, 337.0), (85.0, 334.0), (16.0, 205.0), (66.0, 206.0), (-7.0, 108.0), (89.0, 109.0), (-7.0, 15.0), (96.0, 14.0), (0, 0), (91.0, 3.0), (-36.0, -20.0), (118.0, -15.0)]
[(43.0, 357.0), (34.0, 366.0), (51.0, 365.0), (-6.0, 310.0), (86.0, 310.0), (15.0, 189.0), (66.0, 189.0), (-10.0, 106.0), (97.0, 108.0), (-7.0, 15.0), (97.0, 15.0), (0, 0), (91.0, 3.0), (-35.0, -20.0), (118.0, -15.0)]
[(44.0, 337.0), (35.0, 346.0), (51.0, 346.0), (-6.0, 292.0), (86.0, 293.0), (14.0, 174.0), (66.0, 175.0), (-13.0, 98.0), (103.0, 104.0), (-7.0, 13.0), (97.0, 13.0), (0, 0), (91.0, 1.0), (-34.0, -22.0), (119.0, -17.0)]
[(44.0, 319.0), (35.0, 328.0), (52.0, 327.0), (-6.0, 276.0), (86.0, 275.0), (13.0, 164.0), (67.0, 164.0), (-18.0, 94.0), (106.0, 100.0), (-7.0, 12.0), (98.0, 12.0), (0, 0), (91.0, 0.0), (-33.0, -23.0), (119.0, -18.0)]
[(44.0, 316.0), (35.0, 326.0), (52.0, 325.0), (-6.0, 274.0), (86.0, 272.0), (13.0, 161.0), (67.0, 162.0), (-20.0, 95.0), (107.0, 96.0), (-8.0, 12.0), (98.0, 12.0), (0, 0), (91.0, 0.0), (-33.0, -23.0), (120.0, -18.0)]
[(43.0, 282.0), (35.0, 291.0), (50.0, 291.0), (-4.0, 248.0), (86.0, 245.0), (13.0, 142.0), (66.0, 143.0), (-24.0, 91.0), (109.0, 92.0), (-8.0, 12.0), (98.0, 11.0), (0, 0), (90.0, 0.0), (-32.0, -23.0), (121.0, -18.0)]
[(41.0, 265.0), (34.0, 274.0), (49.0, 274.0), (-1.0, 232.0), (86.0, 227.0), (13.0, 135.0), (66.0, 136.0), (-26.0, 88.0), (111.0, 92.0), (-8.0, 11.0), (98.0, 11.0), (0, 0), (90.0, -1.0), (-31.0, -22.0), (121.0, -18.0)]
[(40.0, 261.0), (33.0, 271.0), (48.0, 270.0), (-1.0, 232.0), (85.0, 228.0), (12.0, 137.0), (64.0, 136.0), (-27.0, 88.0), (110.0, 91.0), (-9.0, 11.0), (97.0, 11.0), (0, 0), (89.0, -1.0), (-32.0, -22.0), (120.0, -18.0)]
[(40.0, 248.0), (33.0, 257.0), (48.0, 257.0), (-1.0, 221.0), (85.0, 217.0), (13.0, 126.0), (64.0, 127.0), (-27.0, 88.0), (112.0, 92.0), (-9.0, 11.0), (97.0, 11.0), (0, 0), (88.0, -1.0), (-32.0, -21.0), (120.0, -18.0)]
[(40.0, 223.0), (33.0, 232.0), (48.0, 231.0), (-2.0, 200.0), (83.0, 198.0), (15.0, 108.0), (63.0, 108.0), (-29.0, 90.0), (114.0, 93.0), (-10.0, 11.0), (96.0, 12.0), (0, 0), (87.0, 0.0), (-33.0, -20.0), (119.0, -17.0)]
[(41.0, 211.0), (33.0, 220.0), (49.0, 221.0), (-2.0, 194.0), (83.0, 189.0), (16.0, 100.0), (63.0, 99.0), (-30.0, 89.0), (115.0, 94.0), (-10.0, 10.0), (96.0, 12.0), (0, 0), (87.0, 0.0), (-33.0, -20.0), (118.0, -16.0)]
[(41.0, 212.0), (33.0, 222.0), (49.0, 221.0), (-2.0, 192.0), (83.0, 189.0), (17.0, 101.0), (63.0, 99.0), (-31.0, 88.0), (115.0, 94.0), (-10.0, 10.0), (96.0, 12.0), (0, 0), (87.0, -1.0), (-32.0, -20.0), (119.0, -16.0)]
[(40.0, 207.0), (33.0, 216.0), (49.0, 216.0), (-2.0, 188.0), (83.0, 183.0), (17.0, 95.0), (63.0, 93.0), (-32.0, 87.0), (116.0, 94.0), (-10.0, 11.0), (96.0, 14.0), (0, 0), (87.0, 1.0), (-32.0, -19.0), (118.0, -15.0)]
[(40.0, 205.0), (33.0, 215.0), (49.0, 215.0), (-2.0, 187.0), (83.0, 183.0), (18.0, 94.0), (63.0, 93.0), (-32.0, 88.0), (117.0, 94.0), (-10.0, 11.0), (96.0, 14.0), (0, 0), (87.0, 1.0), (-32.0, -19.0), (118.0, -15.0)]
[(40.0, 203.0), (33.0, 213.0), (49.0, 213.0), (-2.0, 184.0), (83.0, 181.0), (18.0, 92.0), (62.0, 91.0), (-32.0, 88.0), (117.0, 94.0), (-10.0, 11.0), (96.0, 14.0), (0, 0), (86.0, 1.0), (-31.0, -19.0), (118.0, -15.0)]
[(40.0, 209.0), (33.0, 217.0), (49.0, 218.0), (-2.0, 190.0), (83.0, 187.0), (19.0, 95.0), (64.0, 95.0), (-32.0, 88.0), (118.0, 94.0), (-10.0, 11.0), (96.0, 13.0), (0, 0), (86.0, 0.0), (-30.0, -19.0), (118.0, -15.0)]
[(41.0, 215.0), (33.0, 224.0), (49.0, 224.0), (-1.0, 196.0), (83.0, 193.0), (19.0, 101.0), (66.0, 101.0), (-32.0, 88.0), (118.0, 94.0), (-10.0, 11.0), (96.0, 13.0), (0, 0), (86.0, 0.0), (-30.0, -19.0), (118.0, -15.0)]
[(41.0, 215.0), (33.0, 224.0), (50.0, 224.0), (-1.0, 197.0), (83.0, 194.0), (19.0, 102.0), (66.0, 102.0), (-32.0, 87.0), (118.0, 93.0), (-10.0, 10.0), (96.0, 12.0), (0, 0), (86.0, -1.0), (-30.0, -20.0), (118.0, -16.0)]
[(42.0, 238.0), (34.0, 247.0), (50.0, 247.0), (-1.0, 211.0), (82.0, 213.0), (17.0, 122.0), (66.0, 124.0), (-31.0, 88.0), (117.0, 93.0), (-10.0, 11.0), (96.0, 12.0), (0, 0), (86.0, -1.0), (-30.0, -20.0), (119.0, -16.0)]
[(41.0, 260.0), (34.0, 268.0), (49.0, 268.0), (-1.0, 228.0), (82.0, 225.0), (15.0, 134.0), (65.0, 136.0), (-29.0, 88.0), (113.0, 92.0), (-10.0, 11.0), (97.0, 12.0), (0, 0), (88.0, -1.0), (-30.0, -20.0), (119.0, -16.0)]
[(41.0, 281.0), (33.0, 289.0), (48.0, 289.0), (-1.0, 246.0), (82.0, 245.0), (14.0, 147.0), (65.0, 148.0), (-26.0, 91.0), (110.0, 92.0), (-10.0, 11.0), (97.0, 12.0), (0, 0), (88.0, -1.0), (-30.0, -19.0), (119.0, -16.0)]
[(41.0, 283.0), (34.0, 292.0), (49.0, 291.0), (-0.0, 247.0), (83.0, 245.0), (13.0, 149.0), (65.0, 149.0), (-24.0, 91.0), (109.0, 91.0), (-9.0, 11.0), (97.0, 11.0), (0, 0), (89.0, -1.0), (-29.0, -20.0), (119.0, -16.0)]
[(41.0, 306.0), (34.0, 314.0), (49.0, 315.0), (-1.0, 263.0), (83.0, 263.0), (11.0, 161.0), (65.0, 161.0), (-23.0, 94.0), (107.0, 94.0), (-9.0, 11.0), (97.0, 11.0), (0, 0), (89.0, -1.0), (-29.0, -20.0), (119.0, -16.0)]
[(41.0, 306.0), (33.0, 315.0), (48.0, 315.0), (-1.0, 266.0), (83.0, 265.0), (11.0, 163.0), (65.0, 162.0), (-22.0, 94.0), (107.0, 94.0), (-9.0, 11.0), (97.0, 11.0), (0, 0), (89.0, -1.0), (-30.0, -21.0), (119.0, -16.0)]
[(41.0, 327.0), (33.0, 335.0), (48.0, 335.0), (-4.0, 280.0), (84.0, 283.0), (11.0, 175.0), (65.0, 174.0), (-20.0, 93.0), (104.0, 95.0), (-9.0, 10.0), (97.0, 10.0), (0, 0), (89.0, -2.0), (-29.0, -22.0), (119.0, -17.0)]
[(40.0, 368.0), (32.0, 376.0), (48.0, 376.0), (-6.0, 318.0), (84.0, 317.0), (11.0, 195.0), (65.0, 194.0), (-11.0, 104.0), (96.0, 102.0), (-9.0, 11.0), (97.0, 11.0), (0, 0), (89.0, -1.0), (-32.0, -21.0), (119.0, -16.0)]