[(43.0, 348.0), (35.0, 356.0), (50.0, 356.0), (-4.0, 301.0), (80.0, 297.0), (11.0, 181.0), (63.0, 180.0), (-2.0, 95.0), (75.0, 92.0), (-6.0, 13.0), (80.0, 16.0), (0, 0), (78.0, 9.0), (-27.0, -18.0), (85.0, -15.0)]
[(43.0, 353.0), (35.0, 361.0), (50.0, 361.0), (-5.0, 304.0), (80.0, 302.0), (11.0, 182.0), (63.0, 182.0), (-2.0, 95.0), (76.0, 92.0), (-6.0, 13.0), (81.0, 17.0), (0, 0), (80.0, 11.0), (-27.0, -18.0), (85.0, -15.0)]
[(43.0, 357.0), (35.0, 365.0), (50.0, 365.0), (-5.0, 307.0), (80.0, 305.0), (13.0, 183.0), (65.0, 183.0), (-2.0, 94.0), (76.0, 93.0), (-6.0, 13.0), (82.0, 18.0), (0, 0), (83.0, 12.0), (-27.0, -18.0), (85.0, -14.0)]
[(43.0, 361.0), (35.0, 370.0), (50.0, 370.0), (-5.0, 310.0), (80.0, 309.0), (13.0, 185.0), (65.0, 186.0), (-1.0, 95.0), (76.0, 96.0), (-6.0, 14.0), (82.0, 18.0), (0, 0), (83.0, 11.0), (-27.0, -17.0), (85.0, -14.0)]
[(43.0, 365.0), (34.0, 374.0), (50.0, 374.0), (-5.0, 313.0), (80.0, 310.0), (13.0, 186.0), (65.0, 188.0), (-0.0, 97.0), (76.0, 99.0), (-5.0, 14.0), (82.0, 19.0), (0, 0), (82.0, 12.0), (-27.0, -16.0), (85.0, -13.0)]
[(42.0, 371.0), (34.0, 380.0), (49.0, 379.0), (-5.0, 315.0), (80.0, 313.0), (13.0, 193.0), (65.0, 193.0), (1.0, 99.0), (76.0, 102.0), (-5.0, 14.0), (83.0, 20.0), (0, 0), (82.0, 12.0), (-28.0, -16.0), (86.0, -13.0)]
[(42.0, 371.0), (33.0, 379.0), (49.0, 379.0), (-5.0, 314.0), (80.0, 314.0), (13.0, 192.0), (64.0, 192.0), (1.0, 100.0), (76.0, 102.0), (-5.0, 14.0), (82.0, 21.0), (0, 0), (82.0, 12.0), (-30.0, -16.0), (86.0, -13.0)]
[(41.0, 371.0), (32.0, 379.0), (49.0, 379.0), (-5.0, 316.0), (80.0, 315.0), (12.0, 192.0), (63.0, 191.0), (1.0, 100.0), (77.0, 101.0), (-5.0, 14.0), (83.0, 21.0), (0, 0), (83.0, 12.0), (-30.0, -15.0), (86.0, -13.0)]
[(39.0, 371.0), (31.0, 380.0), (47.0, 380.0), (-6.0, 315.0), (79.0, 315.0), (11.0, 190.0), (60.0, 190.0), (-0.0, 99.0), (76.0, 100.0), (-6.0, 14.0), (82.0, 20.0), (0, 0), (82.0, 12.0), (-30.0, -15.0), (85.0, -13.0)]
[(39.0, 371.0), (30.0, 379.0), (47.0, 380.0), (-8.0, 315.0), (79.0, 315.0), (10.0, 189.0), (60.0, 189.0), (-0.0, 98.0), (76.0, 100.0), (-6.0, 14.0), (82.0, 20.0), (0, 0), (82.0, 12.0), (-30.0, -15.0), (85.0, -13.0)]
[(38.0, 372.0), (30.0, 380.0), (47.0, 380.0), (-9.0, 315.0), (79.0, 316.0), (10.0, 189.0), (60.0, 190.0), (-1.0, 97.0), (76.0, 100.0), (-6.0, 14.0), (82.0, 21.0), (0, 0), (82.0, 14.0), (-30.0, -14.0), (84.0, -12.0)]
[(36.0, 372.0), (28.0, 380.0), (45.0, 380.0), (-11.0, 314.0), (77.0, 315.0), (8.0, 189.0), (59.0, 189.0), (-3.0, 97.0), (74.0, 99.0), (-7.0, 14.0), (81.0, 21.0), (0, 0), (81.0, 14.0), (-31.0, -18.0), (83.0, -13.0)]
[(36.0, 373.0), (28.0, 381.0), (45.0, 381.0), (-11.0, 315.0), (76.0, 316.0), (8.0, 190.0), (58.0, 190.0), (-3.0, 97.0), (74.0, 100.0), (-7.0, 14.0), (80.0, 21.0), (0, 0), (80.0, 14.0), (-31.0, -17.0), (83.0, -12.0)]
[(36.0, 372.0), (28.0, 381.0), (44.0, 381.0), (-11.0, 315.0), (76.0, 316.0), (8.0, 190.0), (58.0, 190.0), (-3.0, 98.0), (72.0, 100.0), (-7.0, 14.0), (80.0, 20.0), (0, 0), (78.0, 12.0), (-31.0, -17.0), (83.0, -13.0)]
[(37.0, 373.0), (28.0, 381.0), (45.0, 381.0), (-10.0, 315.0), (76.0, 317.0), (8.0, 190.0), (58.0, 190.0), (-3.0, 97.0), (73.0, 99.0), (-7.0, 14.0), (80.0, 20.0), (0, 0), (78.0, 12.0), (-30.0, -17.0), (84.0, -13.0)]
[(36.0, 373.0), (28.0, 381.0), (44.0, 381.0), (-11.0, 316.0), (75.0, 317.0), (7.0, 190.0), (58.0, 190.0), (-4.0, 95.0), (73.0, 98.0), (-7.0, 14.0), (80.0, 20.0), (0, 0), (78.0, 12.0), (-29.0, -17.0), (84.0, -14.0)]
[(36.0, 373.0), (27.0, 381.0), (44.0, 381.0), (-11.0, 317.0), (75.0, 318.0), (7.0, 190.0), (57.0, 190.0), (-4.0, 95.0), (74.0, 97.0), (-7.0, 13.0), (80.0, 20.0), (0, 0), (78.0, 13.0), (-30.0, -17.0), (84.0, -14.0)]
[(35.0, 373.0), (26.0, 381.0), (43.0, 381.0), (-11.0, 319.0), (73.0, 319.0), (7.0, 191.0), (57.0, 191.0), (-4.0, 95.0), (74.0, 97.0), (-7.0, 13.0), (80.0, 20.0), (0, 0), (78.0, 13.0), (-30.0, -17.0), (84.0, -14.0)]
[(35.0, 374.0), (26.0, 381.0), (42.0, 381.0), (-11.0, 323.0), (71.0, 324.0), (7.0, 193.0), (57.0, 193.0), (-5.0, 95.0), (74.0, 97.0), (-8.0, 13.0), (80.0, 20.0), (0, 0), (78.0, 12.0), (-30.0, -18.0), (84.0, -15.0)]
[(35.0, 375.0), (25.0, 382.0), (42.0, 382.0), (-11.0, 326.0), (70.0, 325.0), (7.0, 194.0), (57.0, 194.0), (-5.0, 96.0), (75.0, 98.0), (-8.0, 14.0), (80.0, 19.0), (0, 0), (78.0, 10.0), (-30.0, -17.0), (86.0, -14.0)]
[(35.0, 375.0), (25.0, 382.0), (43.0, 382.0), (-11.0, 326.0), (70.0, 325.0), (8.0, 194.0), (58.0, 194.0), (-5.0, 96.0), (77.0, 98.0), (-7.0, 14.0), (81.0, 18.0), (0, 0), (79.0, 10.0), (-29.0, -18.0), (86.0, -14.0)]
[(35.0, 374.0), (26.0, 382.0), (43.0, 382.0), (-10.0, 327.0), (70.0, 326.0), (9.0, 194.0), (59.0, 194.0), (-4.0, 96.0), (79.0, 98.0), (-7.0, 13.0), (82.0, 17.0), (0, 0), (79.0, 8.0), (-28.0, -19.0), (88.0, -14.0)]
[(34.0, 374.0), (25.0, 381.0), (43.0, 381.0), (-10.0, 327.0), (70.0, 326.0), (9.0, 194.0), (59.0, 194.0), (-4.0, 96.0), (79.0, 97.0), (-8.0, 13.0), (82.0, 17.0), (0, 0), (79.0, 9.0), (-28.0, -19.0), (88.0, -15.0)]
[(34.0, 371.0), (25.0, 378.0), (43.0, 378.0), (-10.0, 325.0), (69.0, 324.0), (9.0, 192.0), (59.0, 192.0), (-5.0, 95.0), (79.0, 96.0), (-8.0, 12.0), (82.0, 16.0), (0, 0), (79.0, 8.0), (-28.0, -20.0), (89.0, -15.0)]
[(35.0, 368.0), (26.0, 375.0), (44.0, 375.0), (-9.0, 325.0), (70.0, 324.0), (10.0, 190.0), (60.0, 190.0), (-6.0, 95.0), (79.0, 95.0), (-7.0, 12.0), (83.0, 16.0), (0, 0), (80.0, 8.0), (-26.0, -20.0), (90.0, -15.0)]
[(35.0, 364.0), (26.0, 371.0), (43.0, 372.0), (-8.0, 323.0), (70.0, 322.0), (10.0, 186.0), (60.0, 187.0), (-7.0, 93.0), (79.0, 93.0), (-7.0, 12.0), (83.0, 16.0), (0, 0), (80.0, 7.0), (-26.0, -21.0), (90.0, -16.0)]
[(37.0, 361.0), (28.0, 369.0), (44.0, 369.0), (-7.0, 320.0), (71.0, 321.0), (11.0, 183.0), (61.0, 184.0), (-8.0, 92.0), (80.0, 91.0), (-7.0, 12.0), (84.0, 16.0), (0, 0), (81.0, 8.0), (-25.0, -21.0), (91.0, -16.0)]
[(37.0, 360.0), (28.0, 368.0), (44.0, 368.0), (-7.0, 319.0), (71.0, 321.0), (10.0, 181.0), (61.0, 182.0), (-8.0, 91.0), (80.0, 90.0), (-7.0, 12.0), (84.0, 16.0), (0, 0), (81.0, 8.0), (-25.0, -21.0), (91.0, -16.0)]
[(36.0, 356.0), (28.0, 364.0), (44.0, 364.0), (-7.0, 316.0), (71.0, 319.0), (10.0, 179.0), (62.0, 180.0), (-9.0, 90.0), (81.0, 88.0), (-8.0, 12.0), (84.0, 16.0), (0, 0), (80.0, 8.0), (-25.0, -21.0), (91.0, -16.0)]
[(36.0, 348.0), (26.0, 357.0), (43.0, 357.0), (-7.0, 313.0), (71.0, 316.0), (10.0, 177.0), (62.0, 178.0), (-10.0, 88.0), (81.0, 88.0), (-8.0, 12.0), (84.0, 16.0), (0, 0), (80.0, 8.0), (-25.0, -21.0), (91.0, -16.0)]
[(34.0, 344.0), (25.0, 352.0), (41.0, 352.0), (-8.0, 310.0), (70.0, 312.0), (9.0, 173.0), (61.0, 174.0), (-13.0, 87.0), (81.0, 85.0), (-8.0, 12.0), (83.0, 16.0), (0, 0), (79.0, 8.0), (-26.0, -20.0), (90.0, -16.0)]
[(34.0, 336.0), (24.0, 343.0), (41.0, 344.0), (-8.0, 304.0), (70.0, 305.0), (9.0, 169.0), (61.0, 169.0), (-15.0, 84.0), (83.0, 83.0), (-8.0, 12.0), (83.0, 16.0), (0, 0), (78.0, 8.0), (-26.0, -20.0), (91.0, -16.0)]
[(34.0, 329.0), (24.0, 337.0), (41.0, 336.0), (-7.0, 299.0), (70.0, 299.0), (9.0, 165.0), (61.0, 164.0), (-17.0, 83.0), (83.0, 80.0), (-8.0, 12.0), (83.0, 16.0), (0, 0), (78.0, 9.0), (-27.0, -19.0), (91.0, -15.0)]
[(34.0, 321.0), (24.0, 329.0), (41.0, 329.0), (-7.0, 291.0), (70.0, 293.0), (10.0, 160.0), (62.0, 160.0), (-17.0, 81.0), (85.0, 77.0), (-8.0, 12.0), (83.0, 15.0), (0, 0), (79.0, 9.0), (-27.0, -20.0), (91.0, -16.0)]
[(33.0, 314.0), (24.0, 321.0), (40.0, 322.0), (-7.0, 285.0), (70.0, 288.0), (10.0, 156.0), (62.0, 156.0), (-20.0, 80.0), (86.0, 77.0), (-8.0, 12.0), (84.0, 15.0), (0, 0), (79.0, 9.0), (-28.0, -20.0), (92.0, -16.0)]
[(32.0, 296.0), (23.0, 305.0), (39.0, 304.0), (-7.0, 271.0), (69.0, 274.0), (9.0, 148.0), (61.0, 149.0), (-23.0, 77.0), (87.0, 76.0), (-9.0, 11.0), (83.0, 13.0), (0, 0), (79.0, 7.0), (-30.0, -20.0), (91.0, -17.0)]
[(30.0, 289.0), (21.0, 298.0), (37.0, 297.0), (-8.0, 264.0), (67.0, 266.0), (7.0, 146.0), (59.0, 147.0), (-28.0, 78.0), (85.0, 77.0), (-10.0, 12.0), (82.0, 14.0), (0, 0), (77.0, 8.0), (-32.0, -19.0), (90.0, -16.0)]
[(29.0, 277.0), (21.0, 286.0), (36.0, 284.0), (-8.0, 252.0), (66.0, 254.0), (6.0, 139.0), (58.0, 140.0), (-29.0, 74.0), (85.0, 72.0), (-9.0, 9.0), (81.0, 9.0), (0, 0), (76.0, 4.0), (-33.0, -23.0), (88.0, -20.0)]
[(29.0, 274.0), (20.0, 283.0), (36.0, 282.0), (-9.0, 251.0), (64.0, 254.0), (6.0, 138.0), (57.0, 139.0), (-31.0, 75.0), (85.0, 72.0), (-10.0, 9.0), (80.0, 10.0), (0, 0), (75.0, 4.0), (-33.0, -23.0), (85.0, -20.0)]
[(30.0, 270.0), (21.0, 278.0), (37.0, 278.0), (-8.0, 246.0), (64.0, 248.0), (6.0, 137.0), (57.0, 137.0), (-32.0, 76.0), (86.0, 72.0), (-10.0, 10.0), (80.0, 10.0), (0, 0), (75.0, 4.0), (-33.0, -22.0), (85.0, -19.0)]
[(30.0, 259.0), (22.0, 267.0), (37.0, 267.0), (-7.0, 238.0), (64.0, 241.0), (8.0, 133.0), (57.0, 133.0), (-32.0, 77.0), (86.0, 72.0), (-10.0, 10.0), (79.0, 10.0), (0, 0), (74.0, 4.0), (-33.0, -22.0), (85.0, -19.0)]
[(32.0, 230.0), (23.0, 238.0), (39.0, 239.0), (-7.0, 210.0), (64.0, 214.0), (9.0, 118.0), (58.0, 119.0), (-34.0, 78.0), (88.0, 73.0), (-10.0, 10.0), (77.0, 12.0), (0, 0), (69.0, 5.0), (-33.0, -21.0), (84.0, -18.0)]
[(33.0, 222.0), (24.0, 231.0), (40.0, 231.0), (-6.0, 202.0), (65.0, 205.0), (9.0, 113.0), (58.0, 114.0), (-35.0, 78.0), (90.0, 77.0), (-10.0, 10.0), (76.0, 12.0), (0, 0), (67.0, 5.0), (-32.0, -21.0), (83.0, -18.0)]
[(35.0, 222.0), (25.0, 231.0), (42.0, 231.0), (-4.0, 203.0), (65.0, 204.0), (10.0, 114.0), (58.0, 114.0), (-35.0, 80.0), (90.0, 79.0), (-10.0, 12.0), (76.0, 14.0), (0, 0), (68.0, 6.0), (-32.0, -18.0), (83.0, -15.0)]
[(35.0, 219.0), (26.0, 227.0), (43.0, 227.0), (-1.0, 199.0), (66.0, 199.0), (11.0, 112.0), (58.0, 112.0), (-34.0, 81.0), (91.0, 80.0), (-10.0, 12.0), (76.0, 14.0), (0, 0), (68.0, 6.0), (-31.0, -18.0), (85.0, -15.0)]
[(37.0, 219.0), (28.0, 227.0), (45.0, 226.0), (-0.0, 197.0), (67.0, 196.0), (13.0, 111.0), (60.0, 111.0), (-33.0, 83.0), (91.0, 80.0), (-9.0, 12.0), (77.0, 14.0), (0, 0), (70.0, 5.0), (-31.0, -17.0), (86.0, -15.0)]
[(36.0, 219.0), (28.0, 226.0), (44.0, 226.0), (-1.0, 197.0), (68.0, 195.0), (11.0, 111.0), (59.0, 111.0), (-34.0, 83.0), (90.0, 80.0), (-10.0, 12.0), (76.0, 14.0), (0, 0), (69.0, 5.0), (-31.0, -17.0), (85.0, -15.0)]
[(37.0, 221.0), (28.0, 228.0), (45.0, 228.0), (-0.0, 198.0), (70.0, 197.0), (12.0, 113.0), (61.0, 114.0), (-31.0, 84.0), (91.0, 82.0), (-9.0, 12.0), (78.0, 14.0), (0, 0), (71.0, 3.0), (-30.0, -17.0), (86.0, -15.0)]
[(38.0, 223.0), (29.0, 231.0), (46.0, 231.0), (1.0, 200.0), (70.0, 200.0), (13.0, 115.0), (61.0, 116.0), (-29.0, 85.0), (90.0, 82.0), (-9.0, 12.0), (78.0, 14.0), (0, 0), (72.0, 3.0), (-30.0, -17.0), (86.0, -15.0)]
[(38.0, 227.0), (30.0, 235.0), (46.0, 235.0), (-0.0, 204.0), (70.0, 205.0), (13.0, 115.0), (61.0, 117.0), (-27.0, 86.0), (90.0, 84.0), (-9.0, 12.0), (79.0, 14.0), (0, 0), (73.0, 3.0), (-30.0, -17.0), (86.0, -16.0)]
[(40.0, 226.0), (31.0, 235.0), (47.0, 234.0), (-0.0, 205.0), (70.0, 205.0), (13.0, 122.0), (61.0, 123.0), (-25.0, 86.0), (88.0, 83.0), (-9.0, 12.0), (79.0, 14.0), (0, 0), (74.0, 4.0), (-29.0, -18.0), (86.0, -17.0)]
[(42.0, 235.0), (34.0, 243.0), (49.0, 242.0), (2.0, 214.0), (70.0, 215.0), (13.0, 129.0), (61.0, 129.0), (-22.0, 86.0), (86.0, 83.0), (-9.0, 11.0), (79.0, 14.0), (0, 0), (74.0, 3.0), (-28.0, -18.0), (86.0, -18.0)]
[(43.0, 247.0), (35.0, 255.0), (49.0, 254.0), (4.0, 223.0), (71.0, 224.0), (14.0, 135.0), (61.0, 135.0), (-19.0, 86.0), (82.0, 85.0), (-9.0, 12.0), (79.0, 13.0), (0, 0), (73.0, 3.0), (-28.0, -18.0), (86.0, -18.0)]
[(42.0, 259.0), (34.0, 267.0), (49.0, 266.0), (4.0, 234.0), (71.0, 235.0), (14.0, 141.0), (62.0, 143.0), (-17.0, 89.0), (80.0, 88.0), (-9.0, 12.0), (79.0, 14.0), (0, 0), (74.0, 4.0), (-28.0, -17.0), (85.0, -17.0)]
[(43.0, 271.0), (35.0, 280.0), (50.0, 278.0), (5.0, 243.0), (73.0, 243.0), (16.0, 146.0), (63.0, 148.0), (-13.0, 91.0), (79.0, 90.0), (-8.0, 12.0), (80.0, 14.0), (0, 0), (75.0, 5.0), (-27.0, -17.0), (85.0, -16.0)]
[(43.0, 280.0), (34.0, 289.0), (50.0, 288.0), (5.0, 253.0), (73.0, 252.0), (16.0, 153.0), (64.0, 154.0), (-10.0, 94.0), (78.0, 95.0), (-8.0, 12.0), (80.0, 15.0), (0, 0), (76.0, 5.0), (-28.0, -17.0), (86.0, -16.0)]
[(42.0, 303.0), (33.0, 310.0), (49.0, 310.0), (4.0, 270.0), (74.0, 269.0), (15.0, 164.0), (63.0, 165.0), (-11.0, 93.0), (76.0, 92.0), (-8.0, 12.0), (79.0, 15.0), (0, 0), (75.0, 5.0), (-29.0, -17.0), (85.0, -16.0)]
[(42.0, 301.0), (33.0, 308.0), (49.0, 307.0), (4.0, 269.0), (74.0, 269.0), (15.0, 164.0), (63.0, 165.0), (-10.0, 92.0), (76.0, 91.0), (-8.0, 12.0), (77.0, 14.0), (0, 0), (74.0, 4.0), (-29.0, -18.0), (84.0, -17.0)]
[(42.0, 314.0), (33.0, 320.0), (49.0, 320.0), (4.0, 278.0), (75.0, 275.0), (16.0, 168.0), (64.0, 169.0), (-7.0, 96.0), (74.0, 95.0), (-8.0, 12.0), (77.0, 14.0), (0, 0), (74.0, 6.0), (-29.0, -18.0), (83.0, -17.0)]
[(43.0, 320.0), (34.0, 328.0), (50.0, 327.0), (5.0, 284.0), (77.0, 283.0), (17.0, 171.0), (65.0, 172.0), (-5.0, 94.0), (76.0, 93.0), (-7.0, 12.0), (78.0, 13.0), (0, 0), (75.0, 5.0), (-29.0, -19.0), (84.0, -18.0)]
[(43.0, 327.0), (35.0, 335.0), (50.0, 335.0), (5.0, 290.0), (79.0, 287.0), (17.0, 174.0), (65.0, 175.0), (-2.0, 94.0), (76.0, 92.0), (-7.0, 13.0), (79.0, 13.0), (0, 0), (78.0, 5.0), (-28.0, -19.0), (84.0, -18.0)]
[(45.0, 336.0), (36.0, 344.0), (51.0, 344.0), (4.0, 296.0), (80.0, 294.0), (17.0, 177.0), (66.0, 178.0), (-1.0, 94.0), (77.0, 92.0), (-6.0, 12.0), (80.0, 14.0), (0, 0), (79.0, 7.0), (-28.0, -19.0), (85.0, -16.0)]