[(41.0, 398.0), (31.0, 407.0), (47.0, 406.0), (-10.0, 348.0), (80.0, 345.0), (11.0, 215.0), (61.0, 216.0), (1.0, 110.0), (80.0, 112.0), (-7.0, 14.0), (92.0, 15.0), (0, 0), (86.0, 3.0), (-30.0, -19.0), (113.0, -15.0)]
[(40.0, 398.0), (30.0, 408.0), (47.0, 407.0), (-11.0, 348.0), (80.0, 345.0), (11.0, 213.0), (61.0, 216.0), (3.0, 109.0), (78.0, 113.0), (-6.0, 14.0), (91.0, 15.0), (0, 0), (87.0, 3.0), (-30.0, -20.0), (112.0, -15.0)]
[(39.0, 402.0), (29.0, 411.0), (47.0, 410.0), (-12.0, 349.0), (79.0, 346.0), (12.0, 213.0), (61.0, 216.0), (4.0, 109.0), (76.0, 112.0), (-5.0, 14.0), (91.0, 15.0), (0, 0), (87.0, 3.0), (-30.0, -20.0), (112.0, -15.0)]
[(39.0, 401.0), (29.0, 410.0), (47.0, 409.0), (-12.0, 350.0), (79.0, 347.0), (12.0, 214.0), (61.0, 217.0), (4.0, 109.0), (75.0, 112.0), (-5.0, 14.0), (91.0, 16.0), (0, 0), (87.0, 4.0), (-30.0, -20.0), (111.0, -15.0)]
[(37.0, 401.0), (27.0, 410.0), (45.0, 409.0), (-13.0, 348.0), (77.0, 346.0), (11.0, 211.0), (60.0, 214.0), (3.0, 107.0), (75.0, 110.0), (-6.0, 14.0), (90.0, 15.0), (0, 0), (86.0, 3.0), (-31.0, -21.0), (110.0, -16.0)]
[(37.0, 402.0), (27.0, 411.0), (45.0, 410.0), (-13.0, 347.0), (77.0, 348.0), (12.0, 212.0), (61.0, 215.0), (4.0, 107.0), (74.0, 111.0), (-6.0, 14.0), (90.0, 15.0), (0, 0), (86.0, 4.0), (-31.0, -21.0), (110.0, -16.0)]
[(37.0, 402.0), (27.0, 411.0), (45.0, 410.0), (-13.0, 347.0), (77.0, 348.0), (12.0, 211.0), (61.0, 214.0), (4.0, 108.0), (74.0, 110.0), (-6.0, 14.0), (90.0, 15.0), (0, 0), (86.0, 4.0), (-31.0, -21.0), (110.0, -16.0)]
[(37.0, 403.0), (27.0, 412.0), (45.0, 411.0), (-13.0, 347.0), (77.0, 348.0), (12.0, 211.0), (61.0, 214.0), (4.0, 108.0), (75.0, 110.0), (-6.0, 14.0), (90.0, 15.0), (0, 0), (86.0, 4.0), (-32.0, -21.0), (110.0, -16.0)]
[(37.0, 402.0), (27.0, 412.0), (45.0, 411.0), (-13.0, 347.0), (77.0, 348.0), (13.0, 211.0), (61.0, 214.0), (5.0, 108.0), (74.0, 110.0), (-6.0, 14.0), (90.0, 15.0), (0, 0), (86.0, 4.0), (-32.0, -21.0), (110.0, -16.0)]
[(37.0, 401.0), (27.0, 411.0), (45.0, 410.0), (-13.0, 346.0), (77.0, 346.0), (13.0, 211.0), (61.0, 213.0), (4.0, 108.0), (74.0, 110.0), (-6.0, 14.0), (90.0, 15.0), (0, 0), (86.0, 3.0), (-32.0, -21.0), (110.0, -16.0)]
[(37.0, 401.0), (27.0, 410.0), (45.0, 410.0), (-13.0, 347.0), (77.0, 346.0), (13.0, 211.0), (61.0, 213.0), (4.0, 108.0), (75.0, 110.0), (-6.0, 14.0), (90.0, 15.0), (0, 0), (86.0, 3.0), (-32.0, -21.0), (110.0, -16.0)]
[(38.0, 401.0), (27.0, 410.0), (46.0, 410.0), (-13.0, 347.0), (77.0, 346.0), (13.0, 211.0), (61.0, 213.0), (4.0, 108.0), (75.0, 110.0), (-6.0, 14.0), (90.0, 15.0), (0, 0), (86.0, 3.0), (-32.0, -21.0), (110.0, -16.0)]
[(38.0, 400.0), (27.0, 409.0), (46.0, 409.0), (-12.0, 347.0), (77.0, 346.0), (13.0, 211.0), (61.0, 213.0), (4.0, 109.0), (75.0, 110.0), (-6.0, 14.0), (90.0, 15.0), (0, 0), (86.0, 3.0), (-32.0, -21.0), (110.0, -16.0)]
[(38.0, 399.0), (27.0, 409.0), (46.0, 408.0), (-12.0, 347.0), (77.0, 345.0), (13.0, 212.0), (61.0, 213.0), (3.0, 109.0), (75.0, 109.0), (-6.0, 14.0), (90.0, 15.0), (0, 0), (86.0, 3.0), (-32.0, -21.0), (110.0, -16.0)]
[(38.0, 395.0), (28.0, 406.0), (47.0, 404.0), (-12.0, 347.0), (79.0, 344.0), (13.0, 212.0), (61.0, 214.0), (-0.0, 110.0), (80.0, 110.0), (-6.0, 15.0), (90.0, 15.0), (0, 0), (86.0, 4.0), (-32.0, -20.0), (111.0, -15.0)]
[(42.0, 381.0), (31.0, 392.0), (49.0, 390.0), (-11.0, 341.0), (81.0, 336.0), (12.0, 207.0), (62.0, 208.0), (-4.0, 110.0), (86.0, 107.0), (-6.0, 15.0), (90.0, 15.0), (0, 0), (86.0, 3.0), (-32.0, -20.0), (111.0, -15.0)]
[(42.0, 377.0), (32.0, 388.0), (50.0, 386.0), (-10.0, 338.0), (83.0, 332.0), (12.0, 205.0), (62.0, 205.0), (-6.0, 110.0), (88.0, 107.0), (-7.0, 15.0), (90.0, 14.0), (0, 0), (86.0, 3.0), (-32.0, -20.0), (111.0, -16.0)]
[(44.0, 365.0), (34.0, 375.0), (51.0, 373.0), (-9.0, 326.0), (84.0, 319.0), (11.0, 193.0), (62.0, 194.0), (-9.0, 108.0), (92.0, 106.0), (-7.0, 15.0), (90.0, 14.0), (0, 0), (85.0, 2.0), (-32.0, -20.0), (111.0, -16.0)]
[(47.0, 322.0), (38.0, 331.0), (53.0, 330.0), (-5.0, 291.0), (86.0, 285.0), (13.0, 169.0), (66.0, 171.0), (-15.0, 100.0), (102.0, 102.0), (-7.0, 15.0), (91.0, 14.0), (0, 0), (85.0, 2.0), (-33.0, -20.0), (112.0, -16.0)]
[(47.0, 294.0), (38.0, 305.0), (54.0, 304.0), (-2.0, 268.0), (87.0, 265.0), (16.0, 154.0), (68.0, 157.0), (-19.0, 98.0), (107.0, 99.0), (-7.0, 13.0), (93.0, 12.0), (0, 0), (86.0, 1.0), (-34.0, -20.0), (112.0, -17.0)]
[(47.0, 294.0), (38.0, 304.0), (54.0, 303.0), (-1.0, 267.0), (87.0, 262.0), (17.0, 156.0), (69.0, 159.0), (-20.0, 96.0), (106.0, 98.0), (-8.0, 13.0), (93.0, 12.0), (0, 0), (86.0, 0.0), (-33.0, -20.0), (112.0, -17.0)]
[(47.0, 271.0), (38.0, 283.0), (54.0, 282.0), (-0.0, 252.0), (86.0, 250.0), (18.0, 150.0), (70.0, 151.0), (-22.0, 94.0), (108.0, 96.0), (-8.0, 12.0), (93.0, 12.0), (0, 0), (86.0, 0.0), (-32.0, -20.0), (112.0, -17.0)]
[(47.0, 239.0), (39.0, 248.0), (55.0, 248.0), (4.0, 225.0), (87.0, 220.0), (19.0, 128.0), (70.0, 127.0), (-25.0, 91.0), (110.0, 94.0), (-8.0, 11.0), (93.0, 12.0), (0, 0), (85.0, 0.0), (-33.0, -19.0), (112.0, -17.0)]
[(47.0, 225.0), (39.0, 235.0), (55.0, 235.0), (4.0, 210.0), (88.0, 208.0), (20.0, 118.0), (69.0, 117.0), (-26.0, 93.0), (112.0, 96.0), (-9.0, 12.0), (93.0, 12.0), (0, 0), (84.0, 0.0), (-33.0, -18.0), (112.0, -16.0)]
[(47.0, 228.0), (39.0, 238.0), (55.0, 238.0), (3.0, 209.0), (88.0, 208.0), (20.0, 115.0), (69.0, 114.0), (-26.0, 93.0), (113.0, 97.0), (-8.0, 12.0), (93.0, 13.0), (0, 0), (84.0, 1.0), (-32.0, -17.0), (112.0, -15.0)]
[(48.0, 216.0), (38.0, 226.0), (56.0, 225.0), (3.0, 200.0), (87.0, 198.0), (19.0, 107.0), (69.0, 106.0), (-27.0, 92.0), (114.0, 96.0), (-9.0, 12.0), (93.0, 13.0), (0, 0), (84.0, 1.0), (-31.0, -17.0), (112.0, -15.0)]
[(48.0, 206.0), (38.0, 216.0), (56.0, 216.0), (3.0, 190.0), (86.0, 190.0), (21.0, 97.0), (69.0, 94.0), (-28.0, 91.0), (114.0, 95.0), (-9.0, 11.0), (93.0, 12.0), (0, 0), (84.0, 0.0), (-31.0, -18.0), (112.0, -15.0)]
[(47.0, 207.0), (38.0, 218.0), (55.0, 217.0), (3.0, 192.0), (86.0, 190.0), (22.0, 98.0), (70.0, 95.0), (-29.0, 93.0), (115.0, 96.0), (-9.0, 12.0), (93.0, 14.0), (0, 0), (84.0, 2.0), (-31.0, -17.0), (112.0, -15.0)]
[(47.0, 202.0), (38.0, 212.0), (55.0, 211.0), (3.0, 189.0), (86.0, 186.0), (22.0, 96.0), (70.0, 93.0), (-29.0, 91.0), (115.0, 95.0), (-9.0, 11.0), (93.0, 13.0), (0, 0), (84.0, 1.0), (-30.0, -18.0), (111.0, -16.0)]
[(45.0, 205.0), (37.0, 216.0), (54.0, 215.0), (3.0, 191.0), (86.0, 189.0), (22.0, 99.0), (70.0, 97.0), (-30.0, 91.0), (115.0, 95.0), (-9.0, 11.0), (93.0, 13.0), (0, 0), (84.0, 2.0), (-30.0, -19.0), (111.0, -16.0)]
[(45.0, 206.0), (37.0, 216.0), (54.0, 215.0), (3.0, 192.0), (86.0, 189.0), (22.0, 99.0), (69.0, 96.0), (-30.0, 91.0), (115.0, 95.0), (-9.0, 11.0), (93.0, 13.0), (0, 0), (84.0, 2.0), (-30.0, -19.0), (111.0, -16.0)]
[(45.0, 212.0), (37.0, 222.0), (53.0, 221.0), (3.0, 197.0), (85.0, 195.0), (19.0, 105.0), (68.0, 103.0), (-29.0, 91.0), (115.0, 95.0), (-9.0, 11.0), (93.0, 13.0), (0, 0), (84.0, 2.0), (-30.0, -19.0), (112.0, -16.0)]
[(44.0, 230.0), (37.0, 239.0), (51.0, 240.0), (3.0, 213.0), (85.0, 212.0), (19.0, 122.0), (68.0, 122.0), (-28.0, 92.0), (113.0, 97.0), (-9.0, 12.0), (93.0, 14.0), (0, 0), (84.0, 3.0), (-29.0, -18.0), (113.0, -15.0)]
[(43.0, 248.0), (36.0, 256.0), (50.0, 257.0), (3.0, 229.0), (84.0, 226.0), (17.0, 134.0), (68.0, 135.0), (-25.0, 92.0), (110.0, 99.0), (-9.0, 13.0), (93.0, 14.0), (0, 0), (84.0, 2.0), (-29.0, -18.0), (113.0, -15.0)]
[(43.0, 249.0), (35.0, 258.0), (50.0, 258.0), (3.0, 230.0), (82.0, 228.0), (16.0, 136.0), (67.0, 137.0), (-25.0, 91.0), (109.0, 98.0), (-9.0, 12.0), (93.0, 13.0), (0, 0), (84.0, 1.0), (-30.0, -19.0), (113.0, -16.0)]
[(42.0, 265.0), (35.0, 274.0), (49.0, 273.0), (3.0, 242.0), (81.0, 240.0), (15.0, 143.0), (66.0, 143.0), (-23.0, 92.0), (107.0, 98.0), (-9.0, 12.0), (93.0, 13.0), (0, 0), (84.0, 1.0), (-30.0, -18.0), (113.0, -16.0)]
[(42.0, 266.0), (35.0, 275.0), (49.0, 275.0), (2.0, 245.0), (80.0, 242.0), (15.0, 145.0), (66.0, 146.0), (-22.0, 92.0), (106.0, 98.0), (-9.0, 12.0), (93.0, 12.0), (0, 0), (84.0, 0.0), (-31.0, -18.0), (113.0, -15.0)]
[(42.0, 304.0), (35.0, 313.0), (50.0, 313.0), (3.0, 274.0), (81.0, 271.0), (15.0, 163.0), (66.0, 163.0), (-18.0, 96.0), (103.0, 101.0), (-8.0, 13.0), (94.0, 12.0), (0, 0), (85.0, 0.0), (-30.0, -17.0), (114.0, -15.0)]
[(42.0, 326.0), (35.0, 334.0), (50.0, 334.0), (-1.0, 293.0), (81.0, 288.0), (14.0, 174.0), (65.0, 175.0), (-16.0, 98.0), (99.0, 101.0), (-8.0, 12.0), (94.0, 12.0), (0, 0), (86.0, 0.0), (-29.0, -18.0), (114.0, -16.0)]
[(41.0, 347.0), (33.0, 355.0), (48.0, 355.0), (-4.0, 311.0), (79.0, 307.0), (12.0, 189.0), (61.0, 189.0), (-14.0, 101.0), (94.0, 104.0), (-8.0, 13.0), (93.0, 13.0), (0, 0), (86.0, 1.0), (-29.0, -17.0), (113.0, -15.0)]
[(41.0, 346.0), (33.0, 355.0), (48.0, 354.0), (-6.0, 312.0), (79.0, 308.0), (11.0, 192.0), (60.0, 191.0), (-12.0, 103.0), (93.0, 108.0), (-8.0, 13.0), (93.0, 14.0), (0, 0), (86.0, 1.0), (-29.0, -17.0), (113.0, -15.0)]
[(42.0, 366.0), (34.0, 375.0), (49.0, 374.0), (-7.0, 326.0), (80.0, 321.0), (12.0, 203.0), (62.0, 204.0), (-8.0, 107.0), (92.0, 109.0), (-7.0, 14.0), (94.0, 14.0), (0, 0), (88.0, 2.0), (-28.0, -18.0), (114.0, -15.0)]