[(31.0, 379.0), (23.0, 389.0), (38.0, 388.0), (-14.0, 337.0), (74.0, 336.0), (12.0, 207.0), (60.0, 208.0), (-5.0, 103.0), (84.0, 107.0), (-8.0, 11.0), (87.0, 11.0), (0, 0), (80.0, 0.0), (-29.0, -21.0), (109.0, -16.0)]
[(30.0, 382.0), (22.0, 391.0), (37.0, 390.0), (-15.0, 339.0), (74.0, 337.0), (11.0, 207.0), (60.0, 208.0), (-4.0, 104.0), (83.0, 109.0), (-8.0, 11.0), (87.0, 11.0), (0, 0), (80.0, 0.0), (-30.0, -21.0), (109.0, -17.0)]
[(30.0, 393.0), (21.0, 402.0), (38.0, 402.0), (-15.0, 345.0), (74.0, 343.0), (11.0, 211.0), (60.0, 213.0), (-0.0, 106.0), (78.0, 110.0), (-8.0, 11.0), (87.0, 11.0), (0, 0), (80.0, 0.0), (-30.0, -22.0), (110.0, -17.0)]
[(30.0, 394.0), (21.0, 403.0), (38.0, 402.0), (-15.0, 346.0), (74.0, 345.0), (11.0, 212.0), (60.0, 213.0), (-0.0, 108.0), (77.0, 110.0), (-8.0, 11.0), (87.0, 11.0), (0, 0), (80.0, 1.0), (-31.0, -22.0), (110.0, -17.0)]
[(30.0, 397.0), (21.0, 406.0), (38.0, 406.0), (-16.0, 346.0), (75.0, 345.0), (11.0, 213.0), (61.0, 215.0), (3.0, 109.0), (72.0, 110.0), (-8.0, 11.0), (87.0, 12.0), (0, 0), (80.0, 1.0), (-31.0, -22.0), (110.0, -17.0)]
[(30.0, 398.0), (22.0, 408.0), (39.0, 407.0), (-15.0, 346.0), (76.0, 346.0), (13.0, 211.0), (62.0, 214.0), (4.0, 108.0), (71.0, 110.0), (-7.0, 11.0), (88.0, 12.0), (0, 0), (81.0, 1.0), (-30.0, -22.0), (111.0, -17.0)]
[(31.0, 398.0), (22.0, 408.0), (39.0, 407.0), (-15.0, 347.0), (76.0, 348.0), (13.0, 211.0), (61.0, 214.0), (5.0, 108.0), (71.0, 110.0), (-7.0, 12.0), (88.0, 12.0), (0, 0), (81.0, 1.0), (-30.0, -22.0), (110.0, -17.0)]
[(31.0, 399.0), (22.0, 408.0), (39.0, 407.0), (-14.0, 347.0), (75.0, 348.0), (13.0, 211.0), (61.0, 214.0), (5.0, 108.0), (72.0, 110.0), (-7.0, 12.0), (88.0, 12.0), (0, 0), (81.0, 1.0), (-30.0, -22.0), (110.0, -17.0)]
[(31.0, 399.0), (22.0, 409.0), (39.0, 408.0), (-14.0, 349.0), (75.0, 348.0), (13.0, 211.0), (61.0, 214.0), (4.0, 108.0), (71.0, 110.0), (-7.0, 12.0), (88.0, 13.0), (0, 0), (81.0, 1.0), (-30.0, -22.0), (110.0, -17.0)]
[(31.0, 399.0), (22.0, 409.0), (40.0, 408.0), (-14.0, 349.0), (76.0, 348.0), (13.0, 211.0), (61.0, 213.0), (4.0, 108.0), (71.0, 110.0), (-7.0, 12.0), (87.0, 13.0), (0, 0), (81.0, 1.0), (-30.0, -22.0), (109.0, -17.0)]
[(32.0, 400.0), (23.0, 410.0), (40.0, 409.0), (-14.0, 350.0), (76.0, 349.0), (13.0, 212.0), (61.0, 214.0), (4.0, 109.0), (71.0, 110.0), (-7.0, 13.0), (87.0, 14.0), (0, 0), (81.0, 2.0), (-30.0, -21.0), (109.0, -16.0)]
[(33.0, 401.0), (24.0, 410.0), (42.0, 410.0), (-14.0, 349.0), (76.0, 348.0), (13.0, 213.0), (61.0, 215.0), (4.0, 109.0), (71.0, 111.0), (-7.0, 13.0), (87.0, 14.0), (0, 0), (80.0, 2.0), (-30.0, -21.0), (109.0, -16.0)]
[(34.0, 401.0), (24.0, 410.0), (42.0, 410.0), (-14.0, 349.0), (76.0, 347.0), (13.0, 213.0), (61.0, 215.0), (4.0, 109.0), (71.0, 111.0), (-6.0, 13.0), (87.0, 14.0), (0, 0), (80.0, 2.0), (-30.0, -21.0), (109.0, -16.0)]
[(34.0, 400.0), (25.0, 410.0), (43.0, 409.0), (-14.0, 348.0), (76.0, 346.0), (12.0, 212.0), (61.0, 214.0), (3.0, 109.0), (71.0, 110.0), (-6.0, 13.0), (87.0, 14.0), (0, 0), (80.0, 2.0), (-30.0, -22.0), (109.0, -16.0)]
[(35.0, 399.0), (26.0, 409.0), (43.0, 408.0), (-14.0, 346.0), (78.0, 342.0), (11.0, 211.0), (60.0, 211.0), (-0.0, 106.0), (74.0, 108.0), (-7.0, 13.0), (86.0, 14.0), (0, 0), (79.0, 2.0), (-31.0, -22.0), (107.0, -16.0)]
[(38.0, 382.0), (28.0, 394.0), (46.0, 391.0), (-13.0, 341.0), (80.0, 335.0), (11.0, 206.0), (61.0, 206.0), (-5.0, 103.0), (80.0, 106.0), (-7.0, 13.0), (86.0, 14.0), (0, 0), (79.0, 2.0), (-31.0, -22.0), (107.0, -16.0)]
[(39.0, 378.0), (29.0, 389.0), (47.0, 387.0), (-13.0, 338.0), (81.0, 331.0), (11.0, 203.0), (61.0, 204.0), (-7.0, 102.0), (82.0, 104.0), (-7.0, 12.0), (86.0, 13.0), (0, 0), (79.0, 1.0), (-31.0, -23.0), (107.0, -17.0)]
[(40.0, 365.0), (30.0, 376.0), (48.0, 373.0), (-12.0, 328.0), (82.0, 321.0), (11.0, 196.0), (62.0, 196.0), (-9.0, 101.0), (87.0, 103.0), (-8.0, 12.0), (86.0, 13.0), (0, 0), (79.0, 1.0), (-31.0, -23.0), (108.0, -17.0)]
[(42.0, 330.0), (33.0, 340.0), (48.0, 340.0), (-10.0, 299.0), (81.0, 291.0), (11.0, 172.0), (63.0, 174.0), (-14.0, 97.0), (94.0, 101.0), (-8.0, 12.0), (87.0, 13.0), (0, 0), (79.0, 1.0), (-33.0, -22.0), (107.0, -17.0)]
[(43.0, 305.0), (34.0, 316.0), (49.0, 316.0), (-6.0, 281.0), (83.0, 273.0), (13.0, 163.0), (65.0, 164.0), (-17.0, 98.0), (97.0, 101.0), (-8.0, 12.0), (86.0, 11.0), (0, 0), (78.0, 1.0), (-34.0, -21.0), (107.0, -17.0)]
[(42.0, 308.0), (34.0, 318.0), (48.0, 318.0), (-5.0, 278.0), (84.0, 270.0), (14.0, 160.0), (66.0, 161.0), (-19.0, 95.0), (98.0, 99.0), (-8.0, 12.0), (87.0, 11.0), (0, 0), (79.0, 1.0), (-33.0, -20.0), (107.0, -17.0)]
[(41.0, 291.0), (33.0, 301.0), (48.0, 299.0), (-6.0, 265.0), (83.0, 260.0), (15.0, 152.0), (67.0, 153.0), (-21.0, 95.0), (100.0, 94.0), (-9.0, 12.0), (86.0, 11.0), (0, 0), (78.0, 1.0), (-33.0, -20.0), (106.0, -17.0)]
[(42.0, 252.0), (34.0, 262.0), (49.0, 261.0), (-2.0, 232.0), (84.0, 226.0), (16.0, 135.0), (67.0, 134.0), (-21.0, 93.0), (104.0, 95.0), (-8.0, 11.0), (87.0, 12.0), (0, 0), (79.0, 1.0), (-33.0, -19.0), (107.0, -16.0)]
[(42.0, 235.0), (33.0, 245.0), (49.0, 245.0), (-3.0, 215.0), (84.0, 214.0), (16.0, 126.0), (67.0, 127.0), (-22.0, 92.0), (105.0, 97.0), (-8.0, 11.0), (87.0, 13.0), (0, 0), (79.0, 1.0), (-33.0, -17.0), (108.0, -15.0)]
[(42.0, 236.0), (33.0, 246.0), (50.0, 245.0), (-2.0, 215.0), (84.0, 215.0), (16.0, 124.0), (67.0, 125.0), (-23.0, 91.0), (106.0, 97.0), (-9.0, 11.0), (87.0, 12.0), (0, 0), (79.0, 0.0), (-32.0, -17.0), (108.0, -15.0)]
[(42.0, 223.0), (33.0, 233.0), (50.0, 233.0), (-2.0, 204.0), (85.0, 203.0), (17.0, 114.0), (67.0, 114.0), (-25.0, 92.0), (107.0, 98.0), (-9.0, 12.0), (87.0, 12.0), (0, 0), (78.0, 0.0), (-32.0, -16.0), (107.0, -14.0)]
[(42.0, 224.0), (33.0, 234.0), (50.0, 233.0), (-2.0, 202.0), (85.0, 201.0), (18.0, 113.0), (67.0, 111.0), (-25.0, 91.0), (107.0, 97.0), (-9.0, 12.0), (87.0, 12.0), (0, 0), (78.0, 0.0), (-32.0, -16.0), (107.0, -14.0)]
[(42.0, 214.0), (33.0, 224.0), (50.0, 224.0), (-2.0, 193.0), (84.0, 192.0), (17.0, 103.0), (66.0, 101.0), (-26.0, 91.0), (109.0, 96.0), (-9.0, 12.0), (87.0, 12.0), (0, 0), (79.0, 0.0), (-31.0, -16.0), (107.0, -14.0)]
[(42.0, 200.0), (33.0, 210.0), (51.0, 210.0), (-1.0, 182.0), (83.0, 182.0), (18.0, 92.0), (66.0, 91.0), (-29.0, 90.0), (109.0, 95.0), (-9.0, 11.0), (87.0, 12.0), (0, 0), (79.0, 0.0), (-31.0, -17.0), (107.0, -15.0)]
[(42.0, 203.0), (33.0, 213.0), (51.0, 213.0), (-1.0, 185.0), (82.0, 184.0), (18.0, 95.0), (66.0, 92.0), (-31.0, 91.0), (110.0, 96.0), (-9.0, 12.0), (87.0, 13.0), (0, 0), (79.0, 2.0), (-30.0, -17.0), (107.0, -14.0)]
[(40.0, 203.0), (32.0, 213.0), (50.0, 213.0), (-1.0, 185.0), (82.0, 183.0), (18.0, 95.0), (65.0, 92.0), (-31.0, 91.0), (110.0, 96.0), (-9.0, 11.0), (87.0, 13.0), (0, 0), (79.0, 2.0), (-30.0, -17.0), (107.0, -14.0)]
[(40.0, 216.0), (32.0, 225.0), (48.0, 225.0), (-2.0, 197.0), (80.0, 196.0), (16.0, 105.0), (63.0, 103.0), (-30.0, 91.0), (109.0, 98.0), (-9.0, 11.0), (87.0, 13.0), (0, 0), (79.0, 2.0), (-30.0, -17.0), (107.0, -15.0)]
[(38.0, 218.0), (30.0, 229.0), (46.0, 230.0), (-2.0, 204.0), (80.0, 204.0), (15.0, 117.0), (63.0, 118.0), (-30.0, 92.0), (108.0, 98.0), (-9.0, 12.0), (87.0, 14.0), (0, 0), (79.0, 3.0), (-30.0, -17.0), (108.0, -14.0)]
[(38.0, 220.0), (30.0, 230.0), (45.0, 233.0), (-2.0, 208.0), (79.0, 210.0), (15.0, 123.0), (63.0, 123.0), (-29.0, 92.0), (107.0, 97.0), (-9.0, 13.0), (87.0, 14.0), (0, 0), (78.0, 2.0), (-30.0, -17.0), (108.0, -14.0)]
[(38.0, 244.0), (30.0, 253.0), (45.0, 253.0), (-2.0, 228.0), (78.0, 223.0), (14.0, 132.0), (63.0, 134.0), (-28.0, 90.0), (104.0, 96.0), (-9.0, 13.0), (87.0, 13.0), (0, 0), (79.0, 1.0), (-30.0, -18.0), (108.0, -15.0)]
[(38.0, 265.0), (30.0, 274.0), (46.0, 275.0), (-2.0, 243.0), (76.0, 242.0), (12.0, 143.0), (63.0, 144.0), (-24.0, 90.0), (102.0, 95.0), (-8.0, 12.0), (87.0, 12.0), (0, 0), (79.0, 0.0), (-29.0, -18.0), (109.0, -15.0)]
[(38.0, 267.0), (30.0, 276.0), (46.0, 276.0), (-2.0, 244.0), (75.0, 243.0), (11.0, 145.0), (63.0, 145.0), (-22.0, 89.0), (102.0, 93.0), (-8.0, 11.0), (87.0, 11.0), (0, 0), (79.0, -1.0), (-29.0, -19.0), (109.0, -16.0)]
[(38.0, 313.0), (30.0, 319.0), (46.0, 317.0), (-4.0, 279.0), (75.0, 274.0), (12.0, 168.0), (62.0, 167.0), (-18.0, 98.0), (99.0, 95.0), (-8.0, 11.0), (87.0, 11.0), (0, 0), (79.0, 0.0), (-29.0, -19.0), (109.0, -16.0)]
[(38.0, 340.0), (30.0, 347.0), (45.0, 347.0), (-7.0, 301.0), (76.0, 295.0), (11.0, 178.0), (60.0, 177.0), (-15.0, 100.0), (95.0, 100.0), (-8.0, 11.0), (87.0, 12.0), (0, 0), (79.0, 0.0), (-29.0, -19.0), (109.0, -16.0)]
[(37.0, 338.0), (30.0, 346.0), (45.0, 345.0), (-7.0, 302.0), (76.0, 297.0), (11.0, 181.0), (60.0, 179.0), (-14.0, 100.0), (94.0, 101.0), (-8.0, 12.0), (87.0, 13.0), (0, 0), (80.0, 0.0), (-29.0, -19.0), (109.0, -16.0)]
[(37.0, 359.0), (29.0, 367.0), (44.0, 366.0), (-9.0, 322.0), (76.0, 314.0), (10.0, 193.0), (59.0, 192.0), (-12.0, 100.0), (90.0, 103.0), (-8.0, 12.0), (87.0, 13.0), (0, 0), (80.0, 1.0), (-29.0, -20.0), (109.0, -16.0)]