[(44.0, 381.0), (34.0, 390.0), (50.0, 388.0), (-7.0, 334.0), (83.0, 330.0), (17.0, 205.0), (66.0, 206.0), (-2.0, 108.0), (93.0, 110.0), (-7.0, 13.0), (98.0, 15.0), (0, 0), (92.0, 2.0), (-26.0, -17.0), (120.0, -13.0)]
[(43.0, 391.0), (33.0, 400.0), (50.0, 399.0), (-7.0, 342.0), (83.0, 340.0), (17.0, 211.0), (68.0, 214.0), (1.0, 108.0), (90.0, 111.0), (-7.0, 13.0), (98.0, 15.0), (0, 0), (93.0, 2.0), (-26.0, -18.0), (119.0, -13.0)]
[(41.0, 401.0), (31.0, 410.0), (49.0, 410.0), (-7.0, 346.0), (82.0, 346.0), (17.0, 213.0), (68.0, 215.0), (7.0, 111.0), (83.0, 111.0), (-7.0, 14.0), (97.0, 15.0), (0, 0), (92.0, 3.0), (-26.0, -19.0), (119.0, -13.0)]
[(40.0, 403.0), (30.0, 412.0), (48.0, 412.0), (-8.0, 346.0), (82.0, 347.0), (18.0, 213.0), (68.0, 215.0), (7.0, 112.0), (82.0, 112.0), (-6.0, 14.0), (97.0, 15.0), (0, 0), (92.0, 3.0), (-26.0, -19.0), (119.0, -13.0)]
[(38.0, 401.0), (29.0, 411.0), (47.0, 410.0), (-9.0, 345.0), (81.0, 346.0), (17.0, 212.0), (67.0, 215.0), (7.0, 111.0), (81.0, 111.0), (-7.0, 13.0), (96.0, 14.0), (0, 0), (91.0, 2.0), (-27.0, -21.0), (118.0, -15.0)]
[(38.0, 403.0), (29.0, 412.0), (47.0, 412.0), (-9.0, 346.0), (81.0, 348.0), (18.0, 212.0), (67.0, 214.0), (7.0, 111.0), (81.0, 110.0), (-7.0, 14.0), (96.0, 15.0), (0, 0), (91.0, 4.0), (-27.0, -21.0), (117.0, -15.0)]
[(38.0, 403.0), (29.0, 412.0), (47.0, 412.0), (-8.0, 347.0), (81.0, 349.0), (18.0, 212.0), (67.0, 215.0), (7.0, 111.0), (81.0, 110.0), (-7.0, 14.0), (96.0, 15.0), (0, 0), (91.0, 4.0), (-27.0, -21.0), (117.0, -15.0)]
[(38.0, 402.0), (29.0, 411.0), (47.0, 411.0), (-8.0, 347.0), (81.0, 349.0), (18.0, 210.0), (67.0, 214.0), (7.0, 109.0), (80.0, 109.0), (-7.0, 13.0), (96.0, 15.0), (0, 0), (91.0, 3.0), (-27.0, -22.0), (117.0, -15.0)]
[(38.0, 401.0), (29.0, 410.0), (47.0, 410.0), (-8.0, 346.0), (81.0, 348.0), (18.0, 210.0), (67.0, 213.0), (7.0, 109.0), (80.0, 109.0), (-7.0, 14.0), (96.0, 15.0), (0, 0), (91.0, 4.0), (-27.0, -22.0), (117.0, -15.0)]
[(38.0, 400.0), (29.0, 410.0), (47.0, 409.0), (-9.0, 345.0), (81.0, 346.0), (18.0, 211.0), (67.0, 213.0), (7.0, 109.0), (80.0, 109.0), (-7.0, 14.0), (95.0, 15.0), (0, 0), (91.0, 4.0), (-27.0, -22.0), (117.0, -15.0)]
[(38.0, 400.0), (29.0, 410.0), (47.0, 409.0), (-9.0, 345.0), (81.0, 346.0), (18.0, 211.0), (67.0, 213.0), (6.0, 109.0), (80.0, 109.0), (-7.0, 14.0), (95.0, 15.0), (0, 0), (91.0, 4.0), (-27.0, -22.0), (117.0, -15.0)]
[(39.0, 397.0), (29.0, 406.0), (47.0, 406.0), (-9.0, 344.0), (82.0, 343.0), (17.0, 209.0), (67.0, 211.0), (6.0, 109.0), (81.0, 108.0), (-7.0, 14.0), (95.0, 15.0), (0, 0), (91.0, 4.0), (-27.0, -22.0), (117.0, -15.0)]
[(40.0, 395.0), (30.0, 404.0), (48.0, 404.0), (-9.0, 342.0), (83.0, 342.0), (17.0, 209.0), (67.0, 211.0), (3.0, 108.0), (82.0, 108.0), (-7.0, 13.0), (96.0, 15.0), (0, 0), (91.0, 4.0), (-27.0, -22.0), (116.0, -16.0)]
[(41.0, 394.0), (31.0, 403.0), (48.0, 403.0), (-8.0, 341.0), (84.0, 342.0), (16.0, 208.0), (67.0, 210.0), (1.0, 107.0), (83.0, 107.0), (-7.0, 13.0), (96.0, 14.0), (0, 0), (92.0, 3.0), (-27.0, -22.0), (116.0, -16.0)]
[(43.0, 385.0), (33.0, 395.0), (50.0, 394.0), (-8.0, 339.0), (85.0, 335.0), (16.0, 204.0), (67.0, 206.0), (-1.0, 106.0), (86.0, 106.0), (-7.0, 13.0), (96.0, 14.0), (0, 0), (92.0, 3.0), (-27.0, -22.0), (116.0, -16.0)]
[(43.0, 371.0), (33.0, 381.0), (51.0, 380.0), (-8.0, 329.0), (85.0, 323.0), (14.0, 196.0), (67.0, 197.0), (-5.0, 103.0), (90.0, 103.0), (-7.0, 14.0), (96.0, 13.0), (0, 0), (92.0, 2.0), (-28.0, -22.0), (116.0, -17.0)]
[(44.0, 370.0), (33.0, 380.0), (51.0, 378.0), (-8.0, 326.0), (85.0, 321.0), (14.0, 193.0), (67.0, 194.0), (-6.0, 102.0), (91.0, 102.0), (-7.0, 14.0), (96.0, 13.0), (0, 0), (91.0, 2.0), (-28.0, -22.0), (116.0, -17.0)]
[(44.0, 342.0), (33.0, 351.0), (51.0, 350.0), (-8.0, 305.0), (85.0, 299.0), (14.0, 176.0), (67.0, 178.0), (-11.0, 97.0), (97.0, 102.0), (-7.0, 13.0), (96.0, 13.0), (0, 0), (89.0, 1.0), (-28.0, -22.0), (116.0, -17.0)]
[(43.0, 323.0), (34.0, 332.0), (51.0, 331.0), (-7.0, 290.0), (85.0, 284.0), (14.0, 165.0), (67.0, 168.0), (-14.0, 96.0), (101.0, 101.0), (-8.0, 12.0), (96.0, 11.0), (0, 0), (89.0, 0.0), (-28.0, -22.0), (116.0, -18.0)]
[(44.0, 321.0), (35.0, 331.0), (52.0, 329.0), (-5.0, 289.0), (86.0, 281.0), (15.0, 167.0), (68.0, 168.0), (-14.0, 94.0), (104.0, 99.0), (-7.0, 12.0), (98.0, 12.0), (0, 0), (91.0, 1.0), (-27.0, -21.0), (118.0, -16.0)]
[(44.0, 305.0), (35.0, 315.0), (51.0, 313.0), (-4.0, 275.0), (85.0, 269.0), (14.0, 157.0), (67.0, 159.0), (-18.0, 93.0), (106.0, 96.0), (-8.0, 12.0), (98.0, 12.0), (0, 0), (91.0, 1.0), (-28.0, -21.0), (118.0, -16.0)]
[(44.0, 273.0), (35.0, 282.0), (52.0, 282.0), (-1.0, 250.0), (85.0, 247.0), (17.0, 144.0), (68.0, 146.0), (-22.0, 92.0), (108.0, 94.0), (-8.0, 12.0), (98.0, 12.0), (0, 0), (91.0, 1.0), (-28.0, -20.0), (118.0, -16.0)]
[(45.0, 258.0), (36.0, 268.0), (53.0, 267.0), (1.0, 235.0), (86.0, 231.0), (19.0, 136.0), (70.0, 137.0), (-21.0, 91.0), (110.0, 93.0), (-8.0, 11.0), (99.0, 11.0), (0, 0), (92.0, -1.0), (-28.0, -21.0), (119.0, -17.0)]
[(45.0, 259.0), (36.0, 269.0), (53.0, 267.0), (2.0, 234.0), (86.0, 231.0), (20.0, 134.0), (70.0, 135.0), (-21.0, 91.0), (111.0, 92.0), (-8.0, 11.0), (99.0, 11.0), (0, 0), (91.0, -1.0), (-28.0, -19.0), (119.0, -16.0)]
[(45.0, 247.0), (36.0, 256.0), (53.0, 255.0), (2.0, 224.0), (85.0, 222.0), (21.0, 127.0), (70.0, 128.0), (-21.0, 91.0), (113.0, 92.0), (-8.0, 11.0), (99.0, 10.0), (0, 0), (91.0, -1.0), (-28.0, -19.0), (119.0, -16.0)]
[(45.0, 237.0), (36.0, 247.0), (53.0, 246.0), (2.0, 215.0), (85.0, 214.0), (21.0, 123.0), (70.0, 123.0), (-22.0, 92.0), (113.0, 92.0), (-8.0, 11.0), (98.0, 11.0), (0, 0), (90.0, 0.0), (-28.0, -18.0), (119.0, -16.0)]
[(45.0, 235.0), (36.0, 244.0), (53.0, 244.0), (3.0, 214.0), (85.0, 212.0), (21.0, 122.0), (70.0, 120.0), (-22.0, 92.0), (114.0, 91.0), (-8.0, 11.0), (98.0, 11.0), (0, 0), (90.0, 0.0), (-29.0, -17.0), (119.0, -15.0)]
[(45.0, 222.0), (36.0, 232.0), (53.0, 232.0), (3.0, 203.0), (85.0, 202.0), (22.0, 112.0), (70.0, 112.0), (-24.0, 91.0), (114.0, 92.0), (-8.0, 11.0), (98.0, 11.0), (0, 0), (90.0, 0.0), (-29.0, -18.0), (118.0, -15.0)]
[(45.0, 220.0), (35.0, 230.0), (53.0, 230.0), (3.0, 201.0), (85.0, 199.0), (22.0, 109.0), (70.0, 107.0), (-25.0, 91.0), (115.0, 92.0), (-8.0, 10.0), (98.0, 11.0), (0, 0), (90.0, 0.0), (-29.0, -19.0), (118.0, -15.0)]
[(43.0, 225.0), (34.0, 235.0), (51.0, 234.0), (2.0, 207.0), (84.0, 205.0), (21.0, 116.0), (69.0, 115.0), (-26.0, 90.0), (113.0, 91.0), (-9.0, 10.0), (97.0, 10.0), (0, 0), (89.0, -1.0), (-29.0, -20.0), (117.0, -16.0)]
[(43.0, 234.0), (35.0, 243.0), (51.0, 242.0), (2.0, 215.0), (83.0, 212.0), (19.0, 120.0), (68.0, 121.0), (-25.0, 90.0), (113.0, 91.0), (-9.0, 11.0), (97.0, 10.0), (0, 0), (89.0, -1.0), (-29.0, -20.0), (117.0, -16.0)]
[(43.0, 235.0), (35.0, 244.0), (51.0, 244.0), (2.0, 216.0), (83.0, 215.0), (19.0, 122.0), (68.0, 123.0), (-25.0, 90.0), (113.0, 91.0), (-9.0, 11.0), (97.0, 10.0), (0, 0), (89.0, -1.0), (-28.0, -20.0), (117.0, -16.0)]
[(42.0, 259.0), (34.0, 268.0), (49.0, 268.0), (2.0, 236.0), (82.0, 234.0), (17.0, 136.0), (67.0, 138.0), (-24.0, 88.0), (110.0, 91.0), (-9.0, 11.0), (97.0, 10.0), (0, 0), (89.0, -1.0), (-28.0, -20.0), (117.0, -16.0)]
[(42.0, 283.0), (34.0, 291.0), (49.0, 291.0), (1.0, 254.0), (81.0, 255.0), (17.0, 147.0), (67.0, 150.0), (-22.0, 88.0), (108.0, 93.0), (-9.0, 11.0), (97.0, 11.0), (0, 0), (89.0, 0.0), (-28.0, -20.0), (117.0, -16.0)]
[(40.0, 282.0), (32.0, 291.0), (48.0, 291.0), (1.0, 256.0), (81.0, 258.0), (16.0, 150.0), (67.0, 152.0), (-21.0, 89.0), (107.0, 93.0), (-9.0, 11.0), (97.0, 11.0), (0, 0), (89.0, 0.0), (-28.0, -20.0), (118.0, -16.0)]
[(41.0, 302.0), (33.0, 310.0), (49.0, 310.0), (-0.0, 273.0), (82.0, 269.0), (17.0, 160.0), (68.0, 161.0), (-19.0, 90.0), (107.0, 94.0), (-8.0, 11.0), (98.0, 11.0), (0, 0), (90.0, 0.0), (-28.0, -19.0), (119.0, -16.0)]
[(42.0, 346.0), (34.0, 353.0), (50.0, 352.0), (-3.0, 306.0), (83.0, 299.0), (15.0, 184.0), (66.0, 184.0), (-12.0, 97.0), (101.0, 104.0), (-7.0, 12.0), (99.0, 11.0), (0, 0), (92.0, 0.0), (-27.0, -18.0), (120.0, -16.0)]
[(42.0, 366.0), (33.0, 373.0), (49.0, 373.0), (-6.0, 319.0), (83.0, 314.0), (15.0, 195.0), (66.0, 195.0), (-7.0, 102.0), (97.0, 106.0), (-7.0, 13.0), (99.0, 13.0), (0, 0), (92.0, 1.0), (-26.0, -18.0), (120.0, -15.0)]