[(30.0, 350.0), (22.0, 358.0), (36.0, 358.0), (-14.0, 309.0), (66.0, 308.0), (1.0, 186.0), (48.0, 186.0), (-12.0, 97.0), (54.0, 97.0), (-8.0, 15.0), (56.0, 15.0), (0, 0), (52.0, 3.0), (-34.0, -12.0), (64.0, -12.0)]
[(30.0, 359.0), (22.0, 367.0), (36.0, 367.0), (-16.0, 312.0), (65.0, 312.0), (1.0, 188.0), (48.0, 188.0), (-12.0, 97.0), (54.0, 97.0), (-8.0, 15.0), (57.0, 16.0), (0, 0), (53.0, 4.0), (-36.0, -11.0), (64.0, -11.0)]
[(30.0, 363.0), (21.0, 371.0), (36.0, 371.0), (-18.0, 316.0), (65.0, 317.0), (-0.0, 190.0), (48.0, 191.0), (-11.0, 98.0), (54.0, 99.0), (-8.0, 15.0), (57.0, 17.0), (0, 0), (53.0, 5.0), (-36.0, -11.0), (64.0, -10.0)]
[(29.0, 367.0), (21.0, 375.0), (36.0, 375.0), (-18.0, 318.0), (65.0, 320.0), (-0.0, 192.0), (48.0, 193.0), (-11.0, 99.0), (55.0, 100.0), (-8.0, 15.0), (57.0, 18.0), (0, 0), (53.0, 5.0), (-36.0, -11.0), (65.0, -10.0)]
[(29.0, 371.0), (20.0, 378.0), (36.0, 378.0), (-18.0, 318.0), (65.0, 322.0), (1.0, 193.0), (49.0, 196.0), (-10.0, 101.0), (56.0, 104.0), (-8.0, 15.0), (58.0, 19.0), (0, 0), (55.0, 6.0), (-37.0, -11.0), (65.0, -9.0)]
[(30.0, 371.0), (21.0, 379.0), (37.0, 379.0), (-17.0, 318.0), (66.0, 324.0), (3.0, 193.0), (51.0, 196.0), (-9.0, 102.0), (57.0, 105.0), (-8.0, 15.0), (59.0, 19.0), (0, 0), (56.0, 6.0), (-37.0, -10.0), (66.0, -9.0)]
[(29.0, 369.0), (21.0, 377.0), (37.0, 377.0), (-17.0, 316.0), (66.0, 324.0), (3.0, 193.0), (51.0, 194.0), (-9.0, 102.0), (57.0, 104.0), (-9.0, 15.0), (59.0, 18.0), (0, 0), (56.0, 6.0), (-37.0, -10.0), (66.0, -10.0)]
[(29.0, 369.0), (20.0, 377.0), (37.0, 377.0), (-17.0, 316.0), (66.0, 323.0), (3.0, 192.0), (51.0, 193.0), (-8.0, 102.0), (57.0, 105.0), (-9.0, 15.0), (59.0, 17.0), (0, 0), (56.0, 5.0), (-37.0, -11.0), (66.0, -11.0)]
[(27.0, 369.0), (19.0, 377.0), (36.0, 377.0), (-17.0, 317.0), (66.0, 322.0), (3.0, 192.0), (51.0, 194.0), (-7.0, 101.0), (57.0, 105.0), (-9.0, 15.0), (59.0, 18.0), (0, 0), (55.0, 6.0), (-37.0, -11.0), (67.0, -11.0)]
[(25.0, 367.0), (18.0, 375.0), (34.0, 375.0), (-17.0, 314.0), (66.0, 321.0), (3.0, 190.0), (50.0, 192.0), (-7.0, 101.0), (55.0, 104.0), (-9.0, 15.0), (59.0, 17.0), (0, 0), (55.0, 5.0), (-37.0, -11.0), (67.0, -12.0)]
[(25.0, 365.0), (17.0, 373.0), (33.0, 374.0), (-17.0, 312.0), (65.0, 320.0), (3.0, 190.0), (50.0, 191.0), (-7.0, 101.0), (56.0, 103.0), (-9.0, 15.0), (59.0, 16.0), (0, 0), (55.0, 5.0), (-36.0, -11.0), (67.0, -12.0)]
[(24.0, 365.0), (16.0, 373.0), (32.0, 374.0), (-17.0, 311.0), (65.0, 321.0), (3.0, 190.0), (50.0, 191.0), (-7.0, 102.0), (56.0, 104.0), (-9.0, 15.0), (60.0, 16.0), (0, 0), (55.0, 5.0), (-36.0, -11.0), (69.0, -12.0)]
[(23.0, 364.0), (16.0, 372.0), (31.0, 373.0), (-17.0, 310.0), (65.0, 320.0), (3.0, 190.0), (50.0, 191.0), (-7.0, 102.0), (56.0, 104.0), (-9.0, 15.0), (60.0, 16.0), (0, 0), (55.0, 5.0), (-36.0, -11.0), (69.0, -12.0)]
[(25.0, 365.0), (17.0, 372.0), (32.0, 374.0), (-17.0, 310.0), (65.0, 319.0), (4.0, 189.0), (51.0, 190.0), (-6.0, 102.0), (58.0, 104.0), (-8.0, 15.0), (61.0, 16.0), (0, 0), (56.0, 6.0), (-35.0, -11.0), (70.0, -12.0)]
[(25.0, 364.0), (17.0, 372.0), (32.0, 373.0), (-17.0, 310.0), (65.0, 319.0), (4.0, 189.0), (51.0, 190.0), (-6.0, 102.0), (58.0, 103.0), (-9.0, 15.0), (61.0, 16.0), (0, 0), (56.0, 5.0), (-35.0, -11.0), (70.0, -12.0)]
[(25.0, 363.0), (18.0, 371.0), (33.0, 372.0), (-16.0, 309.0), (66.0, 318.0), (5.0, 188.0), (52.0, 189.0), (-4.0, 101.0), (59.0, 102.0), (-8.0, 14.0), (62.0, 15.0), (0, 0), (57.0, 4.0), (-32.0, -12.0), (69.0, -14.0)]
[(25.0, 363.0), (18.0, 371.0), (33.0, 372.0), (-16.0, 308.0), (66.0, 317.0), (5.0, 188.0), (52.0, 189.0), (-4.0, 101.0), (59.0, 101.0), (-8.0, 15.0), (61.0, 15.0), (0, 0), (56.0, 4.0), (-32.0, -12.0), (70.0, -14.0)]
[(25.0, 363.0), (17.0, 370.0), (33.0, 372.0), (-16.0, 308.0), (66.0, 317.0), (5.0, 188.0), (52.0, 189.0), (-4.0, 101.0), (59.0, 100.0), (-8.0, 15.0), (62.0, 15.0), (0, 0), (57.0, 4.0), (-33.0, -12.0), (69.0, -15.0)]
[(25.0, 363.0), (17.0, 370.0), (33.0, 372.0), (-16.0, 309.0), (66.0, 317.0), (5.0, 188.0), (52.0, 189.0), (-4.0, 101.0), (59.0, 101.0), (-8.0, 15.0), (61.0, 15.0), (0, 0), (56.0, 5.0), (-33.0, -12.0), (68.0, -15.0)]
[(25.0, 363.0), (17.0, 370.0), (32.0, 372.0), (-16.0, 309.0), (66.0, 317.0), (5.0, 187.0), (52.0, 188.0), (-4.0, 100.0), (58.0, 100.0), (-8.0, 15.0), (61.0, 14.0), (0, 0), (58.0, 5.0), (-33.0, -13.0), (66.0, -16.0)]
[(24.0, 363.0), (16.0, 370.0), (31.0, 372.0), (-17.0, 309.0), (65.0, 317.0), (5.0, 187.0), (51.0, 188.0), (-5.0, 100.0), (58.0, 100.0), (-9.0, 15.0), (60.0, 14.0), (0, 0), (57.0, 4.0), (-34.0, -13.0), (65.0, -17.0)]
[(24.0, 363.0), (16.0, 370.0), (31.0, 372.0), (-16.0, 309.0), (66.0, 317.0), (5.0, 187.0), (51.0, 188.0), (-5.0, 100.0), (58.0, 100.0), (-9.0, 15.0), (60.0, 13.0), (0, 0), (57.0, 4.0), (-34.0, -14.0), (65.0, -17.0)]
[(23.0, 363.0), (16.0, 370.0), (31.0, 372.0), (-16.0, 309.0), (66.0, 317.0), (6.0, 187.0), (52.0, 188.0), (-3.0, 100.0), (58.0, 101.0), (-9.0, 15.0), (60.0, 14.0), (0, 0), (56.0, 4.0), (-34.0, -14.0), (65.0, -17.0)]
[(23.0, 363.0), (16.0, 370.0), (31.0, 372.0), (-16.0, 309.0), (66.0, 317.0), (6.0, 187.0), (52.0, 188.0), (-3.0, 100.0), (59.0, 101.0), (-9.0, 14.0), (60.0, 14.0), (0, 0), (54.0, 4.0), (-34.0, -15.0), (65.0, -18.0)]
[(23.0, 364.0), (16.0, 371.0), (31.0, 373.0), (-16.0, 310.0), (66.0, 318.0), (6.0, 188.0), (52.0, 189.0), (-3.0, 100.0), (60.0, 100.0), (-9.0, 15.0), (60.0, 14.0), (0, 0), (54.0, 4.0), (-33.0, -14.0), (66.0, -18.0)]
[(23.0, 364.0), (16.0, 371.0), (31.0, 373.0), (-16.0, 310.0), (66.0, 318.0), (6.0, 188.0), (53.0, 189.0), (-3.0, 100.0), (61.0, 98.0), (-8.0, 14.0), (60.0, 13.0), (0, 0), (54.0, 3.0), (-33.0, -15.0), (67.0, -18.0)]
[(22.0, 364.0), (15.0, 371.0), (30.0, 373.0), (-17.0, 310.0), (65.0, 318.0), (5.0, 187.0), (52.0, 189.0), (-3.0, 100.0), (60.0, 98.0), (-9.0, 14.0), (60.0, 13.0), (0, 0), (54.0, 3.0), (-34.0, -15.0), (65.0, -19.0)]
[(22.0, 363.0), (15.0, 371.0), (30.0, 372.0), (-16.0, 310.0), (65.0, 318.0), (6.0, 187.0), (52.0, 189.0), (-3.0, 100.0), (61.0, 98.0), (-9.0, 14.0), (60.0, 13.0), (0, 0), (55.0, 3.0), (-34.0, -16.0), (65.0, -19.0)]
[(23.0, 363.0), (15.0, 371.0), (30.0, 372.0), (-16.0, 310.0), (65.0, 318.0), (6.0, 187.0), (53.0, 189.0), (-4.0, 100.0), (61.0, 98.0), (-9.0, 14.0), (60.0, 13.0), (0, 0), (55.0, 3.0), (-34.0, -16.0), (65.0, -19.0)]
[(23.0, 364.0), (15.0, 372.0), (31.0, 373.0), (-16.0, 311.0), (65.0, 319.0), (7.0, 188.0), (53.0, 190.0), (-4.0, 101.0), (61.0, 101.0), (-9.0, 14.0), (60.0, 14.0), (0, 0), (54.0, 4.0), (-34.0, -16.0), (65.0, -18.0)]
[(23.0, 364.0), (15.0, 372.0), (31.0, 373.0), (-16.0, 312.0), (65.0, 320.0), (7.0, 189.0), (53.0, 190.0), (-4.0, 101.0), (61.0, 101.0), (-8.0, 14.0), (60.0, 14.0), (0, 0), (53.0, 4.0), (-33.0, -18.0), (65.0, -18.0)]
[(23.0, 364.0), (15.0, 372.0), (31.0, 373.0), (-15.0, 312.0), (66.0, 320.0), (7.0, 189.0), (53.0, 190.0), (-4.0, 101.0), (61.0, 100.0), (-8.0, 13.0), (60.0, 14.0), (0, 0), (53.0, 4.0), (-31.0, -19.0), (64.0, -18.0)]
[(24.0, 364.0), (15.0, 372.0), (31.0, 373.0), (-15.0, 312.0), (66.0, 320.0), (7.0, 189.0), (53.0, 190.0), (-4.0, 101.0), (61.0, 101.0), (-8.0, 13.0), (60.0, 14.0), (0, 0), (54.0, 6.0), (-30.0, -20.0), (64.0, -18.0)]
[(24.0, 365.0), (15.0, 373.0), (31.0, 375.0), (-15.0, 312.0), (66.0, 321.0), (6.0, 190.0), (53.0, 191.0), (-4.0, 101.0), (61.0, 101.0), (-8.0, 13.0), (60.0, 15.0), (0, 0), (53.0, 7.0), (-30.0, -20.0), (64.0, -17.0)]
[(24.0, 365.0), (15.0, 373.0), (32.0, 375.0), (-15.0, 312.0), (66.0, 321.0), (6.0, 190.0), (53.0, 191.0), (-5.0, 99.0), (61.0, 100.0), (-9.0, 13.0), (60.0, 15.0), (0, 0), (54.0, 7.0), (-29.0, -20.0), (64.0, -17.0)]
[(32.0, 362.0), (23.0, 371.0), (40.0, 372.0), (-8.0, 309.0), (74.0, 318.0), (12.0, 186.0), (60.0, 187.0), (3.0, 95.0), (69.0, 95.0), (-5.0, 10.0), (68.0, 12.0), (0, 0), (61.0, 4.0), (-18.0, -24.0), (72.0, -20.0)]
[(34.0, 362.0), (25.0, 371.0), (41.0, 372.0), (-6.0, 308.0), (76.0, 317.0), (14.0, 185.0), (62.0, 186.0), (4.0, 93.0), (71.0, 94.0), (-5.0, 9.0), (70.0, 11.0), (0, 0), (63.0, 4.0), (-15.0, -25.0), (74.0, -21.0)]
[(34.0, 363.0), (26.0, 371.0), (42.0, 373.0), (-6.0, 308.0), (77.0, 317.0), (13.0, 185.0), (62.0, 186.0), (4.0, 93.0), (72.0, 93.0), (-5.0, 9.0), (70.0, 11.0), (0, 0), (63.0, 4.0), (-13.0, -25.0), (75.0, -22.0)]
[(33.0, 365.0), (25.0, 374.0), (41.0, 375.0), (-7.0, 309.0), (76.0, 317.0), (13.0, 185.0), (61.0, 186.0), (4.0, 93.0), (71.0, 93.0), (-5.0, 10.0), (69.0, 12.0), (0, 0), (61.0, 4.0), (-13.0, -24.0), (75.0, -21.0)]
[(31.0, 364.0), (23.0, 372.0), (39.0, 373.0), (-8.0, 308.0), (74.0, 315.0), (11.0, 184.0), (59.0, 185.0), (3.0, 91.0), (70.0, 91.0), (-5.0, 8.0), (69.0, 10.0), (0, 0), (61.0, 3.0), (-13.0, -26.0), (76.0, -23.0)]
[(31.0, 364.0), (22.0, 372.0), (39.0, 373.0), (-10.0, 308.0), (73.0, 315.0), (10.0, 184.0), (59.0, 185.0), (4.0, 91.0), (71.0, 91.0), (-4.0, 9.0), (70.0, 10.0), (0, 0), (62.0, 2.0), (-12.0, -26.0), (77.0, -23.0)]
[(29.0, 363.0), (20.0, 372.0), (37.0, 372.0), (-14.0, 307.0), (70.0, 314.0), (8.0, 183.0), (56.0, 184.0), (1.0, 90.0), (68.0, 90.0), (-5.0, 8.0), (69.0, 9.0), (0, 0), (61.0, 1.0), (-13.0, -27.0), (76.0, -25.0)]
[(27.0, 363.0), (19.0, 371.0), (35.0, 372.0), (-16.0, 307.0), (68.0, 313.0), (6.0, 182.0), (54.0, 183.0), (1.0, 89.0), (68.0, 90.0), (-5.0, 8.0), (69.0, 9.0), (0, 0), (61.0, 1.0), (-13.0, -28.0), (76.0, -26.0)]
[(27.0, 363.0), (18.0, 371.0), (34.0, 372.0), (-17.0, 308.0), (66.0, 314.0), (6.0, 182.0), (53.0, 184.0), (1.0, 89.0), (67.0, 90.0), (-5.0, 8.0), (69.0, 9.0), (0, 0), (62.0, 1.0), (-13.0, -29.0), (76.0, -26.0)]
[(26.0, 363.0), (18.0, 371.0), (34.0, 372.0), (-18.0, 308.0), (65.0, 314.0), (5.0, 182.0), (53.0, 184.0), (1.0, 89.0), (67.0, 90.0), (-5.0, 9.0), (68.0, 9.0), (0, 0), (61.0, 1.0), (-13.0, -28.0), (77.0, -26.0)]
[(25.0, 363.0), (17.0, 371.0), (33.0, 372.0), (-20.0, 308.0), (65.0, 314.0), (5.0, 182.0), (53.0, 184.0), (-0.0, 89.0), (67.0, 92.0), (-5.0, 8.0), (68.0, 9.0), (0, 0), (61.0, 1.0), (-13.0, -29.0), (77.0, -26.0)]
[(24.0, 363.0), (16.0, 371.0), (32.0, 372.0), (-20.0, 308.0), (65.0, 313.0), (4.0, 181.0), (53.0, 183.0), (-0.0, 89.0), (67.0, 91.0), (-5.0, 8.0), (68.0, 10.0), (0, 0), (61.0, 2.0), (-13.0, -29.0), (77.0, -26.0)]
[(25.0, 364.0), (16.0, 372.0), (32.0, 373.0), (-20.0, 309.0), (65.0, 314.0), (4.0, 182.0), (53.0, 184.0), (-1.0, 89.0), (67.0, 92.0), (-6.0, 9.0), (68.0, 11.0), (0, 0), (62.0, 3.0), (-13.0, -28.0), (77.0, -25.0)]
[(26.0, 364.0), (17.0, 372.0), (33.0, 373.0), (-19.0, 309.0), (66.0, 314.0), (5.0, 181.0), (54.0, 184.0), (-0.0, 88.0), (68.0, 90.0), (-5.0, 8.0), (70.0, 11.0), (0, 0), (65.0, 3.0), (-11.0, -28.0), (78.0, -25.0)]
[(26.0, 364.0), (17.0, 372.0), (33.0, 373.0), (-19.0, 309.0), (66.0, 314.0), (5.0, 181.0), (54.0, 183.0), (-0.0, 88.0), (68.0, 88.0), (-5.0, 8.0), (72.0, 11.0), (0, 0), (67.0, 3.0), (-11.0, -28.0), (78.0, -25.0)]
[(26.0, 365.0), (17.0, 373.0), (34.0, 374.0), (-19.0, 309.0), (67.0, 315.0), (5.0, 182.0), (55.0, 184.0), (-1.0, 89.0), (68.0, 89.0), (-5.0, 9.0), (72.0, 11.0), (0, 0), (66.0, 4.0), (-12.0, -27.0), (78.0, -24.0)]
[(29.0, 365.0), (20.0, 373.0), (37.0, 374.0), (-17.0, 309.0), (71.0, 313.0), (5.0, 182.0), (55.0, 183.0), (-1.0, 89.0), (68.0, 90.0), (-5.0, 9.0), (72.0, 11.0), (0, 0), (66.0, 3.0), (-12.0, -27.0), (78.0, -24.0)]
[(32.0, 365.0), (23.0, 373.0), (40.0, 374.0), (-13.0, 309.0), (74.0, 313.0), (6.0, 182.0), (56.0, 183.0), (-1.0, 89.0), (70.0, 90.0), (-4.0, 9.0), (72.0, 11.0), (0, 0), (66.0, 3.0), (-11.0, -27.0), (78.0, -24.0)]
[(33.0, 365.0), (24.0, 373.0), (41.0, 374.0), (-11.0, 309.0), (76.0, 312.0), (7.0, 181.0), (56.0, 182.0), (-2.0, 89.0), (72.0, 90.0), (-5.0, 9.0), (71.0, 11.0), (0, 0), (65.0, 4.0), (-12.0, -27.0), (77.0, -24.0)]
[(39.0, 365.0), (29.0, 374.0), (46.0, 374.0), (-5.0, 309.0), (81.0, 312.0), (11.0, 181.0), (60.0, 182.0), (-1.0, 90.0), (75.0, 90.0), (-5.0, 10.0), (72.0, 12.0), (0, 0), (66.0, 4.0), (-19.0, -24.0), (78.0, -24.0)]
[(44.0, 366.0), (34.0, 374.0), (52.0, 374.0), (-0.0, 310.0), (87.0, 312.0), (16.0, 181.0), (66.0, 182.0), (3.0, 91.0), (79.0, 92.0), (-5.0, 11.0), (76.0, 13.0), (0, 0), (71.0, 5.0), (-19.0, -23.0), (82.0, -23.0)]
[(47.0, 366.0), (37.0, 374.0), (55.0, 374.0), (3.0, 310.0), (90.0, 312.0), (19.0, 182.0), (70.0, 183.0), (5.0, 91.0), (82.0, 94.0), (-5.0, 11.0), (80.0, 13.0), (0, 0), (74.0, 5.0), (-21.0, -22.0), (86.0, -23.0)]
[(49.0, 368.0), (40.0, 376.0), (57.0, 376.0), (5.0, 312.0), (91.0, 314.0), (21.0, 184.0), (71.0, 185.0), (7.0, 94.0), (84.0, 96.0), (-5.0, 13.0), (82.0, 15.0), (0, 0), (78.0, 7.0), (-22.0, -21.0), (88.0, -21.0)]
[(49.0, 369.0), (39.0, 377.0), (57.0, 377.0), (5.0, 313.0), (91.0, 315.0), (21.0, 186.0), (71.0, 187.0), (7.0, 94.0), (85.0, 98.0), (-6.0, 13.0), (83.0, 16.0), (0, 0), (79.0, 8.0), (-23.0, -20.0), (89.0, -20.0)]
[(48.0, 368.0), (39.0, 377.0), (56.0, 377.0), (4.0, 313.0), (90.0, 315.0), (21.0, 186.0), (71.0, 187.0), (7.0, 95.0), (84.0, 99.0), (-6.0, 14.0), (83.0, 17.0), (0, 0), (79.0, 9.0), (-23.0, -19.0), (89.0, -20.0)]
[(47.0, 368.0), (38.0, 376.0), (55.0, 377.0), (2.0, 313.0), (87.0, 315.0), (18.0, 186.0), (69.0, 187.0), (7.0, 95.0), (83.0, 99.0), (-6.0, 13.0), (83.0, 17.0), (0, 0), (78.0, 9.0), (-23.0, -20.0), (89.0, -20.0)]
[(44.0, 369.0), (35.0, 378.0), (51.0, 378.0), (-3.0, 314.0), (84.0, 316.0), (15.0, 187.0), (66.0, 188.0), (7.0, 95.0), (81.0, 100.0), (-6.0, 13.0), (83.0, 18.0), (0, 0), (78.0, 9.0), (-23.0, -20.0), (89.0, -19.0)]
[(41.0, 368.0), (33.0, 377.0), (49.0, 377.0), (-6.0, 313.0), (80.0, 315.0), (13.0, 185.0), (64.0, 187.0), (7.0, 94.0), (79.0, 99.0), (-6.0, 13.0), (83.0, 17.0), (0, 0), (79.0, 8.0), (-22.0, -21.0), (89.0, -20.0)]
[(40.0, 368.0), (31.0, 376.0), (48.0, 376.0), (-7.0, 312.0), (79.0, 314.0), (12.0, 184.0), (64.0, 185.0), (7.0, 93.0), (78.0, 98.0), (-6.0, 12.0), (83.0, 16.0), (0, 0), (79.0, 8.0), (-22.0, -22.0), (89.0, -21.0)]
[(37.0, 367.0), (29.0, 376.0), (45.0, 376.0), (-10.0, 312.0), (77.0, 314.0), (11.0, 184.0), (62.0, 186.0), (6.0, 93.0), (77.0, 98.0), (-6.0, 12.0), (83.0, 16.0), (0, 0), (79.0, 8.0), (-22.0, -22.0), (89.0, -20.0)]
[(36.0, 367.0), (27.0, 376.0), (44.0, 376.0), (-10.0, 312.0), (76.0, 315.0), (11.0, 184.0), (62.0, 186.0), (7.0, 93.0), (77.0, 98.0), (-5.0, 12.0), (84.0, 16.0), (0, 0), (80.0, 8.0), (-21.0, -22.0), (90.0, -20.0)]
[(35.0, 368.0), (26.0, 376.0), (43.0, 376.0), (-13.0, 312.0), (74.0, 315.0), (10.0, 184.0), (61.0, 186.0), (6.0, 93.0), (76.0, 97.0), (-6.0, 12.0), (84.0, 16.0), (0, 0), (80.0, 9.0), (-21.0, -22.0), (89.0, -20.0)]
[(33.0, 368.0), (24.0, 376.0), (41.0, 376.0), (-14.0, 311.0), (72.0, 315.0), (11.0, 184.0), (61.0, 186.0), (4.0, 93.0), (75.0, 96.0), (-6.0, 12.0), (83.0, 16.0), (0, 0), (80.0, 8.0), (-21.0, -23.0), (88.0, -20.0)]
[(34.0, 368.0), (25.0, 376.0), (42.0, 376.0), (-13.0, 311.0), (74.0, 315.0), (11.0, 184.0), (61.0, 186.0), (2.0, 92.0), (76.0, 96.0), (-6.0, 11.0), (85.0, 16.0), (0, 0), (82.0, 8.0), (-19.0, -23.0), (89.0, -20.0)]
[(33.0, 368.0), (23.0, 376.0), (40.0, 376.0), (-14.0, 311.0), (73.0, 315.0), (11.0, 184.0), (61.0, 186.0), (2.0, 92.0), (75.0, 96.0), (-6.0, 11.0), (84.0, 16.0), (0, 0), (81.0, 8.0), (-19.0, -23.0), (89.0, -20.0)]
[(33.0, 368.0), (23.0, 376.0), (41.0, 376.0), (-14.0, 311.0), (73.0, 315.0), (11.0, 184.0), (61.0, 186.0), (1.0, 92.0), (74.0, 95.0), (-7.0, 11.0), (84.0, 16.0), (0, 0), (80.0, 8.0), (-19.0, -24.0), (88.0, -20.0)]
[(33.0, 368.0), (24.0, 376.0), (41.0, 376.0), (-13.0, 311.0), (73.0, 315.0), (11.0, 184.0), (61.0, 186.0), (-0.0, 92.0), (73.0, 95.0), (-7.0, 11.0), (83.0, 15.0), (0, 0), (79.0, 7.0), (-19.0, -24.0), (88.0, -21.0)]
[(33.0, 368.0), (24.0, 376.0), (41.0, 376.0), (-13.0, 311.0), (73.0, 315.0), (10.0, 183.0), (61.0, 185.0), (-1.0, 91.0), (74.0, 92.0), (-7.0, 11.0), (83.0, 15.0), (0, 0), (79.0, 7.0), (-19.0, -24.0), (88.0, -21.0)]
[(34.0, 369.0), (25.0, 377.0), (42.0, 377.0), (-12.0, 312.0), (74.0, 316.0), (10.0, 184.0), (62.0, 186.0), (-4.0, 91.0), (75.0, 93.0), (-7.0, 12.0), (84.0, 16.0), (0, 0), (79.0, 7.0), (-19.0, -23.0), (89.0, -20.0)]
[(34.0, 369.0), (25.0, 377.0), (42.0, 377.0), (-11.0, 312.0), (74.0, 316.0), (10.0, 184.0), (62.0, 186.0), (-4.0, 91.0), (76.0, 93.0), (-7.0, 11.0), (84.0, 16.0), (0, 0), (79.0, 7.0), (-19.0, -23.0), (89.0, -20.0)]
[(34.0, 368.0), (25.0, 376.0), (42.0, 376.0), (-11.0, 311.0), (74.0, 315.0), (10.0, 183.0), (62.0, 185.0), (-5.0, 90.0), (76.0, 91.0), (-7.0, 10.0), (84.0, 15.0), (0, 0), (80.0, 6.0), (-19.0, -24.0), (89.0, -21.0)]
[(33.0, 369.0), (24.0, 377.0), (41.0, 377.0), (-11.0, 314.0), (73.0, 316.0), (9.0, 184.0), (61.0, 186.0), (-5.0, 91.0), (76.0, 91.0), (-8.0, 11.0), (83.0, 15.0), (0, 0), (79.0, 7.0), (-20.0, -24.0), (89.0, -20.0)]
[(34.0, 369.0), (25.0, 377.0), (42.0, 377.0), (-10.0, 316.0), (73.0, 317.0), (9.0, 185.0), (61.0, 186.0), (-5.0, 91.0), (77.0, 90.0), (-8.0, 11.0), (83.0, 15.0), (0, 0), (78.0, 6.0), (-19.0, -24.0), (89.0, -20.0)]
[(35.0, 369.0), (26.0, 377.0), (43.0, 377.0), (-7.0, 320.0), (74.0, 319.0), (11.0, 186.0), (62.0, 187.0), (-3.0, 91.0), (80.0, 90.0), (-7.0, 11.0), (84.0, 15.0), (0, 0), (79.0, 6.0), (-19.0, -24.0), (90.0, -21.0)]
[(35.0, 368.0), (26.0, 376.0), (43.0, 377.0), (-5.0, 320.0), (74.0, 321.0), (11.0, 186.0), (63.0, 186.0), (-3.0, 91.0), (81.0, 90.0), (-7.0, 11.0), (84.0, 15.0), (0, 0), (79.0, 6.0), (-18.0, -23.0), (90.0, -20.0)]
[(35.0, 368.0), (26.0, 376.0), (43.0, 376.0), (-4.0, 320.0), (74.0, 321.0), (12.0, 186.0), (64.0, 186.0), (-3.0, 91.0), (82.0, 90.0), (-7.0, 11.0), (84.0, 15.0), (0, 0), (79.0, 6.0), (-19.0, -23.0), (90.0, -20.0)]
[(36.0, 366.0), (26.0, 374.0), (44.0, 374.0), (-4.0, 319.0), (74.0, 321.0), (13.0, 186.0), (64.0, 185.0), (-3.0, 91.0), (82.0, 88.0), (-7.0, 11.0), (84.0, 14.0), (0, 0), (79.0, 6.0), (-20.0, -23.0), (90.0, -21.0)]
[(36.0, 365.0), (26.0, 373.0), (44.0, 373.0), (-4.0, 319.0), (74.0, 321.0), (13.0, 185.0), (64.0, 184.0), (-3.0, 91.0), (83.0, 88.0), (-7.0, 12.0), (84.0, 14.0), (0, 0), (79.0, 6.0), (-20.0, -22.0), (90.0, -21.0)]
[(37.0, 364.0), (27.0, 372.0), (45.0, 371.0), (-4.0, 319.0), (74.0, 320.0), (14.0, 183.0), (65.0, 183.0), (-3.0, 91.0), (83.0, 88.0), (-7.0, 12.0), (84.0, 13.0), (0, 0), (79.0, 5.0), (-21.0, -22.0), (90.0, -21.0)]
[(37.0, 362.0), (28.0, 369.0), (45.0, 369.0), (-4.0, 318.0), (74.0, 318.0), (15.0, 181.0), (65.0, 181.0), (-3.0, 89.0), (83.0, 87.0), (-7.0, 12.0), (84.0, 13.0), (0, 0), (79.0, 6.0), (-21.0, -22.0), (90.0, -21.0)]
[(37.0, 359.0), (28.0, 367.0), (45.0, 366.0), (-5.0, 316.0), (74.0, 315.0), (15.0, 178.0), (66.0, 179.0), (-4.0, 88.0), (83.0, 84.0), (-7.0, 12.0), (84.0, 13.0), (0, 0), (80.0, 6.0), (-22.0, -22.0), (90.0, -20.0)]
[(38.0, 358.0), (28.0, 365.0), (45.0, 364.0), (-6.0, 315.0), (75.0, 313.0), (15.0, 176.0), (66.0, 177.0), (-4.0, 87.0), (83.0, 84.0), (-6.0, 12.0), (85.0, 13.0), (0, 0), (80.0, 6.0), (-22.0, -22.0), (90.0, -20.0)]
[(37.0, 354.0), (28.0, 362.0), (45.0, 361.0), (-6.0, 313.0), (75.0, 311.0), (15.0, 175.0), (66.0, 176.0), (-4.0, 87.0), (83.0, 84.0), (-6.0, 12.0), (85.0, 14.0), (0, 0), (81.0, 7.0), (-22.0, -22.0), (90.0, -20.0)]
[(37.0, 350.0), (28.0, 358.0), (45.0, 357.0), (-7.0, 308.0), (75.0, 306.0), (15.0, 172.0), (66.0, 173.0), (-5.0, 86.0), (83.0, 83.0), (-7.0, 12.0), (85.0, 14.0), (0, 0), (81.0, 7.0), (-22.0, -22.0), (90.0, -20.0)]
[(38.0, 347.0), (29.0, 355.0), (46.0, 354.0), (-6.0, 305.0), (76.0, 303.0), (16.0, 169.0), (68.0, 171.0), (-4.0, 85.0), (86.0, 83.0), (-6.0, 12.0), (88.0, 14.0), (0, 0), (85.0, 8.0), (-22.0, -21.0), (91.0, -19.0)]
[(38.0, 341.0), (29.0, 348.0), (46.0, 347.0), (-6.0, 299.0), (76.0, 298.0), (16.0, 166.0), (68.0, 166.0), (-7.0, 83.0), (87.0, 80.0), (-6.0, 12.0), (88.0, 14.0), (0, 0), (84.0, 8.0), (-21.0, -21.0), (91.0, -19.0)]
[(39.0, 335.0), (29.0, 342.0), (46.0, 341.0), (-5.0, 293.0), (76.0, 292.0), (16.0, 162.0), (68.0, 162.0), (-8.0, 82.0), (89.0, 77.0), (-6.0, 11.0), (87.0, 13.0), (0, 0), (81.0, 7.0), (-21.0, -21.0), (92.0, -19.0)]
[(38.0, 330.0), (28.0, 337.0), (45.0, 336.0), (-3.0, 287.0), (75.0, 289.0), (15.0, 163.0), (67.0, 161.0), (-11.0, 84.0), (87.0, 79.0), (-7.0, 12.0), (86.0, 14.0), (0, 0), (81.0, 9.0), (-23.0, -20.0), (91.0, -17.0)]
[(38.0, 322.0), (28.0, 329.0), (46.0, 328.0), (-2.0, 280.0), (75.0, 283.0), (15.0, 157.0), (67.0, 156.0), (-14.0, 82.0), (88.0, 78.0), (-7.0, 12.0), (86.0, 14.0), (0, 0), (81.0, 9.0), (-24.0, -20.0), (92.0, -17.0)]
[(38.0, 313.0), (28.0, 320.0), (45.0, 319.0), (-2.0, 274.0), (74.0, 277.0), (14.0, 155.0), (66.0, 154.0), (-16.0, 81.0), (87.0, 75.0), (-8.0, 11.0), (85.0, 13.0), (0, 0), (81.0, 7.0), (-24.0, -22.0), (91.0, -18.0)]
[(38.0, 301.0), (28.0, 308.0), (45.0, 308.0), (-2.0, 268.0), (74.0, 269.0), (14.0, 152.0), (66.0, 151.0), (-17.0, 81.0), (87.0, 75.0), (-8.0, 11.0), (85.0, 13.0), (0, 0), (81.0, 7.0), (-25.0, -22.0), (91.0, -18.0)]
[(38.0, 294.0), (28.0, 302.0), (45.0, 301.0), (-3.0, 261.0), (73.0, 262.0), (13.0, 152.0), (65.0, 151.0), (-20.0, 83.0), (86.0, 78.0), (-8.0, 12.0), (84.0, 15.0), (0, 0), (80.0, 9.0), (-27.0, -19.0), (90.0, -16.0)]
[(35.0, 263.0), (25.0, 270.0), (42.0, 271.0), (-5.0, 232.0), (69.0, 233.0), (11.0, 139.0), (62.0, 140.0), (-25.0, 82.0), (86.0, 79.0), (-9.0, 13.0), (81.0, 16.0), (0, 0), (77.0, 11.0), (-30.0, -18.0), (87.0, -15.0)]
[(35.0, 250.0), (25.0, 256.0), (42.0, 257.0), (-5.0, 221.0), (69.0, 222.0), (11.0, 131.0), (62.0, 132.0), (-27.0, 79.0), (87.0, 77.0), (-9.0, 12.0), (81.0, 15.0), (0, 0), (76.0, 10.0), (-29.0, -19.0), (87.0, -16.0)]
[(33.0, 243.0), (25.0, 250.0), (41.0, 250.0), (-5.0, 214.0), (69.0, 218.0), (11.0, 125.0), (62.0, 126.0), (-31.0, 79.0), (89.0, 76.0), (-9.0, 12.0), (81.0, 15.0), (0, 0), (75.0, 9.0), (-29.0, -19.0), (87.0, -16.0)]
[(33.0, 236.0), (25.0, 244.0), (41.0, 243.0), (-4.0, 211.0), (69.0, 213.0), (11.0, 124.0), (62.0, 125.0), (-30.0, 80.0), (90.0, 77.0), (-9.0, 12.0), (81.0, 15.0), (0, 0), (75.0, 8.0), (-29.0, -17.0), (87.0, -15.0)]
[(33.0, 229.0), (25.0, 237.0), (41.0, 237.0), (-3.0, 207.0), (69.0, 207.0), (12.0, 120.0), (61.0, 121.0), (-29.0, 80.0), (90.0, 80.0), (-9.0, 12.0), (81.0, 16.0), (0, 0), (75.0, 8.0), (-29.0, -16.0), (87.0, -15.0)]
[(32.0, 223.0), (24.0, 231.0), (40.0, 231.0), (-3.0, 203.0), (67.0, 204.0), (12.0, 117.0), (60.0, 118.0), (-30.0, 80.0), (90.0, 81.0), (-10.0, 12.0), (80.0, 16.0), (0, 0), (74.0, 9.0), (-29.0, -15.0), (86.0, -15.0)]
[(33.0, 222.0), (25.0, 229.0), (41.0, 230.0), (-2.0, 203.0), (67.0, 203.0), (12.0, 117.0), (60.0, 118.0), (-30.0, 82.0), (90.0, 83.0), (-10.0, 13.0), (80.0, 16.0), (0, 0), (74.0, 7.0), (-30.0, -14.0), (87.0, -14.0)]
[(33.0, 220.0), (25.0, 227.0), (41.0, 227.0), (-2.0, 202.0), (67.0, 200.0), (12.0, 117.0), (60.0, 117.0), (-30.0, 82.0), (91.0, 83.0), (-10.0, 13.0), (80.0, 16.0), (0, 0), (74.0, 7.0), (-30.0, -14.0), (86.0, -14.0)]
[(34.0, 220.0), (25.0, 227.0), (42.0, 228.0), (-2.0, 200.0), (67.0, 199.0), (12.0, 116.0), (60.0, 116.0), (-30.0, 83.0), (91.0, 84.0), (-9.0, 13.0), (80.0, 17.0), (0, 0), (74.0, 8.0), (-30.0, -13.0), (86.0, -14.0)]
[(34.0, 221.0), (26.0, 228.0), (42.0, 229.0), (-2.0, 201.0), (67.0, 200.0), (12.0, 116.0), (60.0, 116.0), (-30.0, 83.0), (91.0, 84.0), (-9.0, 13.0), (80.0, 17.0), (0, 0), (74.0, 8.0), (-30.0, -13.0), (86.0, -14.0)]
[(34.0, 224.0), (26.0, 231.0), (43.0, 232.0), (-2.0, 200.0), (67.0, 202.0), (13.0, 117.0), (61.0, 118.0), (-30.0, 83.0), (91.0, 83.0), (-9.0, 13.0), (80.0, 17.0), (0, 0), (74.0, 7.0), (-29.0, -13.0), (87.0, -14.0)]
[(34.0, 226.0), (26.0, 233.0), (43.0, 234.0), (-2.0, 201.0), (70.0, 202.0), (13.0, 117.0), (61.0, 118.0), (-30.0, 82.0), (91.0, 82.0), (-9.0, 12.0), (80.0, 16.0), (0, 0), (74.0, 7.0), (-28.0, -14.0), (86.0, -15.0)]
[(34.0, 226.0), (26.0, 234.0), (43.0, 235.0), (-2.0, 203.0), (71.0, 203.0), (13.0, 117.0), (62.0, 120.0), (-26.0, 81.0), (90.0, 80.0), (-9.0, 11.0), (80.0, 15.0), (0, 0), (75.0, 7.0), (-28.0, -15.0), (85.0, -16.0)]
[(35.0, 232.0), (26.0, 239.0), (43.0, 241.0), (-1.0, 206.0), (71.0, 207.0), (13.0, 121.0), (62.0, 125.0), (-24.0, 81.0), (88.0, 83.0), (-9.0, 11.0), (80.0, 16.0), (0, 0), (75.0, 8.0), (-28.0, -16.0), (85.0, -16.0)]
[(36.0, 245.0), (27.0, 252.0), (44.0, 253.0), (1.0, 216.0), (71.0, 217.0), (13.0, 129.0), (62.0, 131.0), (-20.0, 83.0), (85.0, 82.0), (-9.0, 11.0), (81.0, 16.0), (0, 0), (76.0, 8.0), (-28.0, -16.0), (85.0, -16.0)]
[(37.0, 256.0), (28.0, 263.0), (44.0, 264.0), (2.0, 223.0), (71.0, 225.0), (14.0, 134.0), (63.0, 136.0), (-19.0, 83.0), (84.0, 83.0), (-9.0, 11.0), (81.0, 15.0), (0, 0), (76.0, 7.0), (-27.0, -16.0), (85.0, -16.0)]
[(38.0, 267.0), (29.0, 274.0), (45.0, 274.0), (3.0, 235.0), (73.0, 236.0), (15.0, 141.0), (64.0, 144.0), (-15.0, 87.0), (81.0, 89.0), (-8.0, 12.0), (81.0, 16.0), (0, 0), (77.0, 7.0), (-27.0, -15.0), (86.0, -15.0)]
[(38.0, 280.0), (29.0, 287.0), (45.0, 287.0), (3.0, 245.0), (74.0, 245.0), (16.0, 148.0), (65.0, 149.0), (-15.0, 89.0), (80.0, 92.0), (-8.0, 13.0), (81.0, 17.0), (0, 0), (76.0, 8.0), (-27.0, -14.0), (86.0, -14.0)]
[(38.0, 289.0), (29.0, 296.0), (45.0, 297.0), (3.0, 256.0), (75.0, 255.0), (17.0, 155.0), (65.0, 156.0), (-13.0, 91.0), (78.0, 92.0), (-8.0, 13.0), (81.0, 17.0), (0, 0), (77.0, 8.0), (-28.0, -13.0), (86.0, -14.0)]
[(38.0, 301.0), (30.0, 308.0), (45.0, 307.0), (3.0, 264.0), (74.0, 263.0), (17.0, 160.0), (66.0, 160.0), (-8.0, 95.0), (78.0, 94.0), (-8.0, 14.0), (81.0, 17.0), (0, 0), (76.0, 9.0), (-28.0, -13.0), (86.0, -14.0)]
[(40.0, 309.0), (31.0, 315.0), (47.0, 316.0), (3.0, 272.0), (75.0, 269.0), (17.0, 163.0), (66.0, 163.0), (-7.0, 92.0), (78.0, 91.0), (-8.0, 13.0), (81.0, 15.0), (0, 0), (77.0, 7.0), (-28.0, -16.0), (86.0, -16.0)]
[(40.0, 315.0), (32.0, 323.0), (47.0, 323.0), (3.0, 277.0), (76.0, 276.0), (17.0, 166.0), (66.0, 167.0), (-5.0, 92.0), (77.0, 89.0), (-8.0, 12.0), (81.0, 14.0), (0, 0), (77.0, 6.0), (-28.0, -17.0), (85.0, -16.0)]
[(41.0, 326.0), (33.0, 334.0), (48.0, 334.0), (3.0, 286.0), (76.0, 287.0), (17.0, 171.0), (66.0, 172.0), (-3.0, 93.0), (78.0, 90.0), (-8.0, 12.0), (81.0, 14.0), (0, 0), (77.0, 7.0), (-28.0, -17.0), (85.0, -16.0)]
[(43.0, 336.0), (35.0, 344.0), (50.0, 344.0), (2.0, 293.0), (78.0, 293.0), (18.0, 175.0), (67.0, 175.0), (1.0, 94.0), (79.0, 90.0), (-7.0, 12.0), (82.0, 14.0), (0, 0), (79.0, 6.0), (-27.0, -18.0), (86.0, -16.0)]