[(42.0, 383.0), (33.0, 393.0), (48.0, 391.0), (-9.0, 341.0), (81.0, 335.0), (13.0, 213.0), (64.0, 213.0), (-5.0, 108.0), (86.0, 112.0), (-8.0, 13.0), (92.0, 13.0), (0, 0), (85.0, 1.0), (-31.0, -19.0), (113.0, -15.0)]
[(41.0, 386.0), (32.0, 395.0), (48.0, 395.0), (-9.0, 343.0), (81.0, 338.0), (12.0, 216.0), (64.0, 216.0), (-3.0, 110.0), (86.0, 111.0), (-8.0, 14.0), (92.0, 14.0), (0, 0), (86.0, 1.0), (-31.0, -18.0), (113.0, -14.0)]
[(40.0, 401.0), (30.0, 410.0), (48.0, 410.0), (-11.0, 349.0), (81.0, 346.0), (13.0, 216.0), (64.0, 217.0), (2.0, 112.0), (79.0, 112.0), (-7.0, 15.0), (92.0, 15.0), (0, 0), (87.0, 2.0), (-31.0, -18.0), (113.0, -14.0)]
[(39.0, 401.0), (30.0, 410.0), (47.0, 410.0), (-11.0, 349.0), (81.0, 348.0), (13.0, 215.0), (64.0, 218.0), (5.0, 112.0), (77.0, 112.0), (-7.0, 15.0), (92.0, 15.0), (0, 0), (87.0, 4.0), (-31.0, -19.0), (112.0, -14.0)]
[(39.0, 401.0), (29.0, 411.0), (47.0, 410.0), (-11.0, 350.0), (80.0, 349.0), (14.0, 214.0), (64.0, 217.0), (5.0, 111.0), (76.0, 112.0), (-6.0, 15.0), (91.0, 16.0), (0, 0), (87.0, 4.0), (-31.0, -19.0), (112.0, -14.0)]
[(39.0, 400.0), (29.0, 410.0), (47.0, 409.0), (-11.0, 349.0), (80.0, 349.0), (14.0, 214.0), (64.0, 217.0), (5.0, 110.0), (76.0, 111.0), (-6.0, 14.0), (91.0, 15.0), (0, 0), (87.0, 3.0), (-31.0, -20.0), (112.0, -15.0)]
[(37.0, 402.0), (27.0, 411.0), (45.0, 410.0), (-11.0, 350.0), (79.0, 350.0), (14.0, 214.0), (63.0, 217.0), (4.0, 110.0), (75.0, 111.0), (-6.0, 14.0), (90.0, 15.0), (0, 0), (86.0, 3.0), (-32.0, -20.0), (111.0, -15.0)]
[(36.0, 403.0), (27.0, 412.0), (45.0, 411.0), (-11.0, 350.0), (79.0, 350.0), (13.0, 214.0), (63.0, 217.0), (3.0, 110.0), (75.0, 111.0), (-6.0, 14.0), (90.0, 15.0), (0, 0), (86.0, 3.0), (-32.0, -20.0), (111.0, -15.0)]
[(36.0, 402.0), (27.0, 411.0), (45.0, 410.0), (-11.0, 350.0), (78.0, 349.0), (13.0, 214.0), (62.0, 216.0), (3.0, 110.0), (75.0, 111.0), (-6.0, 14.0), (90.0, 15.0), (0, 0), (86.0, 3.0), (-33.0, -20.0), (111.0, -15.0)]
[(36.0, 402.0), (27.0, 411.0), (45.0, 410.0), (-11.0, 351.0), (78.0, 348.0), (13.0, 213.0), (62.0, 216.0), (3.0, 110.0), (75.0, 111.0), (-6.0, 14.0), (90.0, 15.0), (0, 0), (86.0, 3.0), (-33.0, -20.0), (111.0, -15.0)]
[(37.0, 399.0), (27.0, 408.0), (45.0, 407.0), (-11.0, 349.0), (78.0, 346.0), (13.0, 213.0), (62.0, 215.0), (3.0, 110.0), (76.0, 111.0), (-6.0, 14.0), (90.0, 15.0), (0, 0), (86.0, 3.0), (-33.0, -20.0), (111.0, -15.0)]
[(38.0, 395.0), (29.0, 404.0), (46.0, 403.0), (-11.0, 346.0), (79.0, 343.0), (12.0, 212.0), (62.0, 213.0), (1.0, 109.0), (77.0, 110.0), (-6.0, 14.0), (90.0, 15.0), (0, 0), (86.0, 3.0), (-33.0, -20.0), (111.0, -15.0)]
[(39.0, 393.0), (30.0, 403.0), (47.0, 401.0), (-11.0, 345.0), (80.0, 341.0), (12.0, 211.0), (62.0, 212.0), (-1.0, 109.0), (77.0, 110.0), (-7.0, 14.0), (90.0, 15.0), (0, 0), (86.0, 3.0), (-33.0, -20.0), (111.0, -15.0)]
[(41.0, 381.0), (31.0, 392.0), (48.0, 390.0), (-11.0, 342.0), (81.0, 336.0), (12.0, 208.0), (62.0, 209.0), (-5.0, 108.0), (81.0, 109.0), (-7.0, 14.0), (90.0, 15.0), (0, 0), (86.0, 3.0), (-33.0, -20.0), (111.0, -15.0)]
[(43.0, 378.0), (33.0, 389.0), (50.0, 388.0), (-10.0, 341.0), (83.0, 334.0), (13.0, 206.0), (63.0, 207.0), (-6.0, 108.0), (84.0, 108.0), (-6.0, 14.0), (91.0, 14.0), (0, 0), (87.0, 3.0), (-32.0, -20.0), (112.0, -15.0)]
[(43.0, 333.0), (34.0, 343.0), (50.0, 343.0), (-8.0, 304.0), (83.0, 296.0), (12.0, 183.0), (63.0, 183.0), (-11.0, 108.0), (93.0, 108.0), (-6.0, 14.0), (91.0, 14.0), (0, 0), (86.0, 2.0), (-32.0, -20.0), (112.0, -15.0)]
[(43.0, 329.0), (34.0, 340.0), (51.0, 338.0), (-7.0, 299.0), (84.0, 291.0), (10.0, 180.0), (63.0, 180.0), (-12.0, 105.0), (96.0, 107.0), (-7.0, 15.0), (91.0, 14.0), (0, 0), (85.0, 2.0), (-32.0, -20.0), (112.0, -15.0)]
[(44.0, 313.0), (36.0, 323.0), (52.0, 320.0), (-5.0, 285.0), (84.0, 278.0), (11.0, 169.0), (63.0, 170.0), (-15.0, 101.0), (97.0, 106.0), (-7.0, 14.0), (92.0, 13.0), (0, 0), (86.0, 1.0), (-32.0, -21.0), (112.0, -16.0)]
[(44.0, 311.0), (35.0, 321.0), (52.0, 320.0), (-4.0, 281.0), (85.0, 275.0), (11.0, 168.0), (64.0, 169.0), (-16.0, 99.0), (99.0, 104.0), (-7.0, 14.0), (93.0, 13.0), (0, 0), (86.0, 1.0), (-31.0, -21.0), (112.0, -16.0)]
[(44.0, 278.0), (36.0, 288.0), (53.0, 288.0), (-2.0, 255.0), (85.0, 256.0), (15.0, 152.0), (67.0, 155.0), (-20.0, 100.0), (102.0, 102.0), (-7.0, 13.0), (93.0, 13.0), (0, 0), (86.0, 1.0), (-31.0, -21.0), (112.0, -16.0)]
[(44.0, 262.0), (36.0, 272.0), (53.0, 271.0), (-1.0, 241.0), (85.0, 237.0), (19.0, 145.0), (70.0, 147.0), (-22.0, 99.0), (103.0, 98.0), (-7.0, 13.0), (93.0, 13.0), (0, 0), (86.0, 1.0), (-31.0, -21.0), (112.0, -16.0)]
[(44.0, 248.0), (36.0, 258.0), (53.0, 257.0), (1.0, 228.0), (86.0, 223.0), (19.0, 135.0), (70.0, 136.0), (-22.0, 97.0), (104.0, 97.0), (-8.0, 11.0), (93.0, 12.0), (0, 0), (86.0, 0.0), (-32.0, -22.0), (112.0, -17.0)]
[(44.0, 250.0), (36.0, 259.0), (53.0, 258.0), (2.0, 227.0), (86.0, 223.0), (19.0, 133.0), (69.0, 132.0), (-23.0, 96.0), (104.0, 97.0), (-8.0, 11.0), (93.0, 11.0), (0, 0), (86.0, -1.0), (-32.0, -22.0), (112.0, -17.0)]
[(45.0, 227.0), (36.0, 237.0), (53.0, 236.0), (2.0, 210.0), (86.0, 208.0), (20.0, 124.0), (69.0, 123.0), (-25.0, 96.0), (107.0, 97.0), (-9.0, 11.0), (93.0, 11.0), (0, 0), (85.0, -1.0), (-31.0, -21.0), (112.0, -17.0)]
[(45.0, 221.0), (36.0, 230.0), (54.0, 230.0), (2.0, 204.0), (86.0, 203.0), (20.0, 119.0), (69.0, 118.0), (-26.0, 97.0), (109.0, 98.0), (-9.0, 12.0), (93.0, 11.0), (0, 0), (85.0, 0.0), (-32.0, -19.0), (112.0, -16.0)]
[(45.0, 223.0), (35.0, 232.0), (54.0, 232.0), (2.0, 204.0), (86.0, 203.0), (20.0, 120.0), (69.0, 119.0), (-26.0, 97.0), (109.0, 99.0), (-9.0, 13.0), (93.0, 13.0), (0, 0), (84.0, 1.0), (-32.0, -18.0), (112.0, -15.0)]
[(45.0, 218.0), (35.0, 228.0), (54.0, 228.0), (2.0, 201.0), (85.0, 200.0), (20.0, 116.0), (69.0, 114.0), (-27.0, 97.0), (109.0, 99.0), (-9.0, 13.0), (93.0, 13.0), (0, 0), (84.0, 1.0), (-32.0, -18.0), (112.0, -14.0)]
[(45.0, 220.0), (35.0, 230.0), (54.0, 229.0), (2.0, 204.0), (84.0, 203.0), (20.0, 120.0), (69.0, 118.0), (-27.0, 97.0), (109.0, 99.0), (-9.0, 12.0), (93.0, 12.0), (0, 0), (84.0, 1.0), (-32.0, -18.0), (112.0, -14.0)]
[(43.0, 226.0), (34.0, 236.0), (52.0, 235.0), (1.0, 209.0), (84.0, 207.0), (20.0, 123.0), (69.0, 122.0), (-27.0, 97.0), (108.0, 99.0), (-9.0, 12.0), (93.0, 12.0), (0, 0), (85.0, 1.0), (-32.0, -18.0), (112.0, -14.0)]
[(42.0, 227.0), (34.0, 237.0), (51.0, 237.0), (1.0, 210.0), (84.0, 208.0), (20.0, 124.0), (69.0, 123.0), (-27.0, 97.0), (108.0, 99.0), (-9.0, 12.0), (93.0, 12.0), (0, 0), (85.0, 1.0), (-32.0, -18.0), (112.0, -14.0)]
[(42.0, 233.0), (34.0, 242.0), (51.0, 242.0), (1.0, 214.0), (84.0, 212.0), (18.0, 124.0), (67.0, 125.0), (-27.0, 97.0), (108.0, 99.0), (-9.0, 12.0), (93.0, 12.0), (0, 0), (85.0, 1.0), (-32.0, -18.0), (113.0, -14.0)]
[(41.0, 246.0), (34.0, 255.0), (49.0, 255.0), (1.0, 226.0), (81.0, 221.0), (15.0, 134.0), (66.0, 134.0), (-26.0, 96.0), (107.0, 98.0), (-9.0, 12.0), (93.0, 12.0), (0, 0), (85.0, 1.0), (-32.0, -18.0), (113.0, -14.0)]
[(41.0, 249.0), (34.0, 258.0), (49.0, 258.0), (1.0, 230.0), (80.0, 224.0), (15.0, 138.0), (65.0, 138.0), (-25.0, 96.0), (106.0, 98.0), (-9.0, 12.0), (93.0, 12.0), (0, 0), (85.0, 1.0), (-32.0, -17.0), (113.0, -14.0)]
[(39.0, 281.0), (32.0, 291.0), (48.0, 290.0), (-0.0, 257.0), (80.0, 256.0), (14.0, 151.0), (65.0, 152.0), (-23.0, 95.0), (103.0, 99.0), (-9.0, 12.0), (93.0, 12.0), (0, 0), (84.0, 0.0), (-32.0, -18.0), (113.0, -15.0)]
[(39.0, 304.0), (31.0, 313.0), (47.0, 313.0), (-3.0, 274.0), (79.0, 271.0), (14.0, 163.0), (65.0, 164.0), (-20.0, 97.0), (99.0, 102.0), (-9.0, 12.0), (93.0, 12.0), (0, 0), (85.0, 0.0), (-32.0, -18.0), (113.0, -15.0)]
[(38.0, 306.0), (31.0, 315.0), (47.0, 315.0), (-3.0, 277.0), (79.0, 274.0), (14.0, 169.0), (65.0, 168.0), (-19.0, 98.0), (98.0, 102.0), (-9.0, 13.0), (93.0, 13.0), (0, 0), (85.0, 1.0), (-32.0, -17.0), (113.0, -14.0)]
[(39.0, 329.0), (31.0, 337.0), (47.0, 337.0), (-5.0, 296.0), (80.0, 291.0), (14.0, 183.0), (64.0, 183.0), (-15.0, 102.0), (97.0, 103.0), (-8.0, 13.0), (94.0, 14.0), (0, 0), (86.0, 2.0), (-30.0, -18.0), (114.0, -14.0)]
[(39.0, 370.0), (30.0, 380.0), (47.0, 379.0), (-9.0, 328.0), (80.0, 321.0), (13.0, 202.0), (63.0, 203.0), (-7.0, 108.0), (91.0, 111.0), (-8.0, 13.0), (94.0, 14.0), (0, 0), (87.0, 1.0), (-29.0, -18.0), (114.0, -14.0)]