[(38.0, 366.0), (30.0, 373.0), (45.0, 373.0), (-7.0, 324.0), (78.0, 319.0), (13.0, 198.0), (63.0, 199.0), (-10.0, 105.0), (90.0, 108.0), (-8.0, 12.0), (92.0, 12.0), (0, 0), (86.0, 1.0), (-29.0, -19.0), (113.0, -16.0)]
[(38.0, 391.0), (29.0, 401.0), (44.0, 399.0), (-11.0, 345.0), (78.0, 340.0), (13.0, 212.0), (63.0, 213.0), (-3.0, 107.0), (85.0, 110.0), (-7.0, 12.0), (92.0, 12.0), (0, 0), (86.0, 1.0), (-30.0, -19.0), (113.0, -16.0)]
[(37.0, 397.0), (28.0, 407.0), (44.0, 407.0), (-11.0, 348.0), (78.0, 344.0), (13.0, 214.0), (63.0, 215.0), (1.0, 110.0), (79.0, 112.0), (-7.0, 12.0), (92.0, 13.0), (0, 0), (86.0, 2.0), (-30.0, -19.0), (113.0, -16.0)]
[(35.0, 398.0), (26.0, 407.0), (43.0, 407.0), (-12.0, 348.0), (78.0, 345.0), (12.0, 214.0), (62.0, 214.0), (1.0, 111.0), (75.0, 112.0), (-7.0, 13.0), (90.0, 13.0), (0, 0), (85.0, 2.0), (-31.0, -20.0), (112.0, -16.0)]
[(36.0, 401.0), (26.0, 410.0), (44.0, 410.0), (-12.0, 347.0), (79.0, 347.0), (13.0, 213.0), (63.0, 215.0), (4.0, 110.0), (74.0, 111.0), (-6.0, 13.0), (91.0, 13.0), (0, 0), (86.0, 2.0), (-30.0, -20.0), (113.0, -16.0)]
[(36.0, 401.0), (26.0, 411.0), (44.0, 410.0), (-12.0, 347.0), (78.0, 347.0), (13.0, 213.0), (62.0, 215.0), (5.0, 109.0), (74.0, 111.0), (-6.0, 13.0), (91.0, 13.0), (0, 0), (86.0, 3.0), (-30.0, -20.0), (113.0, -16.0)]
[(34.0, 401.0), (25.0, 410.0), (43.0, 410.0), (-13.0, 346.0), (77.0, 347.0), (12.0, 213.0), (61.0, 215.0), (4.0, 110.0), (73.0, 111.0), (-7.0, 13.0), (90.0, 14.0), (0, 0), (85.0, 3.0), (-31.0, -20.0), (111.0, -16.0)]
[(34.0, 403.0), (24.0, 412.0), (42.0, 412.0), (-13.0, 347.0), (77.0, 349.0), (12.0, 213.0), (61.0, 215.0), (4.0, 109.0), (73.0, 111.0), (-7.0, 13.0), (90.0, 14.0), (0, 0), (85.0, 3.0), (-31.0, -20.0), (111.0, -16.0)]
[(33.0, 403.0), (24.0, 413.0), (42.0, 412.0), (-13.0, 347.0), (77.0, 350.0), (12.0, 213.0), (61.0, 215.0), (4.0, 110.0), (73.0, 111.0), (-6.0, 14.0), (89.0, 15.0), (0, 0), (85.0, 3.0), (-31.0, -20.0), (111.0, -15.0)]
[(33.0, 402.0), (24.0, 411.0), (42.0, 411.0), (-14.0, 346.0), (76.0, 349.0), (12.0, 212.0), (61.0, 215.0), (4.0, 109.0), (73.0, 110.0), (-6.0, 13.0), (89.0, 14.0), (0, 0), (85.0, 2.0), (-31.0, -21.0), (111.0, -16.0)]
[(33.0, 403.0), (23.0, 412.0), (42.0, 412.0), (-13.0, 347.0), (76.0, 349.0), (12.0, 212.0), (61.0, 215.0), (4.0, 110.0), (74.0, 111.0), (-6.0, 14.0), (89.0, 15.0), (0, 0), (85.0, 3.0), (-31.0, -20.0), (111.0, -15.0)]
[(33.0, 402.0), (23.0, 411.0), (42.0, 411.0), (-14.0, 346.0), (77.0, 347.0), (12.0, 212.0), (61.0, 214.0), (4.0, 110.0), (74.0, 111.0), (-6.0, 14.0), (89.0, 15.0), (0, 0), (85.0, 4.0), (-31.0, -20.0), (111.0, -15.0)]
[(32.0, 401.0), (23.0, 409.0), (41.0, 409.0), (-15.0, 346.0), (76.0, 346.0), (12.0, 212.0), (61.0, 214.0), (2.0, 110.0), (73.0, 110.0), (-7.0, 14.0), (88.0, 15.0), (0, 0), (84.0, 4.0), (-32.0, -20.0), (110.0, -15.0)]
[(32.0, 400.0), (23.0, 409.0), (41.0, 409.0), (-15.0, 346.0), (76.0, 346.0), (12.0, 211.0), (62.0, 213.0), (2.0, 110.0), (74.0, 110.0), (-7.0, 14.0), (88.0, 15.0), (0, 0), (84.0, 4.0), (-32.0, -20.0), (110.0, -15.0)]
[(34.0, 399.0), (24.0, 408.0), (42.0, 407.0), (-14.0, 345.0), (77.0, 345.0), (12.0, 211.0), (62.0, 213.0), (1.0, 110.0), (75.0, 110.0), (-7.0, 14.0), (89.0, 16.0), (0, 0), (84.0, 4.0), (-32.0, -20.0), (109.0, -15.0)]
[(41.0, 381.0), (31.0, 392.0), (47.0, 390.0), (-13.0, 336.0), (79.0, 331.0), (13.0, 203.0), (64.0, 205.0), (-4.0, 110.0), (84.0, 106.0), (-6.0, 14.0), (90.0, 14.0), (0, 0), (85.0, 2.0), (-31.0, -20.0), (111.0, -15.0)]
[(42.0, 347.0), (33.0, 356.0), (47.0, 354.0), (-11.0, 308.0), (79.0, 302.0), (13.0, 187.0), (64.0, 190.0), (-11.0, 103.0), (93.0, 105.0), (-7.0, 14.0), (90.0, 14.0), (0, 0), (84.0, 1.0), (-32.0, -20.0), (111.0, -15.0)]
[(42.0, 315.0), (33.0, 325.0), (48.0, 325.0), (-9.0, 287.0), (80.0, 279.0), (14.0, 168.0), (66.0, 171.0), (-16.0, 98.0), (97.0, 102.0), (-8.0, 13.0), (90.0, 13.0), (0, 0), (84.0, -1.0), (-32.0, -21.0), (111.0, -17.0)]
[(41.0, 320.0), (33.0, 329.0), (48.0, 327.0), (-8.0, 285.0), (81.0, 278.0), (14.0, 169.0), (66.0, 171.0), (-18.0, 98.0), (97.0, 102.0), (-8.0, 12.0), (91.0, 12.0), (0, 0), (84.0, 0.0), (-32.0, -22.0), (110.0, -17.0)]
[(42.0, 297.0), (34.0, 307.0), (49.0, 305.0), (-7.0, 271.0), (81.0, 267.0), (15.0, 156.0), (67.0, 160.0), (-22.0, 98.0), (100.0, 101.0), (-8.0, 12.0), (91.0, 12.0), (0, 0), (85.0, 0.0), (-32.0, -21.0), (110.0, -17.0)]
[(42.0, 270.0), (34.0, 281.0), (49.0, 280.0), (-6.0, 251.0), (81.0, 248.0), (17.0, 148.0), (67.0, 151.0), (-24.0, 97.0), (102.0, 96.0), (-8.0, 12.0), (92.0, 11.0), (0, 0), (85.0, -1.0), (-32.0, -20.0), (110.0, -17.0)]
[(43.0, 272.0), (35.0, 283.0), (51.0, 282.0), (-3.0, 248.0), (83.0, 248.0), (19.0, 147.0), (69.0, 149.0), (-22.0, 95.0), (104.0, 94.0), (-8.0, 12.0), (93.0, 11.0), (0, 0), (86.0, -1.0), (-31.0, -19.0), (111.0, -17.0)]
[(43.0, 238.0), (35.0, 247.0), (51.0, 247.0), (-2.0, 218.0), (83.0, 217.0), (19.0, 125.0), (68.0, 126.0), (-25.0, 93.0), (106.0, 93.0), (-9.0, 10.0), (93.0, 10.0), (0, 0), (86.0, -2.0), (-32.0, -20.0), (111.0, -17.0)]
[(42.0, 222.0), (34.0, 232.0), (50.0, 232.0), (-2.0, 206.0), (84.0, 204.0), (19.0, 119.0), (69.0, 120.0), (-25.0, 95.0), (106.0, 96.0), (-9.0, 12.0), (93.0, 12.0), (0, 0), (85.0, 0.0), (-32.0, -18.0), (111.0, -15.0)]
[(42.0, 224.0), (34.0, 234.0), (50.0, 233.0), (-3.0, 204.0), (84.0, 205.0), (20.0, 116.0), (69.0, 117.0), (-25.0, 94.0), (107.0, 95.0), (-9.0, 12.0), (93.0, 12.0), (0, 0), (84.0, 0.0), (-30.0, -18.0), (111.0, -15.0)]
[(42.0, 210.0), (33.0, 221.0), (51.0, 220.0), (-2.0, 194.0), (84.0, 194.0), (20.0, 110.0), (68.0, 109.0), (-26.0, 93.0), (108.0, 95.0), (-9.0, 11.0), (93.0, 11.0), (0, 0), (84.0, 0.0), (-30.0, -18.0), (111.0, -15.0)]
[(42.0, 200.0), (33.0, 210.0), (51.0, 209.0), (-1.0, 184.0), (84.0, 184.0), (19.0, 95.0), (66.0, 94.0), (-28.0, 93.0), (110.0, 94.0), (-9.0, 11.0), (92.0, 11.0), (0, 0), (84.0, 0.0), (-28.0, -18.0), (111.0, -16.0)]
[(42.0, 202.0), (33.0, 212.0), (51.0, 211.0), (-1.0, 185.0), (82.0, 185.0), (20.0, 95.0), (66.0, 93.0), (-29.0, 92.0), (110.0, 94.0), (-9.0, 11.0), (92.0, 11.0), (0, 0), (84.0, 0.0), (-28.0, -18.0), (110.0, -16.0)]
[(42.0, 201.0), (33.0, 211.0), (51.0, 210.0), (-1.0, 186.0), (82.0, 186.0), (20.0, 94.0), (66.0, 92.0), (-29.0, 92.0), (110.0, 94.0), (-9.0, 11.0), (92.0, 11.0), (0, 0), (84.0, 0.0), (-28.0, -18.0), (110.0, -16.0)]
[(42.0, 213.0), (33.0, 223.0), (50.0, 223.0), (-1.0, 197.0), (82.0, 197.0), (19.0, 106.0), (66.0, 105.0), (-29.0, 92.0), (110.0, 94.0), (-9.0, 11.0), (92.0, 11.0), (0, 0), (83.0, 0.0), (-28.0, -19.0), (111.0, -16.0)]
[(41.0, 222.0), (33.0, 232.0), (49.0, 231.0), (-1.0, 200.0), (82.0, 199.0), (18.0, 112.0), (66.0, 109.0), (-28.0, 92.0), (109.0, 94.0), (-9.0, 11.0), (92.0, 11.0), (0, 0), (83.0, 0.0), (-29.0, -19.0), (112.0, -16.0)]
[(41.0, 242.0), (33.0, 251.0), (48.0, 251.0), (-0.0, 223.0), (81.0, 220.0), (17.0, 128.0), (66.0, 129.0), (-27.0, 92.0), (109.0, 94.0), (-9.0, 12.0), (92.0, 12.0), (0, 0), (84.0, 0.0), (-29.0, -19.0), (112.0, -16.0)]
[(41.0, 242.0), (33.0, 251.0), (48.0, 251.0), (-0.0, 226.0), (80.0, 223.0), (16.0, 131.0), (66.0, 132.0), (-26.0, 91.0), (108.0, 92.0), (-9.0, 12.0), (92.0, 11.0), (0, 0), (84.0, -1.0), (-28.0, -20.0), (112.0, -17.0)]
[(41.0, 286.0), (32.0, 295.0), (48.0, 295.0), (-0.0, 259.0), (80.0, 262.0), (16.0, 154.0), (66.0, 155.0), (-23.0, 94.0), (105.0, 92.0), (-9.0, 12.0), (92.0, 11.0), (0, 0), (84.0, 0.0), (-29.0, -19.0), (113.0, -16.0)]
[(40.0, 314.0), (31.0, 321.0), (47.0, 322.0), (-0.0, 280.0), (81.0, 275.0), (15.0, 165.0), (66.0, 166.0), (-21.0, 95.0), (101.0, 95.0), (-9.0, 12.0), (92.0, 11.0), (0, 0), (84.0, -1.0), (-29.0, -19.0), (113.0, -16.0)]
[(41.0, 340.0), (32.0, 348.0), (48.0, 348.0), (-1.0, 303.0), (82.0, 297.0), (15.0, 181.0), (65.0, 180.0), (-17.0, 101.0), (97.0, 100.0), (-8.0, 12.0), (93.0, 11.0), (0, 0), (85.0, -1.0), (-29.0, -19.0), (114.0, -16.0)]
[(40.0, 341.0), (31.0, 349.0), (47.0, 349.0), (-2.0, 305.0), (80.0, 299.0), (13.0, 182.0), (63.0, 182.0), (-17.0, 100.0), (95.0, 100.0), (-8.0, 12.0), (93.0, 11.0), (0, 0), (85.0, -1.0), (-30.0, -20.0), (113.0, -16.0)]
[(41.0, 361.0), (32.0, 370.0), (48.0, 368.0), (-4.0, 323.0), (81.0, 316.0), (13.0, 197.0), (64.0, 196.0), (-12.0, 101.0), (91.0, 105.0), (-7.0, 12.0), (94.0, 11.0), (0, 0), (86.0, 0.0), (-29.0, -19.0), (114.0, -16.0)]