[(40.0, 365.0), (31.0, 372.0), (47.0, 371.0), (-6.0, 324.0), (75.0, 326.0), (15.0, 190.0), (66.0, 191.0), (-2.0, 97.0), (83.0, 95.0), (-6.0, 14.0), (83.0, 16.0), (0, 0), (78.0, 5.0), (-27.0, -12.0), (92.0, -14.0)]
[(40.0, 366.0), (31.0, 374.0), (47.0, 373.0), (-6.0, 327.0), (75.0, 330.0), (15.0, 194.0), (66.0, 194.0), (-2.0, 100.0), (83.0, 96.0), (-7.0, 15.0), (83.0, 16.0), (0, 0), (76.0, 5.0), (-27.0, -13.0), (93.0, -14.0)]
[(43.0, 368.0), (34.0, 376.0), (50.0, 375.0), (-3.0, 328.0), (78.0, 331.0), (18.0, 192.0), (69.0, 193.0), (1.0, 98.0), (87.0, 96.0), (-5.0, 14.0), (85.0, 15.0), (0, 0), (77.0, 5.0), (-22.0, -14.0), (96.0, -15.0)]
[(43.0, 372.0), (34.0, 380.0), (50.0, 380.0), (-3.0, 331.0), (78.0, 334.0), (18.0, 195.0), (69.0, 195.0), (-0.0, 98.0), (87.0, 96.0), (-6.0, 14.0), (85.0, 15.0), (0, 0), (77.0, 5.0), (-22.0, -15.0), (96.0, -15.0)]
[(43.0, 371.0), (35.0, 379.0), (50.0, 379.0), (-1.0, 332.0), (79.0, 336.0), (19.0, 197.0), (69.0, 198.0), (2.0, 100.0), (88.0, 98.0), (-5.0, 15.0), (86.0, 16.0), (0, 0), (78.0, 5.0), (-21.0, -15.0), (97.0, -15.0)]
[(43.0, 374.0), (36.0, 382.0), (51.0, 382.0), (1.0, 335.0), (80.0, 338.0), (19.0, 199.0), (70.0, 199.0), (2.0, 101.0), (88.0, 100.0), (-4.0, 14.0), (87.0, 16.0), (0, 0), (79.0, 5.0), (-21.0, -16.0), (97.0, -16.0)]
[(42.0, 373.0), (36.0, 382.0), (51.0, 382.0), (3.0, 336.0), (81.0, 339.0), (20.0, 200.0), (70.0, 200.0), (3.0, 103.0), (89.0, 103.0), (-5.0, 15.0), (88.0, 17.0), (0, 0), (80.0, 6.0), (-20.0, -16.0), (97.0, -16.0)]
[(41.0, 373.0), (35.0, 382.0), (49.0, 382.0), (2.0, 334.0), (80.0, 337.0), (18.0, 199.0), (69.0, 199.0), (2.0, 103.0), (87.0, 103.0), (-6.0, 15.0), (86.0, 17.0), (0, 0), (78.0, 6.0), (-21.0, -17.0), (95.0, -17.0)]
[(41.0, 375.0), (35.0, 384.0), (49.0, 383.0), (2.0, 334.0), (79.0, 336.0), (17.0, 199.0), (68.0, 200.0), (3.0, 104.0), (87.0, 105.0), (-6.0, 15.0), (86.0, 17.0), (0, 0), (79.0, 6.0), (-22.0, -17.0), (95.0, -17.0)]
[(41.0, 376.0), (34.0, 384.0), (49.0, 384.0), (2.0, 334.0), (78.0, 337.0), (16.0, 199.0), (67.0, 200.0), (3.0, 104.0), (86.0, 106.0), (-6.0, 15.0), (86.0, 17.0), (0, 0), (79.0, 6.0), (-21.0, -17.0), (95.0, -17.0)]
[(40.0, 376.0), (34.0, 384.0), (48.0, 384.0), (2.0, 334.0), (78.0, 336.0), (16.0, 199.0), (66.0, 200.0), (3.0, 104.0), (85.0, 106.0), (-6.0, 15.0), (86.0, 17.0), (0, 0), (80.0, 7.0), (-21.0, -18.0), (95.0, -16.0)]
[(40.0, 377.0), (34.0, 385.0), (48.0, 385.0), (1.0, 334.0), (78.0, 336.0), (15.0, 199.0), (66.0, 200.0), (2.0, 104.0), (84.0, 106.0), (-6.0, 15.0), (86.0, 17.0), (0, 0), (80.0, 6.0), (-21.0, -20.0), (95.0, -16.0)]
[(39.0, 378.0), (33.0, 385.0), (47.0, 385.0), (-0.0, 334.0), (76.0, 335.0), (13.0, 198.0), (64.0, 199.0), (-0.0, 103.0), (83.0, 105.0), (-7.0, 15.0), (85.0, 17.0), (0, 0), (80.0, 7.0), (-22.0, -20.0), (94.0, -16.0)]
[(39.0, 378.0), (33.0, 385.0), (47.0, 385.0), (-1.0, 333.0), (75.0, 334.0), (12.0, 198.0), (63.0, 199.0), (-2.0, 101.0), (82.0, 103.0), (-7.0, 15.0), (86.0, 17.0), (0, 0), (82.0, 7.0), (-22.0, -21.0), (94.0, -16.0)]
[(37.0, 377.0), (30.0, 385.0), (44.0, 384.0), (-3.0, 333.0), (73.0, 334.0), (9.0, 198.0), (60.0, 198.0), (-5.0, 99.0), (79.0, 100.0), (-8.0, 14.0), (83.0, 17.0), (0, 0), (80.0, 7.0), (-24.0, -22.0), (90.0, -16.0)]
[(37.0, 377.0), (30.0, 385.0), (44.0, 384.0), (-3.0, 333.0), (73.0, 334.0), (9.0, 197.0), (60.0, 198.0), (-5.0, 97.0), (79.0, 97.0), (-8.0, 14.0), (83.0, 17.0), (0, 0), (80.0, 7.0), (-24.0, -22.0), (90.0, -16.0)]
[(35.0, 377.0), (28.0, 385.0), (42.0, 384.0), (-5.0, 333.0), (70.0, 335.0), (7.0, 198.0), (58.0, 199.0), (-8.0, 97.0), (76.0, 97.0), (-9.0, 14.0), (81.0, 17.0), (0, 0), (78.0, 7.0), (-26.0, -22.0), (88.0, -16.0)]
[(35.0, 378.0), (28.0, 386.0), (42.0, 385.0), (-6.0, 333.0), (70.0, 335.0), (7.0, 198.0), (58.0, 198.0), (-9.0, 96.0), (75.0, 96.0), (-10.0, 14.0), (81.0, 16.0), (0, 0), (77.0, 7.0), (-26.0, -22.0), (89.0, -16.0)]
[(36.0, 378.0), (29.0, 385.0), (43.0, 385.0), (-5.0, 334.0), (71.0, 336.0), (8.0, 197.0), (59.0, 198.0), (-8.0, 97.0), (76.0, 96.0), (-9.0, 14.0), (82.0, 15.0), (0, 0), (78.0, 6.0), (-25.0, -21.0), (91.0, -16.0)]
[(36.0, 378.0), (29.0, 385.0), (43.0, 385.0), (-5.0, 334.0), (71.0, 336.0), (8.0, 197.0), (59.0, 198.0), (-8.0, 96.0), (76.0, 95.0), (-9.0, 14.0), (82.0, 15.0), (0, 0), (78.0, 6.0), (-26.0, -21.0), (91.0, -16.0)]
[(36.0, 378.0), (29.0, 385.0), (43.0, 385.0), (-6.0, 334.0), (70.0, 336.0), (8.0, 197.0), (59.0, 198.0), (-9.0, 96.0), (76.0, 95.0), (-10.0, 14.0), (81.0, 15.0), (0, 0), (78.0, 6.0), (-26.0, -21.0), (91.0, -16.0)]
[(37.0, 377.0), (30.0, 384.0), (44.0, 384.0), (-5.0, 332.0), (71.0, 335.0), (9.0, 196.0), (60.0, 197.0), (-8.0, 95.0), (77.0, 95.0), (-9.0, 13.0), (82.0, 14.0), (0, 0), (78.0, 5.0), (-25.0, -22.0), (92.0, -17.0)]
[(36.0, 377.0), (29.0, 384.0), (43.0, 384.0), (-6.0, 332.0), (70.0, 335.0), (8.0, 196.0), (59.0, 196.0), (-9.0, 95.0), (76.0, 95.0), (-10.0, 13.0), (81.0, 14.0), (0, 0), (77.0, 5.0), (-26.0, -22.0), (91.0, -17.0)]
[(36.0, 377.0), (28.0, 384.0), (42.0, 384.0), (-6.0, 332.0), (70.0, 335.0), (8.0, 196.0), (59.0, 196.0), (-8.0, 95.0), (76.0, 96.0), (-9.0, 13.0), (82.0, 14.0), (0, 0), (78.0, 5.0), (-26.0, -22.0), (91.0, -17.0)]
[(36.0, 378.0), (28.0, 385.0), (42.0, 385.0), (-5.0, 333.0), (70.0, 336.0), (8.0, 197.0), (59.0, 198.0), (-7.0, 97.0), (76.0, 97.0), (-8.0, 14.0), (82.0, 15.0), (0, 0), (78.0, 6.0), (-26.0, -21.0), (92.0, -16.0)]
[(36.0, 378.0), (28.0, 385.0), (42.0, 385.0), (-4.0, 333.0), (70.0, 336.0), (9.0, 198.0), (59.0, 198.0), (-6.0, 97.0), (76.0, 98.0), (-8.0, 14.0), (82.0, 15.0), (0, 0), (78.0, 5.0), (-25.0, -21.0), (92.0, -16.0)]
[(34.0, 377.0), (27.0, 385.0), (40.0, 384.0), (-4.0, 332.0), (69.0, 336.0), (8.0, 197.0), (58.0, 198.0), (-7.0, 97.0), (75.0, 98.0), (-9.0, 14.0), (81.0, 15.0), (0, 0), (77.0, 5.0), (-26.0, -21.0), (91.0, -16.0)]
[(35.0, 377.0), (28.0, 385.0), (40.0, 384.0), (-3.0, 331.0), (70.0, 335.0), (9.0, 197.0), (59.0, 198.0), (-6.0, 97.0), (77.0, 98.0), (-8.0, 14.0), (82.0, 14.0), (0, 0), (78.0, 5.0), (-25.0, -21.0), (92.0, -16.0)]
[(36.0, 376.0), (29.0, 384.0), (41.0, 383.0), (-2.0, 330.0), (70.0, 334.0), (11.0, 196.0), (60.0, 197.0), (-5.0, 97.0), (78.0, 97.0), (-8.0, 13.0), (83.0, 14.0), (0, 0), (79.0, 4.0), (-24.0, -21.0), (93.0, -17.0)]
[(36.0, 376.0), (29.0, 384.0), (41.0, 383.0), (-2.0, 330.0), (70.0, 334.0), (11.0, 196.0), (60.0, 197.0), (-5.0, 97.0), (78.0, 98.0), (-8.0, 13.0), (83.0, 14.0), (0, 0), (79.0, 4.0), (-24.0, -21.0), (93.0, -17.0)]
[(36.0, 377.0), (29.0, 384.0), (41.0, 384.0), (-1.0, 331.0), (71.0, 335.0), (11.0, 197.0), (60.0, 198.0), (-5.0, 98.0), (78.0, 99.0), (-8.0, 14.0), (83.0, 15.0), (0, 0), (79.0, 5.0), (-24.0, -20.0), (94.0, -16.0)]
[(36.0, 377.0), (29.0, 385.0), (41.0, 384.0), (-0.0, 331.0), (72.0, 336.0), (11.0, 197.0), (61.0, 198.0), (-5.0, 98.0), (79.0, 98.0), (-8.0, 14.0), (83.0, 14.0), (0, 0), (79.0, 5.0), (-24.0, -19.0), (94.0, -16.0)]
[(36.0, 376.0), (29.0, 384.0), (42.0, 383.0), (-1.0, 331.0), (71.0, 335.0), (12.0, 196.0), (61.0, 196.0), (-6.0, 97.0), (80.0, 98.0), (-8.0, 14.0), (83.0, 14.0), (0, 0), (79.0, 5.0), (-23.0, -20.0), (95.0, -16.0)]
[(36.0, 376.0), (29.0, 384.0), (42.0, 383.0), (-1.0, 331.0), (72.0, 335.0), (12.0, 195.0), (62.0, 195.0), (-6.0, 96.0), (81.0, 96.0), (-8.0, 14.0), (83.0, 13.0), (0, 0), (79.0, 4.0), (-24.0, -20.0), (95.0, -16.0)]
[(37.0, 376.0), (30.0, 384.0), (43.0, 383.0), (-0.0, 331.0), (73.0, 335.0), (13.0, 195.0), (63.0, 195.0), (-5.0, 96.0), (83.0, 96.0), (-8.0, 14.0), (84.0, 12.0), (0, 0), (80.0, 3.0), (-24.0, -18.0), (96.0, -17.0)]
[(37.0, 375.0), (30.0, 383.0), (44.0, 382.0), (-1.0, 330.0), (73.0, 334.0), (13.0, 192.0), (64.0, 193.0), (-6.0, 95.0), (84.0, 94.0), (-8.0, 14.0), (84.0, 11.0), (0, 0), (80.0, 2.0), (-22.0, -19.0), (96.0, -18.0)]
[(39.0, 371.0), (32.0, 380.0), (46.0, 380.0), (1.0, 328.0), (76.0, 333.0), (15.0, 190.0), (66.0, 191.0), (-4.0, 93.0), (87.0, 92.0), (-7.0, 13.0), (86.0, 10.0), (0, 0), (82.0, 0.0), (-20.0, -20.0), (98.0, -20.0)]
[(40.0, 370.0), (32.0, 379.0), (47.0, 379.0), (1.0, 327.0), (76.0, 332.0), (15.0, 188.0), (67.0, 189.0), (-4.0, 92.0), (87.0, 92.0), (-7.0, 13.0), (86.0, 10.0), (0, 0), (82.0, 0.0), (-20.0, -20.0), (98.0, -20.0)]
[(40.0, 365.0), (32.0, 374.0), (47.0, 375.0), (-0.0, 325.0), (76.0, 331.0), (14.0, 185.0), (67.0, 186.0), (-7.0, 91.0), (87.0, 90.0), (-7.0, 13.0), (86.0, 10.0), (0, 0), (82.0, 0.0), (-20.0, -19.0), (98.0, -20.0)]
[(40.0, 362.0), (32.0, 371.0), (47.0, 371.0), (-1.0, 322.0), (76.0, 328.0), (14.0, 182.0), (67.0, 183.0), (-8.0, 90.0), (87.0, 89.0), (-7.0, 13.0), (86.0, 10.0), (0, 0), (81.0, 0.0), (-20.0, -19.0), (99.0, -20.0)]
[(40.0, 361.0), (32.0, 370.0), (47.0, 370.0), (-2.0, 321.0), (77.0, 327.0), (14.0, 182.0), (67.0, 183.0), (-8.0, 90.0), (87.0, 89.0), (-7.0, 13.0), (86.0, 10.0), (0, 0), (81.0, 0.0), (-20.0, -19.0), (99.0, -19.0)]
[(40.0, 361.0), (32.0, 370.0), (47.0, 370.0), (-3.0, 321.0), (77.0, 325.0), (13.0, 182.0), (67.0, 183.0), (-11.0, 88.0), (88.0, 88.0), (-7.0, 14.0), (87.0, 10.0), (0, 0), (82.0, 0.0), (-21.0, -16.0), (99.0, -18.0)]
[(41.0, 358.0), (33.0, 367.0), (48.0, 367.0), (-2.0, 320.0), (78.0, 324.0), (15.0, 179.0), (69.0, 181.0), (-10.0, 87.0), (90.0, 86.0), (-7.0, 14.0), (88.0, 11.0), (0, 0), (83.0, 1.0), (-21.0, -16.0), (100.0, -17.0)]
[(42.0, 354.0), (34.0, 363.0), (49.0, 362.0), (-2.0, 318.0), (79.0, 322.0), (16.0, 177.0), (70.0, 179.0), (-10.0, 85.0), (91.0, 86.0), (-6.0, 14.0), (89.0, 12.0), (0, 0), (83.0, 2.0), (-22.0, -14.0), (101.0, -16.0)]
[(42.0, 336.0), (34.0, 345.0), (50.0, 344.0), (-1.0, 307.0), (80.0, 308.0), (16.0, 168.0), (70.0, 169.0), (-11.0, 85.0), (92.0, 84.0), (-6.0, 14.0), (89.0, 15.0), (0, 0), (83.0, 5.0), (-22.0, -12.0), (101.0, -12.0)]
[(42.0, 331.0), (34.0, 340.0), (50.0, 340.0), (-1.0, 299.0), (80.0, 302.0), (16.0, 164.0), (70.0, 164.0), (-13.0, 83.0), (92.0, 81.0), (-6.0, 13.0), (90.0, 14.0), (0, 0), (84.0, 5.0), (-23.0, -14.0), (102.0, -13.0)]
[(43.0, 325.0), (34.0, 334.0), (51.0, 334.0), (-1.0, 291.0), (81.0, 296.0), (16.0, 159.0), (71.0, 160.0), (-12.0, 82.0), (93.0, 79.0), (-7.0, 13.0), (90.0, 14.0), (0, 0), (84.0, 6.0), (-23.0, -14.0), (103.0, -12.0)]
[(43.0, 311.0), (34.0, 321.0), (51.0, 320.0), (-0.0, 282.0), (80.0, 285.0), (16.0, 155.0), (71.0, 155.0), (-14.0, 81.0), (94.0, 78.0), (-7.0, 12.0), (91.0, 15.0), (0, 0), (85.0, 7.0), (-23.0, -16.0), (104.0, -13.0)]
[(44.0, 311.0), (34.0, 320.0), (51.0, 320.0), (1.0, 279.0), (80.0, 283.0), (16.0, 155.0), (71.0, 154.0), (-16.0, 81.0), (95.0, 79.0), (-7.0, 12.0), (91.0, 14.0), (0, 0), (85.0, 7.0), (-24.0, -17.0), (103.0, -13.0)]
[(44.0, 305.0), (34.0, 314.0), (51.0, 313.0), (2.0, 275.0), (80.0, 279.0), (16.0, 154.0), (71.0, 153.0), (-16.0, 81.0), (97.0, 79.0), (-7.0, 12.0), (92.0, 15.0), (0, 0), (87.0, 9.0), (-24.0, -17.0), (103.0, -11.0)]
[(44.0, 297.0), (34.0, 307.0), (52.0, 306.0), (3.0, 270.0), (80.0, 273.0), (17.0, 153.0), (71.0, 151.0), (-17.0, 80.0), (97.0, 80.0), (-8.0, 12.0), (92.0, 16.0), (0, 0), (87.0, 10.0), (-25.0, -17.0), (102.0, -11.0)]
[(42.0, 292.0), (32.0, 301.0), (50.0, 300.0), (-0.0, 264.0), (77.0, 266.0), (14.0, 149.0), (68.0, 148.0), (-21.0, 79.0), (95.0, 79.0), (-9.0, 12.0), (89.0, 13.0), (0, 0), (83.0, 6.0), (-27.0, -17.0), (99.0, -16.0)]
[(43.0, 286.0), (32.0, 294.0), (51.0, 294.0), (-0.0, 256.0), (78.0, 257.0), (14.0, 144.0), (68.0, 143.0), (-22.0, 75.0), (96.0, 77.0), (-9.0, 11.0), (89.0, 11.0), (0, 0), (83.0, 4.0), (-27.0, -19.0), (98.0, -18.0)]
[(41.0, 280.0), (31.0, 289.0), (49.0, 289.0), (-0.0, 253.0), (75.0, 253.0), (12.0, 144.0), (65.0, 143.0), (-24.0, 77.0), (93.0, 78.0), (-9.0, 11.0), (86.0, 11.0), (0, 0), (81.0, 2.0), (-29.0, -18.0), (96.0, -18.0)]
[(40.0, 274.0), (30.0, 282.0), (48.0, 282.0), (-0.0, 247.0), (74.0, 247.0), (12.0, 140.0), (64.0, 140.0), (-26.0, 77.0), (93.0, 78.0), (-9.0, 12.0), (85.0, 10.0), (0, 0), (79.0, 2.0), (-30.0, -18.0), (93.0, -18.0)]
[(38.0, 265.0), (28.0, 274.0), (46.0, 274.0), (-1.0, 241.0), (72.0, 242.0), (10.0, 138.0), (62.0, 139.0), (-28.0, 76.0), (91.0, 78.0), (-8.0, 11.0), (83.0, 11.0), (0, 0), (77.0, 3.0), (-31.0, -18.0), (90.0, -18.0)]
[(38.0, 259.0), (28.0, 268.0), (46.0, 268.0), (-1.0, 238.0), (72.0, 238.0), (11.0, 139.0), (62.0, 140.0), (-30.0, 79.0), (91.0, 81.0), (-8.0, 12.0), (82.0, 13.0), (0, 0), (76.0, 5.0), (-31.0, -16.0), (90.0, -16.0)]
[(38.0, 254.0), (28.0, 263.0), (46.0, 263.0), (-1.0, 233.0), (71.0, 234.0), (11.0, 136.0), (61.0, 136.0), (-30.0, 80.0), (91.0, 81.0), (-8.0, 12.0), (82.0, 13.0), (0, 0), (76.0, 4.0), (-31.0, -16.0), (91.0, -16.0)]
[(39.0, 251.0), (30.0, 259.0), (47.0, 259.0), (1.0, 230.0), (72.0, 230.0), (12.0, 135.0), (62.0, 135.0), (-30.0, 80.0), (92.0, 83.0), (-7.0, 13.0), (83.0, 13.0), (0, 0), (76.0, 4.0), (-29.0, -16.0), (92.0, -16.0)]
[(39.0, 243.0), (30.0, 252.0), (47.0, 252.0), (1.0, 224.0), (72.0, 224.0), (12.0, 130.0), (62.0, 130.0), (-30.0, 79.0), (92.0, 82.0), (-8.0, 13.0), (82.0, 13.0), (0, 0), (75.0, 5.0), (-29.0, -16.0), (90.0, -17.0)]
[(39.0, 239.0), (30.0, 248.0), (47.0, 248.0), (1.0, 220.0), (72.0, 219.0), (12.0, 128.0), (61.0, 128.0), (-31.0, 80.0), (92.0, 84.0), (-8.0, 13.0), (81.0, 13.0), (0, 0), (75.0, 5.0), (-29.0, -16.0), (89.0, -17.0)]
[(39.0, 235.0), (30.0, 243.0), (47.0, 243.0), (2.0, 218.0), (72.0, 216.0), (12.0, 126.0), (61.0, 126.0), (-32.0, 80.0), (92.0, 84.0), (-8.0, 13.0), (81.0, 14.0), (0, 0), (74.0, 6.0), (-29.0, -15.0), (89.0, -16.0)]
[(39.0, 231.0), (30.0, 239.0), (47.0, 240.0), (3.0, 215.0), (72.0, 215.0), (12.0, 124.0), (61.0, 124.0), (-32.0, 80.0), (93.0, 84.0), (-8.0, 13.0), (80.0, 14.0), (0, 0), (73.0, 5.0), (-29.0, -15.0), (90.0, -16.0)]
[(39.0, 228.0), (30.0, 236.0), (47.0, 236.0), (3.0, 213.0), (72.0, 212.0), (13.0, 123.0), (61.0, 123.0), (-32.0, 80.0), (92.0, 84.0), (-8.0, 13.0), (80.0, 15.0), (0, 0), (72.0, 5.0), (-29.0, -14.0), (90.0, -16.0)]
[(39.0, 228.0), (30.0, 236.0), (47.0, 236.0), (3.0, 213.0), (72.0, 213.0), (13.0, 124.0), (61.0, 124.0), (-31.0, 82.0), (92.0, 86.0), (-8.0, 13.0), (80.0, 17.0), (0, 0), (72.0, 7.0), (-30.0, -11.0), (90.0, -14.0)]
[(39.0, 228.0), (30.0, 236.0), (48.0, 236.0), (4.0, 214.0), (72.0, 213.0), (14.0, 124.0), (61.0, 125.0), (-31.0, 83.0), (92.0, 87.0), (-8.0, 14.0), (80.0, 17.0), (0, 0), (72.0, 6.0), (-31.0, -10.0), (90.0, -13.0)]
[(39.0, 230.0), (30.0, 238.0), (48.0, 238.0), (4.0, 215.0), (72.0, 215.0), (14.0, 126.0), (61.0, 126.0), (-30.0, 83.0), (92.0, 89.0), (-8.0, 14.0), (80.0, 17.0), (0, 0), (72.0, 6.0), (-31.0, -10.0), (90.0, -12.0)]
[(38.0, 232.0), (29.0, 241.0), (48.0, 241.0), (3.0, 217.0), (71.0, 216.0), (13.0, 126.0), (60.0, 128.0), (-29.0, 83.0), (90.0, 89.0), (-9.0, 15.0), (79.0, 17.0), (0, 0), (71.0, 6.0), (-31.0, -10.0), (90.0, -12.0)]
[(39.0, 234.0), (30.0, 243.0), (48.0, 243.0), (3.0, 218.0), (74.0, 217.0), (13.0, 130.0), (60.0, 131.0), (-27.0, 84.0), (89.0, 90.0), (-9.0, 15.0), (79.0, 17.0), (0, 0), (72.0, 6.0), (-31.0, -10.0), (90.0, -11.0)]
[(39.0, 236.0), (30.0, 245.0), (48.0, 246.0), (3.0, 220.0), (74.0, 218.0), (13.0, 135.0), (60.0, 136.0), (-25.0, 85.0), (88.0, 89.0), (-9.0, 15.0), (79.0, 17.0), (0, 0), (73.0, 6.0), (-32.0, -9.0), (90.0, -11.0)]
[(40.0, 240.0), (31.0, 249.0), (48.0, 250.0), (3.0, 222.0), (74.0, 221.0), (12.0, 138.0), (60.0, 139.0), (-23.0, 85.0), (87.0, 89.0), (-9.0, 15.0), (80.0, 16.0), (0, 0), (73.0, 5.0), (-32.0, -10.0), (91.0, -12.0)]
[(40.0, 248.0), (32.0, 255.0), (49.0, 256.0), (4.0, 226.0), (76.0, 224.0), (13.0, 140.0), (61.0, 141.0), (-21.0, 84.0), (87.0, 87.0), (-9.0, 14.0), (81.0, 16.0), (0, 0), (74.0, 6.0), (-29.0, -12.0), (91.0, -13.0)]
[(41.0, 255.0), (32.0, 263.0), (49.0, 263.0), (4.0, 232.0), (76.0, 229.0), (14.0, 145.0), (61.0, 145.0), (-18.0, 86.0), (86.0, 88.0), (-9.0, 14.0), (82.0, 16.0), (0, 0), (75.0, 6.0), (-29.0, -12.0), (90.0, -13.0)]
[(42.0, 262.0), (34.0, 270.0), (50.0, 270.0), (7.0, 239.0), (78.0, 235.0), (16.0, 147.0), (63.0, 147.0), (-15.0, 89.0), (86.0, 90.0), (-9.0, 14.0), (83.0, 16.0), (0, 0), (77.0, 6.0), (-28.0, -13.0), (90.0, -13.0)]
[(43.0, 270.0), (34.0, 278.0), (51.0, 278.0), (7.0, 247.0), (79.0, 241.0), (16.0, 150.0), (63.0, 150.0), (-14.0, 90.0), (84.0, 93.0), (-9.0, 14.0), (83.0, 16.0), (0, 0), (77.0, 6.0), (-28.0, -14.0), (91.0, -13.0)]
[(44.0, 279.0), (36.0, 286.0), (52.0, 286.0), (8.0, 253.0), (80.0, 249.0), (17.0, 154.0), (65.0, 154.0), (-10.0, 95.0), (84.0, 95.0), (-8.0, 14.0), (83.0, 16.0), (0, 0), (78.0, 5.0), (-27.0, -14.0), (91.0, -13.0)]
[(45.0, 287.0), (36.0, 294.0), (53.0, 294.0), (8.0, 259.0), (80.0, 256.0), (17.0, 158.0), (66.0, 158.0), (-9.0, 95.0), (85.0, 94.0), (-8.0, 14.0), (83.0, 16.0), (0, 0), (77.0, 4.0), (-27.0, -15.0), (90.0, -14.0)]
[(45.0, 296.0), (36.0, 303.0), (53.0, 303.0), (6.0, 268.0), (80.0, 265.0), (17.0, 162.0), (66.0, 162.0), (-7.0, 96.0), (85.0, 95.0), (-8.0, 15.0), (83.0, 17.0), (0, 0), (77.0, 5.0), (-27.0, -14.0), (90.0, -13.0)]
[(45.0, 304.0), (36.0, 311.0), (53.0, 310.0), (6.0, 273.0), (79.0, 271.0), (17.0, 165.0), (66.0, 166.0), (-5.0, 94.0), (85.0, 94.0), (-8.0, 14.0), (83.0, 16.0), (0, 0), (77.0, 4.0), (-27.0, -15.0), (90.0, -14.0)]
[(46.0, 312.0), (38.0, 319.0), (54.0, 319.0), (7.0, 279.0), (80.0, 278.0), (18.0, 168.0), (68.0, 169.0), (-3.0, 94.0), (86.0, 93.0), (-7.0, 14.0), (84.0, 16.0), (0, 0), (78.0, 6.0), (-25.0, -14.0), (91.0, -14.0)]
[(47.0, 320.0), (38.0, 328.0), (55.0, 328.0), (7.0, 285.0), (81.0, 285.0), (19.0, 172.0), (69.0, 172.0), (-2.0, 93.0), (87.0, 93.0), (-6.0, 14.0), (85.0, 15.0), (0, 0), (78.0, 4.0), (-24.0, -14.0), (92.0, -15.0)]
[(47.0, 329.0), (38.0, 336.0), (55.0, 336.0), (6.0, 292.0), (81.0, 292.0), (20.0, 175.0), (69.0, 176.0), (-1.0, 95.0), (86.0, 93.0), (-6.0, 15.0), (84.0, 15.0), (0, 0), (77.0, 4.0), (-26.0, -12.0), (93.0, -14.0)]
[(47.0, 335.0), (38.0, 342.0), (55.0, 343.0), (5.0, 298.0), (81.0, 299.0), (20.0, 178.0), (70.0, 179.0), (-0.0, 95.0), (87.0, 92.0), (-6.0, 14.0), (84.0, 14.0), (0, 0), (78.0, 4.0), (-25.0, -13.0), (95.0, -15.0)]
[(47.0, 342.0), (37.0, 350.0), (54.0, 350.0), (4.0, 307.0), (82.0, 306.0), (20.0, 183.0), (70.0, 183.0), (1.0, 95.0), (86.0, 92.0), (-6.0, 14.0), (84.0, 16.0), (0, 0), (78.0, 7.0), (-23.0, -13.0), (94.0, -15.0)]