[(41.0, 360.0), (33.0, 369.0), (48.0, 369.0), (-5.0, 322.0), (81.0, 315.0), (15.0, 196.0), (66.0, 197.0), (-5.0, 106.0), (95.0, 110.0), (-8.0, 11.0), (98.0, 12.0), (0, 0), (91.0, -1.0), (-26.0, -19.0), (120.0, -16.0)]
[(41.0, 392.0), (31.0, 401.0), (48.0, 399.0), (-8.0, 345.0), (81.0, 340.0), (15.0, 211.0), (65.0, 212.0), (1.0, 107.0), (88.0, 110.0), (-7.0, 13.0), (98.0, 13.0), (0, 0), (92.0, 1.0), (-26.0, -19.0), (120.0, -15.0)]
[(41.0, 398.0), (31.0, 407.0), (48.0, 407.0), (-8.0, 347.0), (81.0, 343.0), (16.0, 213.0), (66.0, 215.0), (5.0, 109.0), (82.0, 111.0), (-7.0, 13.0), (97.0, 14.0), (0, 0), (92.0, 1.0), (-25.0, -19.0), (118.0, -15.0)]
[(39.0, 401.0), (30.0, 411.0), (48.0, 411.0), (-10.0, 346.0), (81.0, 346.0), (16.0, 212.0), (66.0, 214.0), (6.0, 109.0), (82.0, 110.0), (-6.0, 13.0), (97.0, 14.0), (0, 0), (92.0, 2.0), (-25.0, -20.0), (118.0, -15.0)]
[(39.0, 402.0), (30.0, 411.0), (48.0, 411.0), (-10.0, 347.0), (81.0, 346.0), (16.0, 212.0), (66.0, 214.0), (7.0, 109.0), (82.0, 109.0), (-6.0, 13.0), (96.0, 14.0), (0, 0), (92.0, 2.0), (-25.0, -21.0), (118.0, -15.0)]
[(39.0, 402.0), (30.0, 411.0), (48.0, 411.0), (-9.0, 348.0), (80.0, 350.0), (16.0, 212.0), (66.0, 215.0), (7.0, 108.0), (80.0, 109.0), (-6.0, 13.0), (96.0, 14.0), (0, 0), (92.0, 3.0), (-25.0, -21.0), (118.0, -15.0)]
[(39.0, 401.0), (29.0, 411.0), (47.0, 410.0), (-9.0, 348.0), (80.0, 350.0), (17.0, 212.0), (66.0, 216.0), (7.0, 108.0), (80.0, 110.0), (-6.0, 13.0), (96.0, 14.0), (0, 0), (92.0, 3.0), (-25.0, -21.0), (118.0, -15.0)]
[(39.0, 403.0), (29.0, 411.0), (47.0, 411.0), (-9.0, 348.0), (80.0, 350.0), (17.0, 212.0), (66.0, 216.0), (7.0, 108.0), (80.0, 110.0), (-6.0, 13.0), (96.0, 14.0), (0, 0), (92.0, 3.0), (-26.0, -21.0), (118.0, -15.0)]
[(39.0, 403.0), (29.0, 412.0), (47.0, 412.0), (-9.0, 347.0), (80.0, 348.0), (17.0, 211.0), (66.0, 214.0), (7.0, 108.0), (80.0, 109.0), (-6.0, 13.0), (96.0, 13.0), (0, 0), (92.0, 2.0), (-26.0, -22.0), (118.0, -16.0)]
[(38.0, 403.0), (28.0, 412.0), (46.0, 411.0), (-10.0, 347.0), (79.0, 348.0), (16.0, 211.0), (65.0, 213.0), (6.0, 108.0), (79.0, 109.0), (-6.0, 13.0), (95.0, 13.0), (0, 0), (91.0, 2.0), (-27.0, -22.0), (117.0, -16.0)]
[(38.0, 403.0), (28.0, 411.0), (46.0, 411.0), (-10.0, 347.0), (79.0, 347.0), (16.0, 211.0), (65.0, 213.0), (6.0, 108.0), (79.0, 109.0), (-7.0, 13.0), (95.0, 14.0), (0, 0), (91.0, 2.0), (-27.0, -22.0), (117.0, -16.0)]
[(38.0, 400.0), (28.0, 409.0), (47.0, 408.0), (-10.0, 346.0), (80.0, 345.0), (16.0, 210.0), (65.0, 212.0), (5.0, 108.0), (80.0, 108.0), (-7.0, 13.0), (95.0, 14.0), (0, 0), (91.0, 3.0), (-27.0, -22.0), (117.0, -16.0)]
[(39.0, 397.0), (29.0, 406.0), (47.0, 405.0), (-10.0, 344.0), (81.0, 342.0), (16.0, 210.0), (65.0, 211.0), (4.0, 108.0), (80.0, 108.0), (-7.0, 13.0), (95.0, 14.0), (0, 0), (91.0, 3.0), (-27.0, -22.0), (117.0, -16.0)]
[(40.0, 396.0), (30.0, 405.0), (48.0, 403.0), (-10.0, 344.0), (82.0, 341.0), (16.0, 210.0), (65.0, 211.0), (3.0, 108.0), (80.0, 108.0), (-7.0, 13.0), (95.0, 14.0), (0, 0), (91.0, 3.0), (-27.0, -22.0), (117.0, -16.0)]
[(41.0, 374.0), (32.0, 384.0), (50.0, 384.0), (-9.0, 336.0), (83.0, 330.0), (15.0, 200.0), (66.0, 201.0), (-3.0, 106.0), (88.0, 106.0), (-7.0, 13.0), (95.0, 13.0), (0, 0), (91.0, 2.0), (-28.0, -22.0), (117.0, -16.0)]
[(42.0, 356.0), (33.0, 365.0), (50.0, 364.0), (-8.0, 320.0), (84.0, 315.0), (15.0, 189.0), (66.0, 190.0), (-8.0, 104.0), (94.0, 104.0), (-7.0, 13.0), (95.0, 13.0), (0, 0), (90.0, 1.0), (-28.0, -22.0), (117.0, -16.0)]
[(43.0, 339.0), (34.0, 348.0), (51.0, 347.0), (-7.0, 304.0), (85.0, 298.0), (15.0, 174.0), (68.0, 176.0), (-11.0, 101.0), (99.0, 103.0), (-7.0, 13.0), (95.0, 12.0), (0, 0), (89.0, 1.0), (-28.0, -22.0), (116.0, -16.0)]
[(44.0, 338.0), (36.0, 347.0), (53.0, 346.0), (-4.0, 302.0), (88.0, 295.0), (16.0, 173.0), (69.0, 174.0), (-11.0, 101.0), (101.0, 102.0), (-7.0, 13.0), (96.0, 12.0), (0, 0), (90.0, 1.0), (-27.0, -21.0), (117.0, -16.0)]
[(45.0, 296.0), (37.0, 306.0), (54.0, 306.0), (-1.0, 271.0), (89.0, 267.0), (19.0, 159.0), (71.0, 161.0), (-15.0, 100.0), (108.0, 99.0), (-7.0, 13.0), (98.0, 12.0), (0, 0), (91.0, 1.0), (-27.0, -21.0), (117.0, -16.0)]
[(45.0, 274.0), (37.0, 284.0), (54.0, 284.0), (-0.0, 255.0), (87.0, 253.0), (19.0, 151.0), (72.0, 154.0), (-18.0, 95.0), (109.0, 95.0), (-8.0, 12.0), (98.0, 12.0), (0, 0), (90.0, 1.0), (-28.0, -20.0), (116.0, -16.0)]
[(46.0, 257.0), (38.0, 267.0), (54.0, 267.0), (2.0, 237.0), (88.0, 233.0), (21.0, 140.0), (72.0, 142.0), (-19.0, 91.0), (112.0, 92.0), (-8.0, 11.0), (99.0, 11.0), (0, 0), (91.0, 0.0), (-28.0, -20.0), (118.0, -17.0)]
[(46.0, 257.0), (38.0, 267.0), (55.0, 266.0), (2.0, 235.0), (88.0, 233.0), (21.0, 138.0), (72.0, 140.0), (-20.0, 88.0), (113.0, 91.0), (-8.0, 11.0), (99.0, 11.0), (0, 0), (91.0, -1.0), (-29.0, -20.0), (119.0, -17.0)]
[(46.0, 230.0), (38.0, 240.0), (55.0, 240.0), (2.0, 211.0), (89.0, 209.0), (21.0, 121.0), (72.0, 121.0), (-22.0, 89.0), (116.0, 92.0), (-9.0, 11.0), (98.0, 10.0), (0, 0), (90.0, -1.0), (-29.0, -20.0), (119.0, -17.0)]
[(46.0, 221.0), (38.0, 230.0), (55.0, 230.0), (3.0, 203.0), (89.0, 202.0), (24.0, 112.0), (73.0, 113.0), (-24.0, 91.0), (116.0, 94.0), (-9.0, 12.0), (98.0, 11.0), (0, 0), (90.0, 0.0), (-29.0, -18.0), (119.0, -15.0)]
[(46.0, 212.0), (37.0, 222.0), (54.0, 221.0), (3.0, 195.0), (87.0, 195.0), (23.0, 106.0), (71.0, 106.0), (-26.0, 91.0), (117.0, 94.0), (-9.0, 10.0), (97.0, 11.0), (0, 0), (88.0, 0.0), (-29.0, -20.0), (118.0, -16.0)]
[(46.0, 213.0), (37.0, 222.0), (54.0, 222.0), (3.0, 194.0), (87.0, 192.0), (23.0, 104.0), (71.0, 101.0), (-26.0, 91.0), (117.0, 94.0), (-9.0, 10.0), (97.0, 11.0), (0, 0), (88.0, 0.0), (-29.0, -20.0), (117.0, -15.0)]
[(45.0, 208.0), (36.0, 219.0), (54.0, 218.0), (4.0, 193.0), (86.0, 189.0), (23.0, 101.0), (71.0, 98.0), (-27.0, 91.0), (117.0, 94.0), (-9.0, 10.0), (97.0, 11.0), (0, 0), (88.0, 0.0), (-29.0, -20.0), (117.0, -15.0)]
[(43.0, 213.0), (35.0, 222.0), (53.0, 222.0), (3.0, 196.0), (84.0, 195.0), (22.0, 106.0), (70.0, 105.0), (-28.0, 91.0), (115.0, 94.0), (-10.0, 10.0), (96.0, 11.0), (0, 0), (87.0, 0.0), (-30.0, -19.0), (116.0, -15.0)]
[(43.0, 214.0), (35.0, 224.0), (52.0, 223.0), (3.0, 198.0), (83.0, 196.0), (22.0, 108.0), (70.0, 107.0), (-28.0, 92.0), (115.0, 96.0), (-10.0, 11.0), (96.0, 13.0), (0, 0), (87.0, 1.0), (-30.0, -18.0), (116.0, -14.0)]
[(43.0, 220.0), (35.0, 230.0), (52.0, 230.0), (3.0, 204.0), (83.0, 203.0), (21.0, 113.0), (69.0, 112.0), (-28.0, 92.0), (115.0, 96.0), (-10.0, 11.0), (96.0, 13.0), (0, 0), (87.0, 1.0), (-30.0, -19.0), (116.0, -14.0)]
[(43.0, 222.0), (35.0, 231.0), (51.0, 231.0), (3.0, 206.0), (83.0, 205.0), (21.0, 114.0), (69.0, 115.0), (-28.0, 92.0), (115.0, 96.0), (-10.0, 12.0), (96.0, 13.0), (0, 0), (87.0, 1.0), (-30.0, -19.0), (116.0, -14.0)]
[(44.0, 225.0), (36.0, 232.0), (51.0, 233.0), (4.0, 211.0), (84.0, 209.0), (21.0, 122.0), (69.0, 122.0), (-26.0, 92.0), (115.0, 96.0), (-9.0, 12.0), (97.0, 13.0), (0, 0), (88.0, 1.0), (-29.0, -19.0), (118.0, -15.0)]
[(42.0, 263.0), (35.0, 272.0), (50.0, 272.0), (4.0, 242.0), (83.0, 240.0), (18.0, 141.0), (68.0, 142.0), (-25.0, 90.0), (112.0, 94.0), (-9.0, 11.0), (97.0, 12.0), (0, 0), (88.0, 0.0), (-28.0, -20.0), (119.0, -15.0)]
[(42.0, 285.0), (34.0, 294.0), (50.0, 294.0), (3.0, 260.0), (82.0, 261.0), (18.0, 153.0), (68.0, 154.0), (-21.0, 90.0), (110.0, 94.0), (-9.0, 11.0), (97.0, 12.0), (0, 0), (88.0, 1.0), (-29.0, -18.0), (119.0, -15.0)]
[(41.0, 286.0), (34.0, 294.0), (49.0, 294.0), (3.0, 262.0), (81.0, 264.0), (18.0, 155.0), (68.0, 155.0), (-20.0, 91.0), (108.0, 93.0), (-9.0, 12.0), (97.0, 12.0), (0, 0), (88.0, 1.0), (-29.0, -17.0), (119.0, -15.0)]
[(41.0, 312.0), (34.0, 320.0), (49.0, 320.0), (1.0, 280.0), (82.0, 274.0), (17.0, 165.0), (68.0, 165.0), (-19.0, 94.0), (106.0, 95.0), (-9.0, 12.0), (97.0, 12.0), (0, 0), (88.0, 1.0), (-29.0, -18.0), (118.0, -15.0)]
[(41.0, 356.0), (32.0, 365.0), (49.0, 365.0), (-2.0, 316.0), (83.0, 310.0), (14.0, 191.0), (65.0, 191.0), (-11.0, 98.0), (98.0, 103.0), (-8.0, 11.0), (98.0, 11.0), (0, 0), (90.0, 0.0), (-28.0, -19.0), (120.0, -16.0)]
[(41.0, 360.0), (32.0, 368.0), (49.0, 367.0), (-5.0, 321.0), (83.0, 313.0), (13.0, 197.0), (64.0, 197.0), (-8.0, 102.0), (96.0, 106.0), (-8.0, 12.0), (98.0, 12.0), (0, 0), (91.0, 1.0), (-27.0, -20.0), (121.0, -15.0)]