[(45.0, 360.0), (36.0, 368.0), (51.0, 368.0), (-1.0, 312.0), (80.0, 312.0), (17.0, 187.0), (66.0, 186.0), (1.0, 95.0), (78.0, 92.0), (-6.0, 13.0), (81.0, 16.0), (0, 0), (81.0, 8.0), (-28.0, -18.0), (85.0, -16.0)]
[(44.0, 366.0), (35.0, 375.0), (50.0, 374.0), (-4.0, 317.0), (79.0, 315.0), (16.0, 190.0), (65.0, 190.0), (1.0, 96.0), (77.0, 94.0), (-6.0, 14.0), (80.0, 17.0), (0, 0), (80.0, 9.0), (-30.0, -16.0), (84.0, -13.0)]
[(44.0, 370.0), (34.0, 378.0), (50.0, 378.0), (-5.0, 319.0), (80.0, 316.0), (12.0, 191.0), (63.0, 191.0), (2.0, 97.0), (77.0, 97.0), (-6.0, 15.0), (81.0, 19.0), (0, 0), (80.0, 11.0), (-30.0, -15.0), (84.0, -11.0)]
[(43.0, 372.0), (34.0, 380.0), (50.0, 380.0), (-5.0, 319.0), (80.0, 316.0), (12.0, 191.0), (63.0, 193.0), (2.0, 97.0), (77.0, 100.0), (-6.0, 15.0), (81.0, 21.0), (0, 0), (81.0, 13.0), (-31.0, -14.0), (84.0, -10.0)]
[(43.0, 373.0), (34.0, 381.0), (50.0, 381.0), (-5.0, 318.0), (81.0, 318.0), (13.0, 192.0), (63.0, 194.0), (3.0, 99.0), (77.0, 103.0), (-6.0, 15.0), (82.0, 22.0), (0, 0), (82.0, 13.0), (-32.0, -13.0), (84.0, -9.0)]
[(42.0, 374.0), (33.0, 381.0), (49.0, 381.0), (-6.0, 318.0), (80.0, 318.0), (12.0, 192.0), (62.0, 193.0), (2.0, 100.0), (76.0, 102.0), (-7.0, 16.0), (81.0, 22.0), (0, 0), (81.0, 14.0), (-33.0, -11.0), (83.0, -9.0)]
[(41.0, 372.0), (32.0, 380.0), (49.0, 380.0), (-6.0, 317.0), (80.0, 319.0), (12.0, 193.0), (62.0, 193.0), (1.0, 100.0), (77.0, 103.0), (-7.0, 15.0), (81.0, 22.0), (0, 0), (81.0, 13.0), (-33.0, -12.0), (85.0, -10.0)]
[(41.0, 372.0), (32.0, 380.0), (49.0, 380.0), (-6.0, 317.0), (80.0, 318.0), (11.0, 194.0), (61.0, 194.0), (1.0, 100.0), (77.0, 103.0), (-7.0, 15.0), (81.0, 22.0), (0, 0), (82.0, 13.0), (-33.0, -12.0), (85.0, -10.0)]
[(41.0, 372.0), (32.0, 380.0), (49.0, 380.0), (-5.0, 318.0), (80.0, 317.0), (10.0, 193.0), (60.0, 193.0), (1.0, 100.0), (77.0, 103.0), (-7.0, 15.0), (81.0, 21.0), (0, 0), (82.0, 13.0), (-31.0, -12.0), (85.0, -10.0)]
[(41.0, 372.0), (32.0, 380.0), (49.0, 380.0), (-5.0, 317.0), (80.0, 318.0), (10.0, 194.0), (59.0, 193.0), (-0.0, 100.0), (76.0, 103.0), (-7.0, 15.0), (81.0, 21.0), (0, 0), (81.0, 13.0), (-31.0, -12.0), (85.0, -10.0)]
[(41.0, 374.0), (32.0, 382.0), (49.0, 382.0), (-5.0, 318.0), (80.0, 319.0), (9.0, 194.0), (59.0, 194.0), (-0.0, 101.0), (76.0, 103.0), (-7.0, 16.0), (81.0, 22.0), (0, 0), (81.0, 14.0), (-31.0, -11.0), (84.0, -9.0)]
[(40.0, 374.0), (31.0, 382.0), (48.0, 382.0), (-6.0, 318.0), (78.0, 318.0), (8.0, 193.0), (58.0, 193.0), (-1.0, 101.0), (74.0, 103.0), (-7.0, 16.0), (80.0, 22.0), (0, 0), (80.0, 14.0), (-32.0, -11.0), (82.0, -10.0)]
[(40.0, 373.0), (31.0, 381.0), (48.0, 381.0), (-6.0, 318.0), (78.0, 318.0), (8.0, 193.0), (58.0, 192.0), (-2.0, 101.0), (74.0, 103.0), (-7.0, 16.0), (80.0, 22.0), (0, 0), (80.0, 13.0), (-32.0, -11.0), (81.0, -10.0)]
[(40.0, 374.0), (31.0, 382.0), (47.0, 381.0), (-6.0, 318.0), (78.0, 318.0), (8.0, 193.0), (58.0, 192.0), (-3.0, 101.0), (74.0, 103.0), (-7.0, 15.0), (79.0, 22.0), (0, 0), (80.0, 14.0), (-32.0, -12.0), (81.0, -10.0)]
[(40.0, 374.0), (31.0, 382.0), (47.0, 381.0), (-6.0, 318.0), (78.0, 317.0), (8.0, 193.0), (58.0, 192.0), (-3.0, 101.0), (73.0, 103.0), (-7.0, 15.0), (79.0, 21.0), (0, 0), (80.0, 14.0), (-32.0, -12.0), (81.0, -10.0)]
[(40.0, 374.0), (31.0, 382.0), (47.0, 381.0), (-7.0, 318.0), (78.0, 317.0), (8.0, 193.0), (58.0, 192.0), (-3.0, 101.0), (73.0, 103.0), (-7.0, 15.0), (79.0, 21.0), (0, 0), (80.0, 14.0), (-33.0, -12.0), (81.0, -10.0)]
[(39.0, 374.0), (31.0, 382.0), (47.0, 382.0), (-7.0, 319.0), (78.0, 318.0), (8.0, 194.0), (58.0, 193.0), (-3.0, 102.0), (73.0, 104.0), (-7.0, 16.0), (79.0, 22.0), (0, 0), (80.0, 14.0), (-32.0, -11.0), (82.0, -9.0)]
[(39.0, 374.0), (31.0, 382.0), (47.0, 382.0), (-7.0, 319.0), (78.0, 318.0), (8.0, 194.0), (58.0, 193.0), (-3.0, 101.0), (73.0, 101.0), (-7.0, 16.0), (79.0, 20.0), (0, 0), (80.0, 12.0), (-33.0, -11.0), (82.0, -10.0)]
[(39.0, 374.0), (31.0, 382.0), (47.0, 382.0), (-7.0, 319.0), (78.0, 318.0), (8.0, 194.0), (58.0, 193.0), (-3.0, 100.0), (73.0, 101.0), (-7.0, 16.0), (79.0, 20.0), (0, 0), (80.0, 12.0), (-34.0, -11.0), (82.0, -10.0)]
[(39.0, 375.0), (31.0, 383.0), (47.0, 383.0), (-7.0, 320.0), (78.0, 319.0), (8.0, 195.0), (58.0, 194.0), (-3.0, 101.0), (73.0, 102.0), (-7.0, 16.0), (79.0, 21.0), (0, 0), (80.0, 13.0), (-34.0, -10.0), (81.0, -9.0)]
[(39.0, 375.0), (31.0, 383.0), (47.0, 383.0), (-7.0, 320.0), (78.0, 319.0), (8.0, 195.0), (58.0, 194.0), (-3.0, 101.0), (73.0, 103.0), (-7.0, 16.0), (79.0, 22.0), (0, 0), (79.0, 14.0), (-34.0, -10.0), (81.0, -9.0)]
[(39.0, 375.0), (31.0, 383.0), (47.0, 383.0), (-7.0, 319.0), (78.0, 319.0), (8.0, 194.0), (58.0, 193.0), (-4.0, 101.0), (73.0, 102.0), (-7.0, 16.0), (79.0, 21.0), (0, 0), (78.0, 13.0), (-34.0, -11.0), (82.0, -10.0)]
[(38.0, 375.0), (30.0, 383.0), (47.0, 383.0), (-7.0, 319.0), (78.0, 318.0), (8.0, 194.0), (58.0, 193.0), (-4.0, 101.0), (73.0, 102.0), (-7.0, 16.0), (78.0, 21.0), (0, 0), (76.0, 13.0), (-34.0, -11.0), (82.0, -10.0)]
[(38.0, 375.0), (30.0, 383.0), (46.0, 383.0), (-7.0, 319.0), (78.0, 318.0), (7.0, 193.0), (58.0, 191.0), (-4.0, 101.0), (73.0, 102.0), (-7.0, 16.0), (78.0, 21.0), (0, 0), (76.0, 13.0), (-33.0, -12.0), (82.0, -10.0)]
[(38.0, 374.0), (30.0, 382.0), (46.0, 382.0), (-7.0, 318.0), (78.0, 317.0), (7.0, 190.0), (58.0, 189.0), (-4.0, 100.0), (73.0, 101.0), (-7.0, 15.0), (78.0, 20.0), (0, 0), (76.0, 12.0), (-33.0, -13.0), (83.0, -11.0)]
[(37.0, 374.0), (30.0, 382.0), (46.0, 382.0), (-8.0, 318.0), (78.0, 317.0), (7.0, 189.0), (58.0, 188.0), (-4.0, 100.0), (73.0, 101.0), (-7.0, 15.0), (78.0, 20.0), (0, 0), (76.0, 12.0), (-32.0, -13.0), (83.0, -12.0)]
[(37.0, 373.0), (29.0, 381.0), (45.0, 381.0), (-8.0, 316.0), (77.0, 316.0), (7.0, 188.0), (58.0, 187.0), (-4.0, 97.0), (74.0, 98.0), (-7.0, 15.0), (78.0, 19.0), (0, 0), (76.0, 11.0), (-32.0, -14.0), (83.0, -13.0)]
[(36.0, 373.0), (28.0, 381.0), (44.0, 381.0), (-9.0, 316.0), (76.0, 317.0), (8.0, 188.0), (57.0, 187.0), (-4.0, 96.0), (75.0, 96.0), (-6.0, 14.0), (78.0, 19.0), (0, 0), (75.0, 11.0), (-32.0, -15.0), (83.0, -13.0)]
[(35.0, 372.0), (27.0, 380.0), (43.0, 380.0), (-10.0, 318.0), (74.0, 318.0), (7.0, 188.0), (57.0, 188.0), (-5.0, 95.0), (75.0, 96.0), (-6.0, 14.0), (78.0, 19.0), (0, 0), (76.0, 11.0), (-31.0, -16.0), (83.0, -13.0)]
[(33.0, 373.0), (25.0, 381.0), (41.0, 381.0), (-10.0, 321.0), (72.0, 321.0), (6.0, 191.0), (57.0, 190.0), (-5.0, 96.0), (75.0, 97.0), (-6.0, 14.0), (78.0, 20.0), (0, 0), (76.0, 12.0), (-30.0, -15.0), (82.0, -13.0)]
[(33.0, 373.0), (25.0, 381.0), (41.0, 381.0), (-10.0, 323.0), (71.0, 322.0), (6.0, 191.0), (57.0, 191.0), (-5.0, 96.0), (75.0, 97.0), (-7.0, 14.0), (78.0, 20.0), (0, 0), (77.0, 12.0), (-30.0, -16.0), (82.0, -14.0)]
[(32.0, 372.0), (23.0, 380.0), (39.0, 380.0), (-12.0, 324.0), (68.0, 324.0), (5.0, 192.0), (56.0, 192.0), (-6.0, 96.0), (74.0, 97.0), (-8.0, 13.0), (77.0, 20.0), (0, 0), (76.0, 12.0), (-31.0, -16.0), (81.0, -14.0)]
[(32.0, 373.0), (23.0, 381.0), (40.0, 381.0), (-12.0, 326.0), (68.0, 326.0), (7.0, 194.0), (57.0, 195.0), (-5.0, 97.0), (75.0, 101.0), (-7.0, 14.0), (78.0, 20.0), (0, 0), (76.0, 12.0), (-30.0, -15.0), (83.0, -13.0)]
[(32.0, 373.0), (23.0, 381.0), (40.0, 381.0), (-12.0, 326.0), (68.0, 327.0), (7.0, 194.0), (57.0, 195.0), (-5.0, 97.0), (75.0, 101.0), (-7.0, 14.0), (78.0, 20.0), (0, 0), (76.0, 12.0), (-30.0, -16.0), (83.0, -13.0)]
[(31.0, 373.0), (22.0, 381.0), (39.0, 381.0), (-12.0, 327.0), (67.0, 327.0), (8.0, 194.0), (57.0, 195.0), (-4.0, 97.0), (75.0, 101.0), (-7.0, 14.0), (78.0, 20.0), (0, 0), (75.0, 11.0), (-31.0, -16.0), (85.0, -13.0)]
[(31.0, 373.0), (22.0, 381.0), (39.0, 381.0), (-13.0, 327.0), (67.0, 328.0), (8.0, 194.0), (57.0, 195.0), (-4.0, 97.0), (75.0, 101.0), (-8.0, 14.0), (78.0, 20.0), (0, 0), (75.0, 11.0), (-31.0, -16.0), (86.0, -13.0)]
[(31.0, 373.0), (22.0, 380.0), (40.0, 380.0), (-12.0, 327.0), (67.0, 328.0), (9.0, 194.0), (58.0, 195.0), (-3.0, 99.0), (76.0, 102.0), (-7.0, 14.0), (78.0, 20.0), (0, 0), (75.0, 11.0), (-30.0, -17.0), (87.0, -13.0)]
[(32.0, 372.0), (23.0, 380.0), (40.0, 380.0), (-12.0, 327.0), (68.0, 328.0), (10.0, 194.0), (59.0, 195.0), (-3.0, 99.0), (77.0, 102.0), (-6.0, 14.0), (79.0, 20.0), (0, 0), (75.0, 11.0), (-29.0, -17.0), (89.0, -13.0)]
[(33.0, 372.0), (23.0, 379.0), (41.0, 379.0), (-11.0, 327.0), (68.0, 328.0), (10.0, 194.0), (60.0, 194.0), (-2.0, 99.0), (77.0, 101.0), (-6.0, 14.0), (80.0, 20.0), (0, 0), (75.0, 11.0), (-28.0, -17.0), (90.0, -13.0)]
[(32.0, 370.0), (23.0, 377.0), (41.0, 377.0), (-12.0, 327.0), (67.0, 328.0), (10.0, 193.0), (60.0, 193.0), (-3.0, 99.0), (77.0, 100.0), (-6.0, 14.0), (80.0, 20.0), (0, 0), (75.0, 11.0), (-28.0, -17.0), (89.0, -13.0)]
[(33.0, 364.0), (24.0, 372.0), (41.0, 372.0), (-11.0, 325.0), (68.0, 327.0), (10.0, 190.0), (61.0, 190.0), (-3.0, 98.0), (78.0, 96.0), (-6.0, 13.0), (81.0, 19.0), (0, 0), (75.0, 10.0), (-27.0, -18.0), (90.0, -14.0)]
[(33.0, 360.0), (24.0, 368.0), (40.0, 369.0), (-11.0, 322.0), (68.0, 325.0), (10.0, 185.0), (61.0, 187.0), (-5.0, 95.0), (78.0, 93.0), (-6.0, 12.0), (81.0, 18.0), (0, 0), (75.0, 10.0), (-27.0, -19.0), (90.0, -15.0)]
[(32.0, 355.0), (24.0, 364.0), (39.0, 364.0), (-12.0, 319.0), (67.0, 323.0), (10.0, 183.0), (61.0, 184.0), (-7.0, 95.0), (78.0, 93.0), (-6.0, 13.0), (80.0, 18.0), (0, 0), (75.0, 9.0), (-27.0, -18.0), (89.0, -14.0)]
[(31.0, 349.0), (23.0, 357.0), (38.0, 357.0), (-12.0, 314.0), (67.0, 319.0), (9.0, 178.0), (61.0, 180.0), (-10.0, 91.0), (79.0, 90.0), (-7.0, 12.0), (80.0, 17.0), (0, 0), (75.0, 8.0), (-27.0, -20.0), (89.0, -15.0)]
[(31.0, 346.0), (23.0, 353.0), (37.0, 354.0), (-11.0, 311.0), (68.0, 315.0), (10.0, 175.0), (62.0, 176.0), (-11.0, 89.0), (80.0, 87.0), (-8.0, 12.0), (81.0, 17.0), (0, 0), (76.0, 8.0), (-27.0, -20.0), (89.0, -15.0)]
[(31.0, 341.0), (21.0, 348.0), (37.0, 349.0), (-11.0, 306.0), (68.0, 309.0), (10.0, 172.0), (62.0, 173.0), (-14.0, 87.0), (80.0, 84.0), (-7.0, 12.0), (81.0, 16.0), (0, 0), (76.0, 8.0), (-27.0, -20.0), (89.0, -16.0)]
[(29.0, 335.0), (21.0, 343.0), (36.0, 342.0), (-11.0, 301.0), (67.0, 304.0), (10.0, 170.0), (62.0, 170.0), (-13.0, 87.0), (80.0, 84.0), (-8.0, 12.0), (81.0, 16.0), (0, 0), (76.0, 8.0), (-27.0, -20.0), (89.0, -16.0)]
[(29.0, 326.0), (21.0, 334.0), (36.0, 333.0), (-11.0, 295.0), (66.0, 297.0), (9.0, 166.0), (62.0, 165.0), (-15.0, 85.0), (81.0, 81.0), (-8.0, 12.0), (80.0, 16.0), (0, 0), (74.0, 8.0), (-27.0, -20.0), (89.0, -17.0)]
[(29.0, 318.0), (20.0, 325.0), (35.0, 325.0), (-10.0, 287.0), (66.0, 290.0), (9.0, 161.0), (61.0, 160.0), (-16.0, 83.0), (81.0, 79.0), (-7.0, 12.0), (79.0, 15.0), (0, 0), (73.0, 8.0), (-27.0, -20.0), (89.0, -17.0)]
[(28.0, 310.0), (19.0, 317.0), (34.0, 318.0), (-11.0, 280.0), (64.0, 285.0), (8.0, 158.0), (60.0, 157.0), (-19.0, 78.0), (80.0, 75.0), (-8.0, 11.0), (78.0, 13.0), (0, 0), (73.0, 7.0), (-28.0, -22.0), (88.0, -18.0)]
[(28.0, 272.0), (20.0, 281.0), (35.0, 280.0), (-11.0, 253.0), (64.0, 255.0), (8.0, 145.0), (60.0, 146.0), (-23.0, 78.0), (82.0, 76.0), (-8.0, 11.0), (78.0, 13.0), (0, 0), (73.0, 7.0), (-28.0, -22.0), (88.0, -18.0)]
[(27.0, 264.0), (19.0, 274.0), (33.0, 272.0), (-13.0, 244.0), (62.0, 245.0), (7.0, 141.0), (58.0, 143.0), (-28.0, 78.0), (82.0, 75.0), (-10.0, 11.0), (77.0, 14.0), (0, 0), (71.0, 7.0), (-31.0, -21.0), (87.0, -17.0)]
[(27.0, 255.0), (19.0, 264.0), (33.0, 263.0), (-12.0, 233.0), (61.0, 239.0), (8.0, 136.0), (58.0, 139.0), (-30.0, 79.0), (83.0, 75.0), (-10.0, 11.0), (77.0, 13.0), (0, 0), (72.0, 7.0), (-31.0, -21.0), (87.0, -17.0)]
[(27.0, 246.0), (19.0, 255.0), (33.0, 254.0), (-12.0, 224.0), (61.0, 231.0), (9.0, 131.0), (58.0, 133.0), (-32.0, 79.0), (84.0, 75.0), (-10.0, 11.0), (77.0, 13.0), (0, 0), (71.0, 7.0), (-31.0, -20.0), (87.0, -17.0)]
[(25.0, 238.0), (18.0, 247.0), (32.0, 247.0), (-12.0, 217.0), (60.0, 224.0), (8.0, 125.0), (57.0, 128.0), (-38.0, 80.0), (85.0, 77.0), (-11.0, 12.0), (76.0, 14.0), (0, 0), (70.0, 7.0), (-32.0, -18.0), (86.0, -16.0)]
[(25.0, 232.0), (18.0, 240.0), (32.0, 240.0), (-12.0, 212.0), (60.0, 217.0), (8.0, 122.0), (57.0, 124.0), (-38.0, 82.0), (86.0, 78.0), (-11.0, 13.0), (77.0, 16.0), (0, 0), (71.0, 8.0), (-32.0, -17.0), (86.0, -15.0)]
[(25.0, 227.0), (18.0, 235.0), (32.0, 236.0), (-10.0, 208.0), (60.0, 213.0), (9.0, 121.0), (57.0, 123.0), (-37.0, 84.0), (89.0, 81.0), (-11.0, 13.0), (77.0, 17.0), (0, 0), (71.0, 9.0), (-32.0, -15.0), (86.0, -13.0)]
[(25.0, 222.0), (18.0, 230.0), (32.0, 230.0), (-9.0, 204.0), (60.0, 208.0), (9.0, 118.0), (57.0, 119.0), (-37.0, 83.0), (90.0, 80.0), (-11.0, 13.0), (77.0, 17.0), (0, 0), (70.0, 9.0), (-32.0, -15.0), (86.0, -13.0)]
[(26.0, 219.0), (18.0, 227.0), (33.0, 227.0), (-9.0, 199.0), (60.0, 203.0), (9.0, 113.0), (57.0, 113.0), (-37.0, 84.0), (90.0, 80.0), (-10.0, 13.0), (76.0, 17.0), (0, 0), (70.0, 9.0), (-31.0, -15.0), (85.0, -13.0)]
[(28.0, 215.0), (19.0, 223.0), (35.0, 224.0), (-7.0, 196.0), (61.0, 197.0), (9.0, 108.0), (57.0, 108.0), (-36.0, 83.0), (90.0, 79.0), (-10.0, 13.0), (76.0, 16.0), (0, 0), (69.0, 7.0), (-30.0, -16.0), (85.0, -14.0)]
[(27.0, 215.0), (18.0, 223.0), (35.0, 223.0), (-7.0, 194.0), (60.0, 192.0), (8.0, 106.0), (56.0, 106.0), (-38.0, 83.0), (89.0, 79.0), (-11.0, 13.0), (74.0, 15.0), (0, 0), (67.0, 5.0), (-31.0, -16.0), (84.0, -14.0)]
[(27.0, 213.0), (19.0, 221.0), (35.0, 222.0), (-7.0, 192.0), (60.0, 191.0), (8.0, 107.0), (56.0, 108.0), (-39.0, 81.0), (89.0, 78.0), (-10.0, 12.0), (74.0, 14.0), (0, 0), (67.0, 5.0), (-31.0, -16.0), (83.0, -16.0)]
[(27.0, 212.0), (19.0, 220.0), (35.0, 221.0), (-7.0, 192.0), (60.0, 193.0), (8.0, 105.0), (56.0, 106.0), (-38.0, 79.0), (88.0, 77.0), (-11.0, 12.0), (74.0, 14.0), (0, 0), (67.0, 4.0), (-30.0, -17.0), (83.0, -17.0)]
[(27.0, 215.0), (19.0, 222.0), (35.0, 224.0), (-7.0, 192.0), (62.0, 193.0), (8.0, 106.0), (56.0, 107.0), (-38.0, 79.0), (88.0, 77.0), (-11.0, 12.0), (74.0, 14.0), (0, 0), (67.0, 3.0), (-30.0, -17.0), (84.0, -17.0)]
[(28.0, 219.0), (20.0, 226.0), (36.0, 227.0), (-7.0, 195.0), (62.0, 197.0), (8.0, 108.0), (56.0, 109.0), (-38.0, 78.0), (87.0, 77.0), (-10.0, 12.0), (74.0, 13.0), (0, 0), (67.0, 3.0), (-30.0, -17.0), (84.0, -18.0)]
[(28.0, 223.0), (20.0, 229.0), (36.0, 230.0), (-7.0, 196.0), (62.0, 198.0), (8.0, 109.0), (56.0, 112.0), (-36.0, 78.0), (85.0, 76.0), (-10.0, 12.0), (75.0, 13.0), (0, 0), (68.0, 3.0), (-30.0, -17.0), (84.0, -18.0)]
[(29.0, 228.0), (21.0, 235.0), (36.0, 236.0), (-7.0, 203.0), (62.0, 206.0), (8.0, 116.0), (56.0, 117.0), (-33.0, 78.0), (83.0, 76.0), (-10.0, 12.0), (75.0, 13.0), (0, 0), (68.0, 3.0), (-30.0, -17.0), (85.0, -18.0)]
[(29.0, 240.0), (21.0, 247.0), (36.0, 247.0), (-7.0, 213.0), (61.0, 216.0), (8.0, 124.0), (56.0, 126.0), (-29.0, 78.0), (79.0, 78.0), (-10.0, 12.0), (75.0, 13.0), (0, 0), (68.0, 2.0), (-30.0, -17.0), (85.0, -18.0)]
[(29.0, 253.0), (21.0, 260.0), (36.0, 260.0), (-6.0, 222.0), (62.0, 225.0), (9.0, 130.0), (56.0, 132.0), (-27.0, 81.0), (78.0, 79.0), (-10.0, 12.0), (75.0, 14.0), (0, 0), (68.0, 3.0), (-30.0, -17.0), (85.0, -17.0)]
[(31.0, 263.0), (22.0, 271.0), (38.0, 270.0), (-5.0, 231.0), (63.0, 234.0), (10.0, 137.0), (57.0, 139.0), (-22.0, 81.0), (76.0, 80.0), (-9.0, 11.0), (76.0, 13.0), (0, 0), (70.0, 3.0), (-28.0, -17.0), (84.0, -17.0)]
[(31.0, 275.0), (22.0, 282.0), (38.0, 281.0), (-6.0, 244.0), (63.0, 246.0), (10.0, 147.0), (57.0, 149.0), (-20.0, 87.0), (74.0, 88.0), (-9.0, 13.0), (76.0, 15.0), (0, 0), (70.0, 5.0), (-29.0, -15.0), (84.0, -14.0)]
[(31.0, 286.0), (22.0, 292.0), (38.0, 293.0), (-5.0, 250.0), (64.0, 252.0), (11.0, 151.0), (58.0, 153.0), (-18.0, 90.0), (73.0, 91.0), (-9.0, 13.0), (76.0, 16.0), (0, 0), (71.0, 6.0), (-30.0, -14.0), (84.0, -14.0)]
[(31.0, 293.0), (22.0, 300.0), (38.0, 300.0), (-5.0, 258.0), (65.0, 260.0), (11.0, 156.0), (58.0, 158.0), (-15.0, 92.0), (72.0, 93.0), (-9.0, 13.0), (76.0, 17.0), (0, 0), (71.0, 7.0), (-31.0, -13.0), (84.0, -13.0)]
[(31.0, 302.0), (23.0, 309.0), (38.0, 310.0), (-5.0, 267.0), (66.0, 268.0), (11.0, 162.0), (59.0, 163.0), (-12.0, 95.0), (71.0, 92.0), (-9.0, 13.0), (76.0, 17.0), (0, 0), (71.0, 8.0), (-31.0, -13.0), (84.0, -13.0)]
[(31.0, 310.0), (24.0, 318.0), (38.0, 319.0), (-5.0, 277.0), (68.0, 275.0), (10.0, 167.0), (59.0, 167.0), (-11.0, 95.0), (71.0, 92.0), (-9.0, 13.0), (76.0, 17.0), (0, 0), (72.0, 10.0), (-31.0, -13.0), (83.0, -12.0)]
[(32.0, 321.0), (25.0, 329.0), (39.0, 329.0), (-5.0, 283.0), (69.0, 283.0), (10.0, 171.0), (59.0, 171.0), (-10.0, 94.0), (72.0, 91.0), (-9.0, 13.0), (76.0, 17.0), (0, 0), (71.0, 10.0), (-31.0, -14.0), (83.0, -13.0)]
[(34.0, 354.0), (26.0, 362.0), (41.0, 362.0), (-8.0, 305.0), (73.0, 307.0), (10.0, 186.0), (60.0, 186.0), (-6.0, 95.0), (73.0, 93.0), (-8.0, 13.0), (77.0, 17.0), (0, 0), (73.0, 10.0), (-30.0, -15.0), (84.0, -13.0)]