[(43.0, 360.0), (34.0, 369.0), (51.0, 369.0), (-4.0, 314.0), (86.0, 312.0), (14.0, 190.0), (67.0, 190.0), (-9.0, 102.0), (100.0, 102.0), (-8.0, 11.0), (98.0, 11.0), (0, 0), (90.0, -1.0), (-32.0, -20.0), (120.0, -18.0)]
[(43.0, 389.0), (34.0, 398.0), (51.0, 398.0), (-4.0, 338.0), (86.0, 333.0), (14.0, 205.0), (67.0, 204.0), (-3.0, 104.0), (90.0, 106.0), (-8.0, 12.0), (98.0, 13.0), (0, 0), (91.0, 1.0), (-34.0, -19.0), (120.0, -16.0)]
[(43.0, 396.0), (34.0, 405.0), (51.0, 404.0), (-4.0, 343.0), (86.0, 339.0), (14.0, 207.0), (68.0, 207.0), (1.0, 106.0), (86.0, 109.0), (-8.0, 12.0), (97.0, 13.0), (0, 0), (91.0, 2.0), (-34.0, -19.0), (119.0, -16.0)]
[(42.0, 398.0), (33.0, 407.0), (51.0, 407.0), (-4.0, 344.0), (86.0, 342.0), (14.0, 209.0), (68.0, 209.0), (4.0, 107.0), (84.0, 110.0), (-8.0, 12.0), (97.0, 13.0), (0, 0), (91.0, 2.0), (-35.0, -19.0), (119.0, -16.0)]
[(42.0, 398.0), (33.0, 407.0), (51.0, 407.0), (-4.0, 344.0), (86.0, 344.0), (15.0, 211.0), (68.0, 211.0), (4.0, 109.0), (82.0, 112.0), (-8.0, 12.0), (96.0, 13.0), (0, 0), (91.0, 2.0), (-35.0, -20.0), (118.0, -16.0)]
[(42.0, 398.0), (33.0, 407.0), (51.0, 406.0), (-4.0, 344.0), (86.0, 344.0), (17.0, 210.0), (68.0, 212.0), (6.0, 108.0), (82.0, 110.0), (-7.0, 12.0), (96.0, 12.0), (0, 0), (91.0, 1.0), (-36.0, -21.0), (117.0, -17.0)]
[(42.0, 398.0), (33.0, 407.0), (51.0, 406.0), (-4.0, 344.0), (86.0, 344.0), (18.0, 211.0), (68.0, 212.0), (6.0, 108.0), (82.0, 110.0), (-7.0, 12.0), (96.0, 12.0), (0, 0), (91.0, 1.0), (-35.0, -22.0), (117.0, -17.0)]
[(42.0, 400.0), (33.0, 409.0), (51.0, 408.0), (-4.0, 345.0), (86.0, 345.0), (18.0, 212.0), (68.0, 213.0), (6.0, 109.0), (82.0, 110.0), (-7.0, 13.0), (96.0, 13.0), (0, 0), (91.0, 2.0), (-35.0, -21.0), (117.0, -16.0)]
[(42.0, 400.0), (33.0, 409.0), (51.0, 408.0), (-3.0, 346.0), (85.0, 344.0), (18.0, 212.0), (68.0, 213.0), (6.0, 108.0), (82.0, 110.0), (-7.0, 13.0), (96.0, 13.0), (0, 0), (91.0, 2.0), (-35.0, -21.0), (117.0, -17.0)]
[(43.0, 401.0), (34.0, 409.0), (52.0, 409.0), (-2.0, 346.0), (86.0, 344.0), (19.0, 212.0), (69.0, 213.0), (6.0, 108.0), (83.0, 110.0), (-6.0, 13.0), (96.0, 13.0), (0, 0), (92.0, 2.0), (-34.0, -21.0), (118.0, -17.0)]
[(43.0, 401.0), (34.0, 409.0), (52.0, 409.0), (-2.0, 345.0), (86.0, 344.0), (19.0, 212.0), (69.0, 213.0), (6.0, 109.0), (82.0, 110.0), (-6.0, 14.0), (96.0, 13.0), (0, 0), (92.0, 2.0), (-33.0, -21.0), (118.0, -17.0)]
[(42.0, 398.0), (33.0, 407.0), (51.0, 406.0), (-3.0, 344.0), (86.0, 342.0), (18.0, 211.0), (68.0, 212.0), (5.0, 109.0), (82.0, 109.0), (-7.0, 14.0), (95.0, 13.0), (0, 0), (91.0, 2.0), (-34.0, -21.0), (117.0, -17.0)]
[(42.0, 396.0), (33.0, 404.0), (51.0, 404.0), (-3.0, 343.0), (87.0, 340.0), (18.0, 210.0), (68.0, 211.0), (2.0, 108.0), (82.0, 109.0), (-7.0, 14.0), (95.0, 13.0), (0, 0), (91.0, 2.0), (-35.0, -21.0), (117.0, -17.0)]
[(42.0, 396.0), (34.0, 404.0), (51.0, 404.0), (-3.0, 344.0), (87.0, 340.0), (18.0, 210.0), (68.0, 212.0), (1.0, 109.0), (82.0, 110.0), (-7.0, 15.0), (95.0, 14.0), (0, 0), (91.0, 3.0), (-35.0, -20.0), (117.0, -16.0)]
[(44.0, 387.0), (35.0, 396.0), (52.0, 395.0), (-3.0, 337.0), (89.0, 332.0), (17.0, 201.0), (68.0, 203.0), (-3.0, 109.0), (89.0, 110.0), (-7.0, 15.0), (95.0, 14.0), (0, 0), (91.0, 3.0), (-35.0, -20.0), (117.0, -16.0)]
[(46.0, 371.0), (36.0, 380.0), (54.0, 380.0), (-3.0, 324.0), (89.0, 323.0), (16.0, 193.0), (68.0, 194.0), (-6.0, 108.0), (96.0, 110.0), (-7.0, 15.0), (96.0, 14.0), (0, 0), (91.0, 3.0), (-35.0, -20.0), (118.0, -15.0)]
[(47.0, 359.0), (36.0, 367.0), (54.0, 367.0), (-3.0, 310.0), (89.0, 309.0), (16.0, 187.0), (68.0, 188.0), (-8.0, 103.0), (100.0, 108.0), (-7.0, 14.0), (97.0, 13.0), (0, 0), (91.0, 2.0), (-35.0, -21.0), (118.0, -16.0)]
[(48.0, 355.0), (38.0, 364.0), (55.0, 364.0), (-3.0, 308.0), (90.0, 307.0), (16.0, 186.0), (68.0, 187.0), (-9.0, 101.0), (102.0, 107.0), (-7.0, 14.0), (98.0, 13.0), (0, 0), (91.0, 1.0), (-35.0, -21.0), (119.0, -16.0)]
[(47.0, 327.0), (37.0, 337.0), (54.0, 335.0), (-1.0, 285.0), (89.0, 282.0), (15.0, 172.0), (68.0, 172.0), (-14.0, 95.0), (108.0, 99.0), (-7.0, 13.0), (98.0, 12.0), (0, 0), (91.0, 0.0), (-34.0, -22.0), (119.0, -17.0)]
[(47.0, 308.0), (38.0, 317.0), (54.0, 316.0), (-0.0, 271.0), (89.0, 266.0), (14.0, 159.0), (67.0, 159.0), (-18.0, 92.0), (109.0, 95.0), (-7.0, 12.0), (98.0, 12.0), (0, 0), (91.0, -1.0), (-33.0, -23.0), (122.0, -17.0)]
[(45.0, 289.0), (36.0, 298.0), (52.0, 298.0), (-0.0, 256.0), (88.0, 252.0), (13.0, 147.0), (66.0, 148.0), (-21.0, 91.0), (109.0, 91.0), (-8.0, 12.0), (97.0, 11.0), (0, 0), (90.0, -1.0), (-34.0, -22.0), (121.0, -17.0)]
[(44.0, 285.0), (36.0, 295.0), (51.0, 294.0), (1.0, 256.0), (86.0, 250.0), (12.0, 147.0), (64.0, 147.0), (-23.0, 91.0), (109.0, 91.0), (-8.0, 12.0), (97.0, 11.0), (0, 0), (89.0, -1.0), (-33.0, -22.0), (121.0, -17.0)]
[(43.0, 271.0), (36.0, 279.0), (51.0, 278.0), (1.0, 243.0), (83.0, 239.0), (12.0, 138.0), (64.0, 139.0), (-24.0, 89.0), (111.0, 91.0), (-8.0, 12.0), (97.0, 10.0), (0, 0), (89.0, -1.0), (-32.0, -21.0), (121.0, -17.0)]
[(43.0, 268.0), (36.0, 277.0), (51.0, 276.0), (1.0, 239.0), (82.0, 235.0), (12.0, 134.0), (63.0, 136.0), (-25.0, 86.0), (111.0, 89.0), (-8.0, 11.0), (97.0, 8.0), (0, 0), (89.0, -3.0), (-31.0, -21.0), (121.0, -19.0)]
[(41.0, 256.0), (34.0, 264.0), (50.0, 264.0), (1.0, 229.0), (81.0, 225.0), (12.0, 128.0), (62.0, 129.0), (-27.0, 87.0), (112.0, 89.0), (-10.0, 11.0), (96.0, 9.0), (0, 0), (88.0, -2.0), (-32.0, -20.0), (120.0, -18.0)]
[(41.0, 232.0), (34.0, 240.0), (50.0, 240.0), (1.0, 207.0), (81.0, 207.0), (17.0, 114.0), (64.0, 115.0), (-28.0, 88.0), (113.0, 91.0), (-10.0, 11.0), (96.0, 10.0), (0, 0), (88.0, -2.0), (-32.0, -20.0), (119.0, -17.0)]
[(42.0, 220.0), (34.0, 229.0), (50.0, 229.0), (1.0, 201.0), (81.0, 200.0), (18.0, 106.0), (64.0, 107.0), (-29.0, 88.0), (115.0, 91.0), (-10.0, 11.0), (96.0, 10.0), (0, 0), (87.0, -2.0), (-31.0, -20.0), (119.0, -17.0)]
[(42.0, 223.0), (34.0, 232.0), (50.0, 231.0), (1.0, 199.0), (80.0, 199.0), (19.0, 102.0), (65.0, 103.0), (-30.0, 88.0), (115.0, 91.0), (-10.0, 11.0), (96.0, 10.0), (0, 0), (87.0, -2.0), (-31.0, -20.0), (119.0, -17.0)]
[(41.0, 208.0), (34.0, 218.0), (50.0, 218.0), (-0.0, 192.0), (80.0, 188.0), (20.0, 95.0), (65.0, 95.0), (-31.0, 87.0), (115.0, 93.0), (-10.0, 11.0), (96.0, 10.0), (0, 0), (87.0, -2.0), (-31.0, -20.0), (119.0, -16.0)]
[(40.0, 209.0), (33.0, 219.0), (49.0, 219.0), (-0.0, 190.0), (80.0, 188.0), (20.0, 93.0), (65.0, 93.0), (-33.0, 87.0), (116.0, 93.0), (-10.0, 11.0), (96.0, 12.0), (0, 0), (87.0, 0.0), (-31.0, -20.0), (118.0, -16.0)]
[(39.0, 208.0), (32.0, 217.0), (48.0, 218.0), (-0.0, 190.0), (80.0, 188.0), (19.0, 94.0), (65.0, 94.0), (-34.0, 87.0), (117.0, 93.0), (-10.0, 11.0), (96.0, 12.0), (0, 0), (87.0, 0.0), (-31.0, -20.0), (118.0, -17.0)]
[(39.0, 210.0), (32.0, 218.0), (47.0, 218.0), (-0.0, 193.0), (79.0, 189.0), (19.0, 95.0), (65.0, 95.0), (-33.0, 87.0), (116.0, 94.0), (-10.0, 11.0), (96.0, 12.0), (0, 0), (87.0, -1.0), (-31.0, -20.0), (119.0, -17.0)]
[(39.0, 220.0), (32.0, 228.0), (47.0, 229.0), (-0.0, 201.0), (79.0, 198.0), (19.0, 98.0), (65.0, 100.0), (-33.0, 87.0), (116.0, 93.0), (-10.0, 11.0), (96.0, 12.0), (0, 0), (87.0, 0.0), (-32.0, -20.0), (119.0, -17.0)]
[(39.0, 227.0), (32.0, 235.0), (47.0, 235.0), (-0.0, 206.0), (77.0, 209.0), (18.0, 116.0), (63.0, 119.0), (-31.0, 88.0), (114.0, 92.0), (-10.0, 11.0), (96.0, 12.0), (0, 0), (87.0, -1.0), (-32.0, -20.0), (119.0, -17.0)]
[(39.0, 233.0), (32.0, 239.0), (47.0, 240.0), (-0.0, 210.0), (76.0, 213.0), (17.0, 121.0), (63.0, 124.0), (-30.0, 87.0), (114.0, 92.0), (-10.0, 11.0), (96.0, 12.0), (0, 0), (87.0, -1.0), (-32.0, -20.0), (119.0, -16.0)]
[(39.0, 249.0), (31.0, 256.0), (46.0, 257.0), (-0.0, 219.0), (75.0, 220.0), (15.0, 127.0), (63.0, 129.0), (-29.0, 87.0), (113.0, 92.0), (-10.0, 11.0), (97.0, 12.0), (0, 0), (88.0, -1.0), (-31.0, -20.0), (119.0, -16.0)]
[(39.0, 286.0), (31.0, 295.0), (47.0, 295.0), (1.0, 252.0), (77.0, 251.0), (14.0, 150.0), (64.0, 152.0), (-24.0, 90.0), (112.0, 92.0), (-9.0, 11.0), (98.0, 11.0), (0, 0), (89.0, -2.0), (-30.0, -20.0), (120.0, -16.0)]
[(39.0, 288.0), (31.0, 296.0), (47.0, 296.0), (1.0, 255.0), (77.0, 256.0), (12.0, 153.0), (63.0, 154.0), (-23.0, 91.0), (111.0, 92.0), (-9.0, 12.0), (98.0, 11.0), (0, 0), (89.0, -2.0), (-30.0, -19.0), (121.0, -16.0)]
[(39.0, 309.0), (31.0, 317.0), (46.0, 317.0), (1.0, 273.0), (77.0, 272.0), (12.0, 163.0), (63.0, 164.0), (-20.0, 97.0), (107.0, 94.0), (-9.0, 12.0), (98.0, 11.0), (0, 0), (89.0, -2.0), (-30.0, -18.0), (121.0, -16.0)]
[(39.0, 353.0), (31.0, 362.0), (46.0, 361.0), (-2.0, 307.0), (79.0, 307.0), (12.0, 188.0), (63.0, 188.0), (-15.0, 101.0), (101.0, 101.0), (-9.0, 12.0), (98.0, 11.0), (0, 0), (89.0, -1.0), (-30.0, -18.0), (121.0, -16.0)]
[(39.0, 368.0), (31.0, 376.0), (46.0, 376.0), (-3.0, 323.0), (81.0, 323.0), (13.0, 197.0), (64.0, 196.0), (-10.0, 105.0), (97.0, 104.0), (-9.0, 12.0), (98.0, 11.0), (0, 0), (89.0, 0.0), (-31.0, -19.0), (120.0, -16.0)]