[(33.0, 360.0), (25.0, 369.0), (41.0, 368.0), (-12.0, 324.0), (74.0, 317.0), (10.0, 198.0), (60.0, 198.0), (-9.0, 102.0), (86.0, 107.0), (-8.0, 12.0), (86.0, 12.0), (0, 0), (80.0, 0.0), (-29.0, -19.0), (108.0, -15.0)]
[(33.0, 378.0), (25.0, 388.0), (41.0, 387.0), (-13.0, 336.0), (75.0, 330.0), (10.0, 206.0), (60.0, 206.0), (-6.0, 103.0), (83.0, 108.0), (-8.0, 11.0), (86.0, 11.0), (0, 0), (80.0, 0.0), (-29.0, -20.0), (108.0, -16.0)]
[(33.0, 397.0), (25.0, 407.0), (41.0, 406.0), (-13.0, 346.0), (76.0, 342.0), (11.0, 212.0), (61.0, 213.0), (-0.0, 109.0), (78.0, 110.0), (-8.0, 11.0), (86.0, 11.0), (0, 0), (80.0, 0.0), (-30.0, -20.0), (108.0, -16.0)]
[(33.0, 400.0), (24.0, 410.0), (41.0, 410.0), (-13.0, 346.0), (76.0, 344.0), (11.0, 212.0), (61.0, 213.0), (2.0, 109.0), (75.0, 110.0), (-7.0, 12.0), (86.0, 11.0), (0, 0), (80.0, 0.0), (-31.0, -20.0), (108.0, -16.0)]
[(33.0, 400.0), (24.0, 410.0), (41.0, 409.0), (-13.0, 346.0), (76.0, 345.0), (12.0, 213.0), (61.0, 215.0), (2.0, 110.0), (74.0, 111.0), (-7.0, 12.0), (86.0, 12.0), (0, 0), (80.0, 0.0), (-31.0, -20.0), (108.0, -16.0)]
[(33.0, 401.0), (24.0, 411.0), (42.0, 410.0), (-13.0, 346.0), (77.0, 346.0), (12.0, 212.0), (61.0, 215.0), (3.0, 110.0), (72.0, 111.0), (-7.0, 13.0), (86.0, 13.0), (0, 0), (80.0, 2.0), (-31.0, -21.0), (108.0, -16.0)]
[(34.0, 404.0), (25.0, 413.0), (43.0, 412.0), (-13.0, 348.0), (77.0, 349.0), (13.0, 212.0), (61.0, 215.0), (3.0, 109.0), (73.0, 110.0), (-7.0, 13.0), (86.0, 14.0), (0, 0), (80.0, 2.0), (-31.0, -21.0), (108.0, -15.0)]
[(33.0, 403.0), (24.0, 412.0), (42.0, 411.0), (-14.0, 349.0), (76.0, 349.0), (12.0, 212.0), (60.0, 215.0), (2.0, 110.0), (71.0, 111.0), (-7.0, 14.0), (85.0, 14.0), (0, 0), (79.0, 3.0), (-32.0, -21.0), (106.0, -15.0)]
[(33.0, 403.0), (24.0, 412.0), (42.0, 411.0), (-14.0, 348.0), (76.0, 350.0), (12.0, 212.0), (60.0, 215.0), (2.0, 110.0), (71.0, 111.0), (-7.0, 14.0), (85.0, 15.0), (0, 0), (79.0, 3.0), (-32.0, -21.0), (106.0, -15.0)]
[(34.0, 401.0), (24.0, 410.0), (42.0, 409.0), (-14.0, 347.0), (76.0, 346.0), (12.0, 211.0), (60.0, 213.0), (2.0, 109.0), (71.0, 109.0), (-7.0, 13.0), (85.0, 14.0), (0, 0), (79.0, 2.0), (-32.0, -22.0), (106.0, -16.0)]
[(34.0, 399.0), (24.0, 408.0), (43.0, 407.0), (-14.0, 346.0), (77.0, 344.0), (12.0, 210.0), (60.0, 211.0), (1.0, 109.0), (71.0, 109.0), (-7.0, 13.0), (85.0, 14.0), (0, 0), (79.0, 2.0), (-32.0, -22.0), (106.0, -16.0)]
[(35.0, 396.0), (26.0, 405.0), (44.0, 404.0), (-14.0, 344.0), (79.0, 341.0), (12.0, 209.0), (60.0, 210.0), (1.0, 109.0), (72.0, 109.0), (-7.0, 13.0), (85.0, 14.0), (0, 0), (79.0, 2.0), (-32.0, -22.0), (106.0, -17.0)]
[(36.0, 395.0), (26.0, 404.0), (44.0, 403.0), (-14.0, 343.0), (79.0, 340.0), (11.0, 209.0), (60.0, 210.0), (-0.0, 109.0), (73.0, 108.0), (-7.0, 13.0), (85.0, 14.0), (0, 0), (79.0, 2.0), (-32.0, -22.0), (106.0, -17.0)]
[(37.0, 394.0), (28.0, 402.0), (45.0, 402.0), (-12.0, 342.0), (81.0, 340.0), (12.0, 209.0), (62.0, 209.0), (-1.0, 107.0), (77.0, 107.0), (-6.0, 13.0), (86.0, 14.0), (0, 0), (80.0, 2.0), (-31.0, -22.0), (107.0, -17.0)]
[(37.0, 393.0), (28.0, 401.0), (45.0, 401.0), (-12.0, 341.0), (82.0, 339.0), (12.0, 208.0), (63.0, 209.0), (-2.0, 106.0), (79.0, 106.0), (-6.0, 13.0), (86.0, 14.0), (0, 0), (80.0, 2.0), (-31.0, -22.0), (107.0, -17.0)]
[(36.0, 365.0), (27.0, 374.0), (45.0, 373.0), (-13.0, 327.0), (81.0, 320.0), (11.0, 195.0), (62.0, 197.0), (-9.0, 104.0), (87.0, 104.0), (-7.0, 13.0), (86.0, 14.0), (0, 0), (79.0, 1.0), (-33.0, -22.0), (106.0, -17.0)]
[(37.0, 345.0), (29.0, 355.0), (45.0, 352.0), (-12.0, 313.0), (81.0, 305.0), (11.0, 187.0), (62.0, 191.0), (-13.0, 101.0), (91.0, 104.0), (-8.0, 13.0), (86.0, 13.0), (0, 0), (79.0, 1.0), (-33.0, -22.0), (107.0, -17.0)]
[(40.0, 345.0), (31.0, 354.0), (47.0, 353.0), (-10.0, 309.0), (82.0, 302.0), (12.0, 184.0), (63.0, 188.0), (-12.0, 101.0), (92.0, 104.0), (-7.0, 13.0), (87.0, 13.0), (0, 0), (80.0, 1.0), (-32.0, -22.0), (108.0, -17.0)]
[(38.0, 329.0), (30.0, 338.0), (46.0, 337.0), (-10.0, 296.0), (81.0, 289.0), (12.0, 171.0), (63.0, 175.0), (-15.0, 100.0), (94.0, 104.0), (-8.0, 12.0), (86.0, 12.0), (0, 0), (78.0, 0.0), (-33.0, -22.0), (107.0, -18.0)]
[(38.0, 288.0), (30.0, 298.0), (46.0, 298.0), (-6.0, 265.0), (81.0, 263.0), (13.0, 153.0), (64.0, 154.0), (-19.0, 93.0), (100.0, 99.0), (-8.0, 11.0), (85.0, 11.0), (0, 0), (77.0, 0.0), (-33.0, -22.0), (107.0, -18.0)]
[(39.0, 272.0), (30.0, 282.0), (47.0, 282.0), (-3.0, 249.0), (81.0, 247.0), (15.0, 143.0), (65.0, 143.0), (-21.0, 91.0), (103.0, 93.0), (-8.0, 11.0), (86.0, 11.0), (0, 0), (77.0, 0.0), (-33.0, -21.0), (107.0, -17.0)]
[(39.0, 270.0), (30.0, 280.0), (47.0, 279.0), (-3.0, 249.0), (81.0, 246.0), (15.0, 142.0), (66.0, 144.0), (-21.0, 91.0), (104.0, 92.0), (-8.0, 10.0), (86.0, 11.0), (0, 0), (78.0, 0.0), (-33.0, -21.0), (107.0, -17.0)]
[(40.0, 257.0), (31.0, 267.0), (48.0, 266.0), (-2.0, 237.0), (81.0, 234.0), (16.0, 135.0), (67.0, 137.0), (-22.0, 89.0), (106.0, 90.0), (-8.0, 10.0), (87.0, 11.0), (0, 0), (79.0, -1.0), (-32.0, -20.0), (108.0, -17.0)]
[(40.0, 257.0), (31.0, 266.0), (48.0, 265.0), (-2.0, 234.0), (81.0, 232.0), (16.0, 133.0), (67.0, 134.0), (-23.0, 89.0), (106.0, 91.0), (-9.0, 10.0), (87.0, 11.0), (0, 0), (79.0, -2.0), (-32.0, -20.0), (108.0, -17.0)]
[(41.0, 246.0), (32.0, 255.0), (49.0, 254.0), (-1.0, 222.0), (82.0, 222.0), (18.0, 125.0), (68.0, 126.0), (-23.0, 89.0), (108.0, 93.0), (-8.0, 10.0), (88.0, 12.0), (0, 0), (80.0, -1.0), (-31.0, -19.0), (109.0, -16.0)]
[(41.0, 226.0), (32.0, 234.0), (49.0, 234.0), (-1.0, 203.0), (82.0, 202.0), (18.0, 111.0), (68.0, 111.0), (-27.0, 90.0), (109.0, 95.0), (-8.0, 12.0), (88.0, 13.0), (0, 0), (79.0, 1.0), (-30.0, -17.0), (108.0, -14.0)]
[(41.0, 216.0), (32.0, 225.0), (49.0, 226.0), (-2.0, 195.0), (81.0, 194.0), (17.0, 101.0), (66.0, 101.0), (-28.0, 90.0), (109.0, 95.0), (-9.0, 11.0), (87.0, 13.0), (0, 0), (79.0, 1.0), (-30.0, -17.0), (107.0, -13.0)]
[(41.0, 217.0), (31.0, 226.0), (49.0, 227.0), (-1.0, 194.0), (81.0, 193.0), (18.0, 99.0), (66.0, 98.0), (-29.0, 90.0), (109.0, 95.0), (-9.0, 11.0), (87.0, 13.0), (0, 0), (79.0, 1.0), (-30.0, -17.0), (107.0, -13.0)]
[(40.0, 212.0), (31.0, 222.0), (49.0, 222.0), (-1.0, 191.0), (81.0, 190.0), (18.0, 96.0), (66.0, 94.0), (-30.0, 89.0), (110.0, 96.0), (-9.0, 11.0), (87.0, 13.0), (0, 0), (78.0, 1.0), (-30.0, -17.0), (106.0, -13.0)]
[(40.0, 212.0), (31.0, 222.0), (49.0, 222.0), (-1.0, 191.0), (80.0, 191.0), (18.0, 97.0), (66.0, 95.0), (-30.0, 90.0), (109.0, 97.0), (-9.0, 12.0), (87.0, 14.0), (0, 0), (79.0, 2.0), (-30.0, -16.0), (106.0, -13.0)]
[(40.0, 212.0), (31.0, 222.0), (49.0, 222.0), (-1.0, 192.0), (79.0, 192.0), (18.0, 97.0), (66.0, 96.0), (-30.0, 90.0), (109.0, 97.0), (-9.0, 12.0), (87.0, 14.0), (0, 0), (79.0, 3.0), (-30.0, -16.0), (107.0, -13.0)]
[(39.0, 222.0), (31.0, 231.0), (48.0, 232.0), (-1.0, 201.0), (79.0, 201.0), (17.0, 105.0), (65.0, 105.0), (-30.0, 90.0), (109.0, 96.0), (-9.0, 12.0), (87.0, 14.0), (0, 0), (79.0, 3.0), (-30.0, -17.0), (107.0, -14.0)]
[(39.0, 227.0), (30.0, 236.0), (46.0, 236.0), (-1.0, 204.0), (78.0, 205.0), (15.0, 113.0), (63.0, 115.0), (-29.0, 90.0), (109.0, 95.0), (-9.0, 12.0), (87.0, 14.0), (0, 0), (79.0, 3.0), (-30.0, -17.0), (108.0, -14.0)]
[(38.0, 229.0), (30.0, 239.0), (46.0, 238.0), (-1.0, 205.0), (77.0, 206.0), (14.0, 117.0), (63.0, 118.0), (-29.0, 89.0), (108.0, 95.0), (-9.0, 12.0), (87.0, 14.0), (0, 0), (79.0, 3.0), (-30.0, -17.0), (109.0, -14.0)]
[(38.0, 246.0), (30.0, 255.0), (45.0, 254.0), (-1.0, 224.0), (77.0, 222.0), (13.0, 128.0), (62.0, 131.0), (-27.0, 89.0), (107.0, 95.0), (-9.0, 13.0), (87.0, 14.0), (0, 0), (79.0, 3.0), (-30.0, -17.0), (109.0, -14.0)]
[(38.0, 285.0), (29.0, 292.0), (45.0, 293.0), (-2.0, 258.0), (76.0, 260.0), (12.0, 152.0), (62.0, 153.0), (-24.0, 91.0), (103.0, 94.0), (-9.0, 13.0), (88.0, 14.0), (0, 0), (79.0, 2.0), (-30.0, -18.0), (109.0, -14.0)]
[(38.0, 308.0), (30.0, 315.0), (46.0, 316.0), (-1.0, 279.0), (77.0, 273.0), (13.0, 162.0), (62.0, 163.0), (-20.0, 94.0), (100.0, 96.0), (-8.0, 12.0), (89.0, 13.0), (0, 0), (81.0, 1.0), (-29.0, -18.0), (110.0, -15.0)]
[(36.0, 308.0), (29.0, 316.0), (44.0, 316.0), (-1.0, 280.0), (77.0, 273.0), (13.0, 163.0), (62.0, 164.0), (-19.0, 95.0), (98.0, 95.0), (-8.0, 11.0), (89.0, 12.0), (0, 0), (81.0, 0.0), (-29.0, -19.0), (110.0, -16.0)]
[(36.0, 330.0), (29.0, 338.0), (44.0, 338.0), (-3.0, 301.0), (77.0, 292.0), (13.0, 176.0), (62.0, 175.0), (-18.0, 97.0), (95.0, 98.0), (-8.0, 11.0), (89.0, 13.0), (0, 0), (81.0, 0.0), (-29.0, -19.0), (110.0, -15.0)]
[(35.0, 330.0), (28.0, 339.0), (44.0, 339.0), (-3.0, 300.0), (77.0, 291.0), (12.0, 175.0), (62.0, 175.0), (-18.0, 97.0), (94.0, 98.0), (-8.0, 11.0), (88.0, 13.0), (0, 0), (81.0, 0.0), (-29.0, -19.0), (110.0, -15.0)]
[(34.0, 355.0), (27.0, 363.0), (42.0, 361.0), (-6.0, 318.0), (75.0, 309.0), (12.0, 187.0), (61.0, 189.0), (-15.0, 98.0), (90.0, 101.0), (-8.0, 12.0), (88.0, 13.0), (0, 0), (81.0, 0.0), (-30.0, -19.0), (110.0, -15.0)]
[(35.0, 385.0), (27.0, 395.0), (42.0, 393.0), (-10.0, 343.0), (75.0, 339.0), (11.0, 209.0), (60.0, 209.0), (-5.0, 103.0), (82.0, 108.0), (-8.0, 12.0), (88.0, 13.0), (0, 0), (81.0, 0.0), (-30.0, -19.0), (111.0, -16.0)]