[(35.0, 392.0), (27.0, 403.0), (42.0, 401.0), (-11.0, 346.0), (78.0, 343.0), (11.0, 210.0), (61.0, 211.0), (-0.0, 104.0), (81.0, 108.0), (-7.0, 12.0), (88.0, 12.0), (0, 0), (82.0, 0.0), (-30.0, -20.0), (111.0, -16.0)]
[(34.0, 394.0), (25.0, 404.0), (41.0, 403.0), (-12.0, 346.0), (77.0, 343.0), (10.0, 210.0), (60.0, 210.0), (-0.0, 107.0), (79.0, 109.0), (-8.0, 12.0), (87.0, 12.0), (0, 0), (80.0, 0.0), (-31.0, -21.0), (110.0, -16.0)]
[(33.0, 399.0), (24.0, 409.0), (41.0, 408.0), (-13.0, 346.0), (77.0, 346.0), (11.0, 212.0), (61.0, 214.0), (1.0, 109.0), (76.0, 109.0), (-7.0, 12.0), (87.0, 12.0), (0, 0), (80.0, 0.0), (-31.0, -21.0), (110.0, -17.0)]
[(33.0, 397.0), (24.0, 406.0), (41.0, 406.0), (-13.0, 347.0), (77.0, 347.0), (12.0, 212.0), (62.0, 214.0), (1.0, 110.0), (75.0, 109.0), (-7.0, 12.0), (87.0, 12.0), (0, 0), (80.0, 0.0), (-31.0, -21.0), (110.0, -17.0)]
[(33.0, 397.0), (24.0, 406.0), (41.0, 405.0), (-14.0, 346.0), (77.0, 345.0), (12.0, 212.0), (61.0, 214.0), (2.0, 109.0), (72.0, 110.0), (-7.0, 12.0), (87.0, 12.0), (0, 0), (80.0, 1.0), (-31.0, -22.0), (109.0, -16.0)]
[(32.0, 399.0), (23.0, 408.0), (41.0, 407.0), (-14.0, 346.0), (77.0, 347.0), (12.0, 212.0), (61.0, 214.0), (3.0, 109.0), (72.0, 110.0), (-7.0, 12.0), (86.0, 13.0), (0, 0), (80.0, 2.0), (-31.0, -22.0), (108.0, -16.0)]
[(32.0, 399.0), (23.0, 408.0), (40.0, 407.0), (-14.0, 347.0), (77.0, 348.0), (12.0, 211.0), (61.0, 214.0), (3.0, 109.0), (71.0, 110.0), (-6.0, 13.0), (86.0, 13.0), (0, 0), (80.0, 1.0), (-31.0, -22.0), (108.0, -16.0)]
[(31.0, 399.0), (23.0, 408.0), (40.0, 407.0), (-14.0, 347.0), (77.0, 349.0), (12.0, 211.0), (61.0, 214.0), (3.0, 109.0), (71.0, 110.0), (-6.0, 13.0), (86.0, 13.0), (0, 0), (80.0, 1.0), (-32.0, -22.0), (107.0, -16.0)]
[(31.0, 399.0), (23.0, 408.0), (40.0, 407.0), (-14.0, 348.0), (77.0, 349.0), (12.0, 211.0), (61.0, 214.0), (3.0, 109.0), (72.0, 109.0), (-6.0, 13.0), (86.0, 14.0), (0, 0), (80.0, 2.0), (-32.0, -22.0), (106.0, -16.0)]
[(31.0, 398.0), (23.0, 408.0), (40.0, 407.0), (-14.0, 347.0), (77.0, 348.0), (12.0, 211.0), (61.0, 213.0), (2.0, 109.0), (72.0, 109.0), (-6.0, 13.0), (86.0, 14.0), (0, 0), (79.0, 2.0), (-32.0, -22.0), (106.0, -16.0)]
[(32.0, 397.0), (23.0, 407.0), (41.0, 405.0), (-14.0, 346.0), (77.0, 346.0), (12.0, 209.0), (61.0, 211.0), (2.0, 108.0), (73.0, 108.0), (-6.0, 13.0), (86.0, 14.0), (0, 0), (79.0, 2.0), (-32.0, -22.0), (106.0, -16.0)]
[(32.0, 396.0), (23.0, 406.0), (41.0, 405.0), (-14.0, 346.0), (77.0, 345.0), (12.0, 209.0), (61.0, 211.0), (2.0, 108.0), (73.0, 108.0), (-6.0, 13.0), (86.0, 14.0), (0, 0), (80.0, 2.0), (-31.0, -22.0), (106.0, -16.0)]
[(35.0, 395.0), (25.0, 407.0), (43.0, 405.0), (-13.0, 346.0), (80.0, 341.0), (12.0, 206.0), (62.0, 207.0), (-2.0, 105.0), (77.0, 106.0), (-6.0, 14.0), (86.0, 14.0), (0, 0), (80.0, 2.0), (-31.0, -21.0), (106.0, -16.0)]
[(38.0, 375.0), (27.0, 386.0), (45.0, 385.0), (-13.0, 334.0), (81.0, 328.0), (12.0, 196.0), (63.0, 197.0), (-8.0, 100.0), (83.0, 103.0), (-6.0, 13.0), (86.0, 13.0), (0, 0), (79.0, 1.0), (-31.0, -22.0), (106.0, -16.0)]
[(40.0, 356.0), (29.0, 367.0), (47.0, 365.0), (-12.0, 322.0), (82.0, 314.0), (11.0, 188.0), (63.0, 189.0), (-10.0, 100.0), (88.0, 103.0), (-7.0, 13.0), (86.0, 13.0), (0, 0), (79.0, 1.0), (-32.0, -22.0), (106.0, -16.0)]
[(42.0, 353.0), (31.0, 364.0), (49.0, 362.0), (-12.0, 319.0), (82.0, 312.0), (11.0, 186.0), (63.0, 188.0), (-11.0, 99.0), (90.0, 102.0), (-7.0, 12.0), (86.0, 12.0), (0, 0), (79.0, 1.0), (-31.0, -22.0), (106.0, -16.0)]
[(42.0, 321.0), (32.0, 332.0), (48.0, 331.0), (-11.0, 293.0), (82.0, 284.0), (11.0, 170.0), (63.0, 172.0), (-14.0, 97.0), (95.0, 102.0), (-7.0, 12.0), (86.0, 12.0), (0, 0), (78.0, 1.0), (-32.0, -22.0), (106.0, -16.0)]
[(42.0, 294.0), (33.0, 306.0), (49.0, 305.0), (-9.0, 274.0), (82.0, 269.0), (12.0, 157.0), (65.0, 160.0), (-18.0, 96.0), (99.0, 101.0), (-7.0, 12.0), (86.0, 11.0), (0, 0), (78.0, 1.0), (-33.0, -21.0), (106.0, -16.0)]
[(42.0, 277.0), (33.0, 288.0), (49.0, 288.0), (-8.0, 258.0), (82.0, 255.0), (14.0, 148.0), (66.0, 150.0), (-23.0, 96.0), (101.0, 101.0), (-8.0, 12.0), (87.0, 12.0), (0, 0), (79.0, 2.0), (-32.0, -20.0), (106.0, -15.0)]
[(42.0, 280.0), (33.0, 291.0), (50.0, 290.0), (-8.0, 257.0), (82.0, 254.0), (15.0, 149.0), (67.0, 152.0), (-22.0, 96.0), (102.0, 98.0), (-8.0, 11.0), (87.0, 12.0), (0, 0), (80.0, 1.0), (-32.0, -20.0), (107.0, -15.0)]
[(41.0, 246.0), (33.0, 256.0), (49.0, 256.0), (-5.0, 228.0), (83.0, 224.0), (16.0, 131.0), (67.0, 131.0), (-24.0, 93.0), (103.0, 96.0), (-8.0, 11.0), (87.0, 12.0), (0, 0), (80.0, 1.0), (-32.0, -19.0), (107.0, -15.0)]
[(41.0, 231.0), (32.0, 241.0), (49.0, 241.0), (-4.0, 212.0), (84.0, 211.0), (16.0, 121.0), (67.0, 121.0), (-25.0, 92.0), (103.0, 95.0), (-8.0, 11.0), (87.0, 12.0), (0, 0), (80.0, 0.0), (-32.0, -19.0), (107.0, -15.0)]
[(41.0, 232.0), (32.0, 241.0), (49.0, 241.0), (-3.0, 211.0), (84.0, 211.0), (17.0, 118.0), (67.0, 117.0), (-26.0, 91.0), (104.0, 95.0), (-8.0, 11.0), (87.0, 12.0), (0, 0), (80.0, 0.0), (-30.0, -18.0), (106.0, -15.0)]
[(41.0, 222.0), (32.0, 232.0), (50.0, 232.0), (-3.0, 203.0), (84.0, 202.0), (17.0, 112.0), (67.0, 111.0), (-26.0, 92.0), (105.0, 97.0), (-8.0, 11.0), (88.0, 13.0), (0, 0), (80.0, 2.0), (-29.0, -16.0), (106.0, -13.0)]
[(41.0, 221.0), (32.0, 231.0), (49.0, 231.0), (-3.0, 202.0), (84.0, 200.0), (17.0, 111.0), (66.0, 108.0), (-26.0, 92.0), (104.0, 95.0), (-8.0, 11.0), (88.0, 13.0), (0, 0), (80.0, 2.0), (-29.0, -16.0), (106.0, -13.0)]
[(41.0, 214.0), (32.0, 224.0), (50.0, 223.0), (-2.0, 194.0), (83.0, 192.0), (18.0, 102.0), (66.0, 99.0), (-26.0, 91.0), (104.0, 94.0), (-8.0, 11.0), (88.0, 13.0), (0, 0), (80.0, 2.0), (-30.0, -17.0), (106.0, -13.0)]
[(41.0, 202.0), (32.0, 213.0), (50.0, 213.0), (-1.0, 185.0), (82.0, 185.0), (19.0, 93.0), (66.0, 90.0), (-28.0, 91.0), (106.0, 94.0), (-8.0, 11.0), (87.0, 13.0), (0, 0), (79.0, 2.0), (-29.0, -17.0), (106.0, -13.0)]
[(41.0, 202.0), (32.0, 212.0), (50.0, 211.0), (-1.0, 185.0), (82.0, 185.0), (19.0, 94.0), (66.0, 92.0), (-30.0, 92.0), (107.0, 95.0), (-8.0, 11.0), (87.0, 13.0), (0, 0), (79.0, 2.0), (-30.0, -17.0), (106.0, -14.0)]
[(41.0, 202.0), (32.0, 212.0), (50.0, 212.0), (-1.0, 185.0), (82.0, 185.0), (19.0, 94.0), (66.0, 91.0), (-30.0, 92.0), (108.0, 95.0), (-8.0, 11.0), (87.0, 13.0), (0, 0), (79.0, 2.0), (-30.0, -17.0), (106.0, -14.0)]
[(41.0, 206.0), (32.0, 215.0), (50.0, 215.0), (-2.0, 189.0), (82.0, 188.0), (18.0, 101.0), (65.0, 99.0), (-30.0, 92.0), (107.0, 95.0), (-8.0, 11.0), (87.0, 13.0), (0, 0), (79.0, 1.0), (-30.0, -17.0), (106.0, -14.0)]
[(39.0, 212.0), (31.0, 223.0), (47.0, 219.0), (-2.0, 191.0), (81.0, 193.0), (15.0, 112.0), (63.0, 111.0), (-29.0, 93.0), (107.0, 96.0), (-8.0, 12.0), (87.0, 14.0), (0, 0), (79.0, 2.0), (-30.0, -17.0), (107.0, -14.0)]
[(39.0, 215.0), (31.0, 228.0), (46.0, 222.0), (-2.0, 193.0), (81.0, 194.0), (14.0, 116.0), (63.0, 114.0), (-29.0, 93.0), (107.0, 96.0), (-8.0, 12.0), (87.0, 14.0), (0, 0), (79.0, 2.0), (-30.0, -17.0), (107.0, -14.0)]
[(39.0, 237.0), (31.0, 246.0), (46.0, 245.0), (-2.0, 216.0), (80.0, 215.0), (14.0, 128.0), (63.0, 128.0), (-28.0, 93.0), (107.0, 96.0), (-8.0, 13.0), (87.0, 14.0), (0, 0), (79.0, 2.0), (-30.0, -17.0), (108.0, -14.0)]
[(39.0, 256.0), (31.0, 265.0), (46.0, 266.0), (-2.0, 235.0), (79.0, 232.0), (13.0, 139.0), (63.0, 141.0), (-25.0, 92.0), (104.0, 95.0), (-8.0, 12.0), (87.0, 13.0), (0, 0), (79.0, 1.0), (-30.0, -18.0), (108.0, -14.0)]
[(39.0, 255.0), (31.0, 263.0), (46.0, 264.0), (-2.0, 234.0), (76.0, 231.0), (12.0, 139.0), (63.0, 140.0), (-23.0, 90.0), (102.0, 94.0), (-8.0, 11.0), (87.0, 10.0), (0, 0), (79.0, -1.0), (-30.0, -19.0), (109.0, -16.0)]
[(38.0, 294.0), (30.0, 302.0), (46.0, 304.0), (-2.0, 269.0), (77.0, 265.0), (12.0, 161.0), (62.0, 160.0), (-21.0, 94.0), (100.0, 97.0), (-8.0, 12.0), (87.0, 10.0), (0, 0), (79.0, -1.0), (-29.0, -19.0), (109.0, -16.0)]
[(38.0, 320.0), (30.0, 327.0), (46.0, 328.0), (-3.0, 289.0), (78.0, 280.0), (13.0, 170.0), (63.0, 169.0), (-16.0, 98.0), (97.0, 98.0), (-7.0, 11.0), (88.0, 10.0), (0, 0), (81.0, -2.0), (-27.0, -20.0), (110.0, -17.0)]
[(38.0, 342.0), (30.0, 351.0), (45.0, 350.0), (-6.0, 306.0), (78.0, 299.0), (13.0, 185.0), (63.0, 184.0), (-12.0, 98.0), (94.0, 101.0), (-7.0, 11.0), (88.0, 10.0), (0, 0), (81.0, -2.0), (-27.0, -20.0), (110.0, -17.0)]
[(37.0, 345.0), (29.0, 353.0), (45.0, 352.0), (-7.0, 309.0), (79.0, 300.0), (13.0, 190.0), (62.0, 189.0), (-11.0, 100.0), (92.0, 106.0), (-7.0, 12.0), (88.0, 12.0), (0, 0), (81.0, -1.0), (-27.0, -19.0), (110.0, -16.0)]
[(37.0, 364.0), (29.0, 373.0), (44.0, 371.0), (-10.0, 324.0), (79.0, 318.0), (13.0, 202.0), (62.0, 203.0), (-7.0, 103.0), (88.0, 109.0), (-7.0, 13.0), (88.0, 12.0), (0, 0), (81.0, -1.0), (-28.0, -19.0), (110.0, -16.0)]