[(36.0, 367.0), (28.0, 376.0), (44.0, 375.0), (-7.0, 325.0), (79.0, 321.0), (13.0, 200.0), (63.0, 201.0), (-8.0, 108.0), (91.0, 111.0), (-8.0, 12.0), (93.0, 14.0), (0, 0), (86.0, 2.0), (-27.0, -21.0), (116.0, -15.0)]
[(36.0, 382.0), (27.0, 390.0), (43.0, 390.0), (-9.0, 338.0), (78.0, 334.0), (12.0, 205.0), (63.0, 206.0), (-6.0, 109.0), (87.0, 110.0), (-8.0, 12.0), (92.0, 13.0), (0, 0), (85.0, 1.0), (-29.0, -20.0), (115.0, -15.0)]
[(36.0, 398.0), (27.0, 407.0), (43.0, 407.0), (-9.0, 347.0), (79.0, 345.0), (12.0, 210.0), (64.0, 211.0), (1.0, 109.0), (82.0, 109.0), (-7.0, 12.0), (91.0, 13.0), (0, 0), (85.0, 1.0), (-29.0, -20.0), (114.0, -16.0)]
[(35.0, 401.0), (26.0, 410.0), (42.0, 410.0), (-11.0, 346.0), (79.0, 345.0), (11.0, 211.0), (63.0, 211.0), (2.0, 109.0), (76.0, 110.0), (-8.0, 12.0), (90.0, 13.0), (0, 0), (84.0, 2.0), (-31.0, -20.0), (113.0, -16.0)]
[(35.0, 399.0), (25.0, 408.0), (42.0, 408.0), (-11.0, 345.0), (79.0, 344.0), (11.0, 211.0), (62.0, 210.0), (3.0, 108.0), (75.0, 109.0), (-7.0, 11.0), (90.0, 12.0), (0, 0), (84.0, 1.0), (-31.0, -21.0), (112.0, -17.0)]
[(34.0, 401.0), (25.0, 411.0), (43.0, 410.0), (-11.0, 345.0), (79.0, 344.0), (11.0, 211.0), (62.0, 211.0), (3.0, 108.0), (74.0, 109.0), (-7.0, 11.0), (90.0, 12.0), (0, 0), (84.0, 1.0), (-31.0, -21.0), (112.0, -17.0)]
[(34.0, 401.0), (25.0, 411.0), (43.0, 410.0), (-11.0, 345.0), (79.0, 345.0), (11.0, 210.0), (62.0, 210.0), (4.0, 107.0), (73.0, 109.0), (-7.0, 12.0), (90.0, 12.0), (0, 0), (84.0, 2.0), (-30.0, -21.0), (113.0, -17.0)]
[(34.0, 401.0), (25.0, 410.0), (43.0, 410.0), (-11.0, 345.0), (79.0, 345.0), (11.0, 210.0), (61.0, 210.0), (4.0, 107.0), (73.0, 109.0), (-7.0, 12.0), (89.0, 12.0), (0, 0), (84.0, 2.0), (-30.0, -22.0), (113.0, -17.0)]
[(34.0, 401.0), (25.0, 410.0), (43.0, 410.0), (-11.0, 344.0), (79.0, 345.0), (11.0, 210.0), (61.0, 209.0), (4.0, 107.0), (73.0, 108.0), (-7.0, 12.0), (89.0, 13.0), (0, 0), (84.0, 2.0), (-30.0, -22.0), (112.0, -17.0)]
[(35.0, 401.0), (26.0, 410.0), (44.0, 410.0), (-10.0, 344.0), (80.0, 346.0), (12.0, 210.0), (62.0, 209.0), (5.0, 106.0), (74.0, 108.0), (-6.0, 12.0), (90.0, 13.0), (0, 0), (85.0, 2.0), (-29.0, -22.0), (113.0, -17.0)]
[(35.0, 401.0), (26.0, 410.0), (44.0, 410.0), (-10.0, 345.0), (80.0, 345.0), (12.0, 210.0), (62.0, 209.0), (4.0, 107.0), (74.0, 108.0), (-6.0, 12.0), (90.0, 13.0), (0, 0), (85.0, 2.0), (-29.0, -22.0), (113.0, -17.0)]
[(35.0, 401.0), (26.0, 410.0), (44.0, 410.0), (-10.0, 345.0), (80.0, 345.0), (12.0, 210.0), (62.0, 209.0), (4.0, 107.0), (74.0, 108.0), (-6.0, 12.0), (90.0, 13.0), (0, 0), (85.0, 2.0), (-29.0, -22.0), (113.0, -17.0)]
[(35.0, 399.0), (26.0, 409.0), (44.0, 408.0), (-10.0, 344.0), (80.0, 343.0), (12.0, 210.0), (62.0, 210.0), (4.0, 107.0), (75.0, 108.0), (-6.0, 12.0), (90.0, 13.0), (0, 0), (85.0, 2.0), (-29.0, -22.0), (113.0, -17.0)]
[(35.0, 397.0), (25.0, 406.0), (44.0, 406.0), (-11.0, 344.0), (80.0, 342.0), (11.0, 209.0), (61.0, 209.0), (2.0, 107.0), (74.0, 108.0), (-7.0, 12.0), (89.0, 13.0), (0, 0), (84.0, 2.0), (-30.0, -22.0), (112.0, -17.0)]
[(37.0, 396.0), (27.0, 405.0), (45.0, 406.0), (-11.0, 343.0), (81.0, 341.0), (11.0, 208.0), (61.0, 207.0), (-2.0, 107.0), (78.0, 107.0), (-7.0, 12.0), (89.0, 13.0), (0, 0), (84.0, 2.0), (-30.0, -22.0), (112.0, -17.0)]
[(38.0, 372.0), (28.0, 381.0), (46.0, 381.0), (-11.0, 326.0), (81.0, 325.0), (11.0, 195.0), (63.0, 196.0), (-8.0, 107.0), (87.0, 104.0), (-7.0, 12.0), (89.0, 13.0), (0, 0), (84.0, 2.0), (-31.0, -22.0), (112.0, -17.0)]
[(39.0, 368.0), (29.0, 378.0), (47.0, 377.0), (-11.0, 323.0), (83.0, 321.0), (12.0, 192.0), (63.0, 193.0), (-11.0, 107.0), (89.0, 103.0), (-8.0, 12.0), (89.0, 13.0), (0, 0), (84.0, 2.0), (-31.0, -22.0), (112.0, -16.0)]
[(39.0, 354.0), (29.0, 364.0), (47.0, 363.0), (-10.0, 311.0), (82.0, 309.0), (12.0, 184.0), (64.0, 185.0), (-13.0, 107.0), (92.0, 103.0), (-8.0, 13.0), (90.0, 12.0), (0, 0), (84.0, 1.0), (-31.0, -22.0), (111.0, -16.0)]
[(41.0, 316.0), (33.0, 326.0), (48.0, 326.0), (-8.0, 279.0), (83.0, 278.0), (16.0, 164.0), (68.0, 164.0), (-20.0, 101.0), (99.0, 97.0), (-8.0, 12.0), (90.0, 12.0), (0, 0), (83.0, 1.0), (-32.0, -22.0), (111.0, -16.0)]
[(42.0, 300.0), (34.0, 309.0), (48.0, 309.0), (-4.0, 264.0), (84.0, 263.0), (17.0, 154.0), (68.0, 154.0), (-23.0, 99.0), (104.0, 94.0), (-8.0, 12.0), (91.0, 11.0), (0, 0), (84.0, 0.0), (-31.0, -21.0), (112.0, -16.0)]
[(42.0, 295.0), (34.0, 305.0), (49.0, 304.0), (-3.0, 262.0), (85.0, 259.0), (17.0, 153.0), (68.0, 153.0), (-23.0, 97.0), (105.0, 92.0), (-8.0, 12.0), (92.0, 11.0), (0, 0), (85.0, 0.0), (-31.0, -21.0), (113.0, -16.0)]
[(42.0, 279.0), (34.0, 288.0), (50.0, 287.0), (-1.0, 249.0), (84.0, 248.0), (17.0, 144.0), (67.0, 144.0), (-24.0, 93.0), (106.0, 91.0), (-8.0, 11.0), (93.0, 11.0), (0, 0), (85.0, 0.0), (-31.0, -20.0), (114.0, -16.0)]
[(43.0, 263.0), (35.0, 272.0), (50.0, 271.0), (-0.0, 236.0), (82.0, 231.0), (17.0, 136.0), (66.0, 137.0), (-25.0, 91.0), (106.0, 91.0), (-8.0, 11.0), (93.0, 11.0), (0, 0), (85.0, -1.0), (-31.0, -20.0), (115.0, -16.0)]
[(43.0, 260.0), (35.0, 270.0), (50.0, 269.0), (-0.0, 234.0), (80.0, 229.0), (16.0, 132.0), (64.0, 134.0), (-25.0, 89.0), (107.0, 91.0), (-9.0, 10.0), (93.0, 9.0), (0, 0), (85.0, -2.0), (-31.0, -21.0), (115.0, -17.0)]
[(43.0, 232.0), (35.0, 241.0), (50.0, 241.0), (-0.0, 211.0), (80.0, 207.0), (19.0, 116.0), (65.0, 116.0), (-26.0, 91.0), (108.0, 93.0), (-9.0, 11.0), (93.0, 10.0), (0, 0), (84.0, -1.0), (-31.0, -19.0), (115.0, -16.0)]
[(43.0, 220.0), (35.0, 229.0), (50.0, 228.0), (-0.0, 201.0), (80.0, 198.0), (18.0, 108.0), (65.0, 109.0), (-27.0, 91.0), (110.0, 93.0), (-9.0, 11.0), (93.0, 11.0), (0, 0), (84.0, -1.0), (-30.0, -19.0), (115.0, -16.0)]
[(41.0, 221.0), (34.0, 230.0), (49.0, 230.0), (1.0, 201.0), (79.0, 197.0), (19.0, 105.0), (65.0, 105.0), (-28.0, 91.0), (110.0, 93.0), (-9.0, 11.0), (93.0, 11.0), (0, 0), (84.0, -1.0), (-29.0, -20.0), (114.0, -16.0)]
[(41.0, 212.0), (34.0, 221.0), (49.0, 220.0), (1.0, 196.0), (79.0, 191.0), (19.0, 100.0), (65.0, 99.0), (-29.0, 91.0), (111.0, 93.0), (-9.0, 11.0), (93.0, 11.0), (0, 0), (84.0, -1.0), (-29.0, -19.0), (114.0, -16.0)]
[(41.0, 208.0), (33.0, 219.0), (49.0, 218.0), (1.0, 193.0), (78.0, 190.0), (19.0, 99.0), (65.0, 99.0), (-31.0, 92.0), (111.0, 94.0), (-9.0, 12.0), (93.0, 12.0), (0, 0), (83.0, 0.0), (-30.0, -18.0), (113.0, -15.0)]
[(40.0, 212.0), (33.0, 221.0), (49.0, 221.0), (1.0, 195.0), (77.0, 192.0), (19.0, 102.0), (65.0, 102.0), (-32.0, 92.0), (110.0, 94.0), (-9.0, 12.0), (92.0, 13.0), (0, 0), (83.0, 0.0), (-30.0, -19.0), (113.0, -15.0)]
[(39.0, 214.0), (32.0, 223.0), (48.0, 223.0), (1.0, 197.0), (77.0, 193.0), (19.0, 103.0), (65.0, 103.0), (-32.0, 93.0), (110.0, 95.0), (-9.0, 13.0), (92.0, 14.0), (0, 0), (83.0, 1.0), (-30.0, -18.0), (113.0, -14.0)]
[(39.0, 225.0), (32.0, 234.0), (48.0, 234.0), (1.0, 206.0), (76.0, 202.0), (18.0, 105.0), (65.0, 104.0), (-31.0, 93.0), (109.0, 95.0), (-10.0, 13.0), (92.0, 14.0), (0, 0), (83.0, 1.0), (-30.0, -18.0), (113.0, -14.0)]
[(39.0, 235.0), (31.0, 244.0), (47.0, 244.0), (-0.0, 216.0), (74.0, 215.0), (17.0, 123.0), (64.0, 126.0), (-30.0, 93.0), (108.0, 94.0), (-10.0, 13.0), (92.0, 14.0), (0, 0), (83.0, 1.0), (-31.0, -18.0), (114.0, -14.0)]
[(38.0, 239.0), (31.0, 247.0), (46.0, 247.0), (-0.0, 219.0), (73.0, 219.0), (16.0, 127.0), (64.0, 129.0), (-29.0, 93.0), (107.0, 94.0), (-10.0, 13.0), (92.0, 14.0), (0, 0), (83.0, 1.0), (-30.0, -18.0), (115.0, -14.0)]
[(38.0, 255.0), (30.0, 263.0), (45.0, 263.0), (-0.0, 233.0), (73.0, 228.0), (15.0, 136.0), (63.0, 138.0), (-27.0, 92.0), (106.0, 94.0), (-9.0, 12.0), (92.0, 13.0), (0, 0), (84.0, 0.0), (-29.0, -19.0), (115.0, -15.0)]
[(38.0, 274.0), (30.0, 283.0), (45.0, 283.0), (-1.0, 249.0), (73.0, 247.0), (15.0, 146.0), (63.0, 148.0), (-25.0, 93.0), (104.0, 95.0), (-9.0, 12.0), (92.0, 13.0), (0, 0), (84.0, 1.0), (-30.0, -18.0), (115.0, -14.0)]
[(38.0, 277.0), (30.0, 286.0), (45.0, 285.0), (-1.0, 250.0), (73.0, 248.0), (14.0, 148.0), (63.0, 149.0), (-24.0, 95.0), (103.0, 95.0), (-9.0, 12.0), (92.0, 13.0), (0, 0), (84.0, 1.0), (-29.0, -18.0), (115.0, -14.0)]
[(37.0, 319.0), (29.0, 328.0), (45.0, 326.0), (-1.0, 280.0), (75.0, 276.0), (14.0, 173.0), (63.0, 174.0), (-21.0, 96.0), (100.0, 98.0), (-9.0, 11.0), (92.0, 12.0), (0, 0), (84.0, 0.0), (-29.0, -19.0), (115.0, -15.0)]
[(38.0, 341.0), (30.0, 349.0), (46.0, 348.0), (-2.0, 298.0), (78.0, 298.0), (15.0, 183.0), (64.0, 183.0), (-18.0, 101.0), (99.0, 100.0), (-8.0, 11.0), (93.0, 12.0), (0, 0), (85.0, 1.0), (-28.0, -20.0), (116.0, -15.0)]
[(38.0, 345.0), (30.0, 353.0), (45.0, 353.0), (-4.0, 299.0), (78.0, 299.0), (14.0, 185.0), (63.0, 185.0), (-17.0, 101.0), (97.0, 103.0), (-8.0, 13.0), (93.0, 14.0), (0, 0), (86.0, 2.0), (-28.0, -19.0), (116.0, -14.0)]
[(38.0, 365.0), (30.0, 373.0), (45.0, 372.0), (-6.0, 315.0), (78.0, 315.0), (13.0, 196.0), (63.0, 195.0), (-13.0, 103.0), (94.0, 105.0), (-8.0, 13.0), (93.0, 15.0), (0, 0), (86.0, 2.0), (-28.0, -20.0), (116.0, -15.0)]