[(34.0, 344.0), (26.0, 352.0), (41.0, 352.0), (-7.0, 300.0), (74.0, 300.0), (8.0, 182.0), (57.0, 180.0), (-6.0, 98.0), (64.0, 97.0), (-8.0, 15.0), (65.0, 14.0), (0, 0), (59.0, 3.0), (-29.0, -12.0), (72.0, -13.0)]
[(35.0, 348.0), (27.0, 355.0), (42.0, 356.0), (-7.0, 305.0), (74.0, 303.0), (8.0, 182.0), (57.0, 181.0), (-5.0, 98.0), (64.0, 97.0), (-7.0, 16.0), (65.0, 14.0), (0, 0), (59.0, 4.0), (-29.0, -9.0), (72.0, -12.0)]
[(35.0, 351.0), (26.0, 359.0), (41.0, 359.0), (-8.0, 308.0), (73.0, 305.0), (7.0, 184.0), (55.0, 183.0), (-4.0, 98.0), (62.0, 100.0), (-7.0, 17.0), (63.0, 18.0), (0, 0), (57.0, 6.0), (-32.0, -8.0), (71.0, -10.0)]
[(35.0, 355.0), (26.0, 363.0), (42.0, 364.0), (-8.0, 311.0), (74.0, 307.0), (7.0, 186.0), (55.0, 185.0), (-3.0, 99.0), (61.0, 103.0), (-7.0, 17.0), (63.0, 19.0), (0, 0), (57.0, 7.0), (-34.0, -5.0), (72.0, -9.0)]
[(35.0, 358.0), (26.0, 366.0), (42.0, 366.0), (-7.0, 312.0), (75.0, 308.0), (8.0, 186.0), (55.0, 186.0), (-3.0, 99.0), (61.0, 104.0), (-7.0, 17.0), (64.0, 21.0), (0, 0), (57.0, 8.0), (-34.0, -5.0), (72.0, -8.0)]
[(35.0, 358.0), (27.0, 366.0), (43.0, 366.0), (-7.0, 312.0), (75.0, 308.0), (8.0, 187.0), (55.0, 186.0), (-2.0, 99.0), (61.0, 103.0), (-7.0, 17.0), (64.0, 20.0), (0, 0), (60.0, 7.0), (-35.0, -4.0), (73.0, -8.0)]
[(36.0, 358.0), (28.0, 366.0), (44.0, 366.0), (-6.0, 313.0), (76.0, 308.0), (8.0, 188.0), (55.0, 187.0), (-2.0, 99.0), (62.0, 102.0), (-8.0, 18.0), (65.0, 20.0), (0, 0), (61.0, 7.0), (-36.0, -3.0), (75.0, -6.0)]
[(37.0, 357.0), (29.0, 365.0), (45.0, 366.0), (-5.0, 313.0), (77.0, 308.0), (9.0, 188.0), (55.0, 187.0), (-1.0, 99.0), (63.0, 101.0), (-7.0, 18.0), (66.0, 20.0), (0, 0), (62.0, 6.0), (-35.0, -2.0), (78.0, -5.0)]
[(37.0, 354.0), (29.0, 363.0), (45.0, 363.0), (-5.0, 312.0), (76.0, 308.0), (8.0, 188.0), (54.0, 187.0), (-1.0, 100.0), (63.0, 101.0), (-7.0, 19.0), (66.0, 20.0), (0, 0), (62.0, 6.0), (-35.0, -0.0), (78.0, -5.0)]
[(37.0, 353.0), (29.0, 361.0), (45.0, 361.0), (-5.0, 311.0), (76.0, 306.0), (8.0, 188.0), (54.0, 186.0), (-1.0, 99.0), (63.0, 100.0), (-7.0, 19.0), (65.0, 19.0), (0, 0), (61.0, 6.0), (-31.0, 1.0), (78.0, -5.0)]
[(39.0, 352.0), (31.0, 360.0), (47.0, 359.0), (-4.0, 309.0), (77.0, 304.0), (9.0, 187.0), (55.0, 186.0), (-0.0, 99.0), (63.0, 99.0), (-6.0, 19.0), (66.0, 18.0), (0, 0), (62.0, 4.0), (-29.0, 1.0), (79.0, -7.0)]
[(39.0, 351.0), (31.0, 359.0), (46.0, 358.0), (-4.0, 308.0), (77.0, 304.0), (9.0, 186.0), (55.0, 185.0), (-1.0, 99.0), (63.0, 99.0), (-6.0, 19.0), (66.0, 18.0), (0, 0), (62.0, 4.0), (-28.0, 2.0), (79.0, -6.0)]
[(40.0, 348.0), (32.0, 356.0), (47.0, 356.0), (-2.0, 307.0), (78.0, 302.0), (11.0, 184.0), (56.0, 184.0), (-0.0, 98.0), (64.0, 98.0), (-6.0, 18.0), (67.0, 16.0), (0, 0), (63.0, 2.0), (-27.0, 1.0), (79.0, -9.0)]
[(41.0, 347.0), (34.0, 355.0), (49.0, 355.0), (-0.0, 306.0), (80.0, 301.0), (13.0, 184.0), (58.0, 184.0), (3.0, 98.0), (66.0, 98.0), (-4.0, 18.0), (68.0, 16.0), (0, 0), (63.0, 2.0), (-22.0, -4.0), (81.0, -9.0)]
[(42.0, 347.0), (35.0, 355.0), (50.0, 354.0), (1.0, 305.0), (81.0, 300.0), (14.0, 183.0), (59.0, 182.0), (4.0, 96.0), (67.0, 97.0), (-3.0, 18.0), (69.0, 15.0), (0, 0), (64.0, 2.0), (-21.0, -1.0), (80.0, -10.0)]
[(41.0, 347.0), (34.0, 355.0), (50.0, 354.0), (1.0, 304.0), (80.0, 299.0), (14.0, 182.0), (59.0, 182.0), (4.0, 96.0), (67.0, 97.0), (-3.0, 18.0), (69.0, 15.0), (0, 0), (64.0, 2.0), (-20.0, -0.0), (80.0, -10.0)]
[(41.0, 347.0), (34.0, 355.0), (50.0, 354.0), (-0.0, 304.0), (80.0, 299.0), (14.0, 182.0), (59.0, 182.0), (4.0, 96.0), (67.0, 96.0), (-3.0, 18.0), (69.0, 15.0), (0, 0), (64.0, 2.0), (-21.0, 1.0), (77.0, -10.0)]
[(41.0, 345.0), (34.0, 353.0), (50.0, 352.0), (-0.0, 302.0), (80.0, 297.0), (14.0, 180.0), (59.0, 180.0), (5.0, 94.0), (66.0, 94.0), (-3.0, 17.0), (68.0, 13.0), (0, 0), (64.0, 0.0), (-20.0, -1.0), (75.0, -13.0)]
[(40.0, 345.0), (34.0, 353.0), (49.0, 352.0), (-0.0, 302.0), (80.0, 297.0), (14.0, 180.0), (59.0, 180.0), (5.0, 94.0), (66.0, 94.0), (-3.0, 17.0), (68.0, 13.0), (0, 0), (64.0, 1.0), (-20.0, -1.0), (75.0, -13.0)]
[(41.0, 345.0), (35.0, 353.0), (50.0, 352.0), (1.0, 302.0), (80.0, 297.0), (16.0, 180.0), (60.0, 180.0), (6.0, 94.0), (67.0, 93.0), (-2.0, 17.0), (69.0, 13.0), (0, 0), (64.0, 1.0), (-17.0, -1.0), (76.0, -13.0)]
[(41.0, 344.0), (35.0, 352.0), (50.0, 351.0), (1.0, 301.0), (80.0, 296.0), (16.0, 179.0), (60.0, 179.0), (7.0, 93.0), (67.0, 92.0), (-2.0, 17.0), (69.0, 12.0), (0, 0), (64.0, -1.0), (-18.0, -1.0), (76.0, -15.0)]
[(41.0, 342.0), (35.0, 350.0), (50.0, 349.0), (1.0, 299.0), (80.0, 294.0), (16.0, 177.0), (61.0, 177.0), (7.0, 91.0), (67.0, 90.0), (-2.0, 16.0), (68.0, 9.0), (0, 0), (63.0, -3.0), (-13.0, -3.0), (76.0, -17.0)]
[(41.0, 342.0), (35.0, 350.0), (50.0, 349.0), (2.0, 299.0), (80.0, 294.0), (17.0, 177.0), (61.0, 177.0), (7.0, 91.0), (68.0, 89.0), (-2.0, 16.0), (68.0, 9.0), (0, 0), (62.0, -3.0), (-12.0, -4.0), (76.0, -18.0)]
[(40.0, 342.0), (34.0, 350.0), (49.0, 349.0), (1.0, 299.0), (79.0, 294.0), (17.0, 177.0), (60.0, 177.0), (7.0, 90.0), (67.0, 89.0), (-2.0, 16.0), (67.0, 9.0), (0, 0), (62.0, -3.0), (-14.0, -4.0), (74.0, -18.0)]
[(41.0, 343.0), (35.0, 351.0), (50.0, 350.0), (2.0, 300.0), (80.0, 295.0), (18.0, 178.0), (62.0, 178.0), (9.0, 91.0), (69.0, 90.0), (-1.0, 16.0), (68.0, 10.0), (0, 0), (62.0, -2.0), (-10.0, -4.0), (76.0, -18.0)]
[(40.0, 343.0), (34.0, 351.0), (49.0, 350.0), (1.0, 300.0), (79.0, 296.0), (17.0, 178.0), (61.0, 178.0), (8.0, 91.0), (68.0, 90.0), (-2.0, 16.0), (67.0, 10.0), (0, 0), (61.0, -2.0), (-12.0, -4.0), (75.0, -18.0)]
[(41.0, 344.0), (34.0, 352.0), (50.0, 352.0), (1.0, 302.0), (79.0, 297.0), (17.0, 179.0), (62.0, 180.0), (9.0, 92.0), (69.0, 91.0), (-2.0, 16.0), (67.0, 10.0), (0, 0), (60.0, -1.0), (-13.0, -4.0), (75.0, -18.0)]
[(41.0, 346.0), (34.0, 354.0), (50.0, 353.0), (2.0, 303.0), (79.0, 299.0), (17.0, 181.0), (62.0, 181.0), (9.0, 93.0), (70.0, 92.0), (-2.0, 16.0), (67.0, 9.0), (0, 0), (60.0, -3.0), (-13.0, -4.0), (75.0, -17.0)]
[(41.0, 348.0), (34.0, 356.0), (50.0, 355.0), (2.0, 305.0), (79.0, 300.0), (18.0, 182.0), (62.0, 182.0), (9.0, 94.0), (70.0, 93.0), (-2.0, 16.0), (67.0, 10.0), (0, 0), (60.0, -1.0), (-15.0, -3.0), (75.0, -17.0)]
[(40.0, 349.0), (33.0, 357.0), (49.0, 356.0), (1.0, 305.0), (78.0, 300.0), (17.0, 182.0), (61.0, 182.0), (8.0, 94.0), (69.0, 93.0), (-3.0, 16.0), (67.0, 10.0), (0, 0), (59.0, -1.0), (-16.0, -10.0), (74.0, -18.0)]
[(40.0, 350.0), (33.0, 358.0), (49.0, 357.0), (1.0, 306.0), (78.0, 301.0), (17.0, 183.0), (61.0, 183.0), (8.0, 95.0), (69.0, 93.0), (-3.0, 16.0), (67.0, 11.0), (0, 0), (59.0, -1.0), (-16.0, -8.0), (76.0, -17.0)]
[(40.0, 353.0), (33.0, 361.0), (49.0, 360.0), (1.0, 309.0), (78.0, 304.0), (16.0, 185.0), (61.0, 185.0), (8.0, 97.0), (69.0, 95.0), (-3.0, 17.0), (67.0, 13.0), (0, 0), (59.0, 1.0), (-17.0, -6.0), (76.0, -16.0)]
[(40.0, 353.0), (32.0, 362.0), (48.0, 361.0), (-0.0, 309.0), (77.0, 304.0), (15.0, 185.0), (60.0, 185.0), (7.0, 97.0), (69.0, 95.0), (-4.0, 16.0), (66.0, 12.0), (0, 0), (58.0, 1.0), (-17.0, -6.0), (77.0, -17.0)]
[(40.0, 355.0), (33.0, 363.0), (49.0, 362.0), (-0.0, 310.0), (77.0, 305.0), (15.0, 186.0), (60.0, 185.0), (7.0, 97.0), (69.0, 95.0), (-4.0, 17.0), (66.0, 12.0), (0, 0), (58.0, 1.0), (-17.0, -6.0), (76.0, -17.0)]
[(40.0, 357.0), (33.0, 365.0), (49.0, 365.0), (-0.0, 312.0), (77.0, 306.0), (14.0, 187.0), (59.0, 186.0), (7.0, 98.0), (69.0, 96.0), (-4.0, 16.0), (66.0, 13.0), (0, 0), (58.0, 2.0), (-19.0, -5.0), (76.0, -17.0)]
[(40.0, 359.0), (33.0, 367.0), (49.0, 367.0), (-0.0, 313.0), (77.0, 308.0), (13.0, 188.0), (58.0, 187.0), (6.0, 99.0), (68.0, 97.0), (-4.0, 16.0), (66.0, 14.0), (0, 0), (58.0, 3.0), (-26.0, -5.0), (76.0, -16.0)]
[(40.0, 361.0), (32.0, 369.0), (48.0, 369.0), (-1.0, 315.0), (76.0, 310.0), (12.0, 190.0), (57.0, 189.0), (4.0, 100.0), (67.0, 99.0), (-5.0, 17.0), (65.0, 15.0), (0, 0), (57.0, 4.0), (-30.0, -4.0), (76.0, -15.0)]
[(39.0, 363.0), (32.0, 371.0), (48.0, 370.0), (-2.0, 317.0), (76.0, 311.0), (10.0, 192.0), (56.0, 190.0), (2.0, 101.0), (66.0, 100.0), (-6.0, 16.0), (64.0, 16.0), (0, 0), (56.0, 5.0), (-31.0, -4.0), (74.0, -15.0)]
[(39.0, 365.0), (32.0, 373.0), (48.0, 372.0), (-2.0, 319.0), (76.0, 313.0), (9.0, 193.0), (55.0, 191.0), (1.0, 102.0), (67.0, 101.0), (-6.0, 17.0), (64.0, 17.0), (0, 0), (56.0, 6.0), (-30.0, -4.0), (74.0, -15.0)]
[(39.0, 364.0), (32.0, 372.0), (48.0, 372.0), (-2.0, 319.0), (76.0, 312.0), (8.0, 192.0), (55.0, 190.0), (-0.0, 101.0), (67.0, 100.0), (-7.0, 16.0), (65.0, 16.0), (0, 0), (58.0, 5.0), (-32.0, -5.0), (74.0, -16.0)]
[(41.0, 366.0), (34.0, 374.0), (50.0, 373.0), (-0.0, 320.0), (78.0, 312.0), (10.0, 192.0), (57.0, 190.0), (2.0, 101.0), (69.0, 100.0), (-5.0, 17.0), (67.0, 16.0), (0, 0), (61.0, 5.0), (-28.0, -6.0), (76.0, -16.0)]
[(41.0, 366.0), (34.0, 374.0), (50.0, 374.0), (-0.0, 320.0), (79.0, 312.0), (9.0, 192.0), (57.0, 190.0), (1.0, 101.0), (69.0, 100.0), (-6.0, 17.0), (67.0, 16.0), (0, 0), (61.0, 6.0), (-25.0, -10.0), (76.0, -17.0)]
[(41.0, 366.0), (34.0, 375.0), (50.0, 374.0), (-1.0, 321.0), (79.0, 313.0), (8.0, 193.0), (56.0, 190.0), (-0.0, 101.0), (69.0, 100.0), (-6.0, 16.0), (68.0, 16.0), (0, 0), (62.0, 6.0), (-24.0, -13.0), (76.0, -17.0)]
[(41.0, 367.0), (34.0, 375.0), (50.0, 375.0), (-2.0, 320.0), (79.0, 313.0), (8.0, 193.0), (56.0, 190.0), (-1.0, 101.0), (69.0, 100.0), (-6.0, 16.0), (68.0, 16.0), (0, 0), (62.0, 6.0), (-23.0, -14.0), (76.0, -17.0)]
[(41.0, 368.0), (34.0, 376.0), (50.0, 376.0), (-3.0, 320.0), (79.0, 313.0), (7.0, 192.0), (56.0, 190.0), (-2.0, 100.0), (69.0, 100.0), (-6.0, 15.0), (68.0, 16.0), (0, 0), (62.0, 6.0), (-23.0, -16.0), (77.0, -17.0)]
[(41.0, 368.0), (34.0, 377.0), (50.0, 376.0), (-3.0, 320.0), (79.0, 313.0), (7.0, 192.0), (56.0, 190.0), (-2.0, 100.0), (69.0, 100.0), (-6.0, 14.0), (68.0, 15.0), (0, 0), (62.0, 5.0), (-23.0, -17.0), (79.0, -17.0)]
[(40.0, 369.0), (33.0, 377.0), (50.0, 377.0), (-5.0, 320.0), (79.0, 313.0), (7.0, 192.0), (56.0, 190.0), (-2.0, 99.0), (69.0, 99.0), (-6.0, 14.0), (68.0, 15.0), (0, 0), (62.0, 5.0), (-23.0, -17.0), (79.0, -18.0)]
[(40.0, 370.0), (33.0, 378.0), (49.0, 378.0), (-8.0, 319.0), (79.0, 315.0), (7.0, 191.0), (57.0, 190.0), (-3.0, 96.0), (68.0, 98.0), (-6.0, 13.0), (68.0, 16.0), (0, 0), (62.0, 6.0), (-24.0, -19.0), (79.0, -18.0)]
[(38.0, 369.0), (31.0, 377.0), (47.0, 377.0), (-10.0, 317.0), (76.0, 313.0), (5.0, 189.0), (56.0, 188.0), (-6.0, 94.0), (66.0, 96.0), (-7.0, 11.0), (67.0, 14.0), (0, 0), (61.0, 4.0), (-25.0, -22.0), (78.0, -20.0)]
[(39.0, 369.0), (31.0, 378.0), (48.0, 377.0), (-10.0, 317.0), (76.0, 314.0), (6.0, 189.0), (57.0, 188.0), (-5.0, 94.0), (66.0, 95.0), (-8.0, 11.0), (68.0, 14.0), (0, 0), (62.0, 4.0), (-24.0, -23.0), (79.0, -21.0)]
[(39.0, 370.0), (31.0, 378.0), (47.0, 378.0), (-10.0, 317.0), (76.0, 315.0), (6.0, 189.0), (57.0, 188.0), (-6.0, 94.0), (66.0, 93.0), (-8.0, 11.0), (68.0, 13.0), (0, 0), (62.0, 4.0), (-25.0, -22.0), (79.0, -21.0)]
[(39.0, 372.0), (30.0, 379.0), (47.0, 379.0), (-11.0, 317.0), (75.0, 316.0), (6.0, 188.0), (57.0, 188.0), (-8.0, 94.0), (66.0, 91.0), (-8.0, 11.0), (68.0, 12.0), (0, 0), (61.0, 3.0), (-25.0, -22.0), (79.0, -21.0)]
[(37.0, 371.0), (29.0, 379.0), (46.0, 379.0), (-13.0, 316.0), (73.0, 315.0), (5.0, 187.0), (55.0, 187.0), (-9.0, 93.0), (65.0, 89.0), (-9.0, 10.0), (67.0, 11.0), (0, 0), (60.0, 2.0), (-25.0, -23.0), (78.0, -22.0)]
[(37.0, 373.0), (28.0, 380.0), (45.0, 380.0), (-13.0, 316.0), (73.0, 316.0), (4.0, 187.0), (55.0, 187.0), (-8.0, 92.0), (65.0, 89.0), (-9.0, 10.0), (67.0, 11.0), (0, 0), (60.0, 2.0), (-25.0, -23.0), (78.0, -22.0)]
[(38.0, 374.0), (29.0, 381.0), (46.0, 381.0), (-12.0, 317.0), (74.0, 316.0), (5.0, 187.0), (56.0, 187.0), (-7.0, 92.0), (66.0, 89.0), (-8.0, 10.0), (68.0, 11.0), (0, 0), (61.0, 2.0), (-24.0, -24.0), (79.0, -23.0)]
[(37.0, 375.0), (28.0, 383.0), (45.0, 382.0), (-12.0, 318.0), (74.0, 317.0), (5.0, 188.0), (56.0, 188.0), (-7.0, 91.0), (66.0, 90.0), (-8.0, 10.0), (68.0, 12.0), (0, 0), (61.0, 2.0), (-24.0, -23.0), (79.0, -22.0)]
[(35.0, 376.0), (27.0, 384.0), (44.0, 383.0), (-13.0, 318.0), (73.0, 317.0), (4.0, 188.0), (55.0, 188.0), (-8.0, 91.0), (65.0, 90.0), (-8.0, 10.0), (67.0, 11.0), (0, 0), (60.0, 2.0), (-25.0, -23.0), (79.0, -22.0)]
[(35.0, 377.0), (26.0, 385.0), (44.0, 385.0), (-13.0, 319.0), (73.0, 319.0), (4.0, 189.0), (55.0, 189.0), (-8.0, 91.0), (65.0, 90.0), (-8.0, 10.0), (67.0, 12.0), (0, 0), (60.0, 3.0), (-25.0, -22.0), (79.0, -20.0)]
[(35.0, 379.0), (26.0, 387.0), (44.0, 386.0), (-13.0, 321.0), (73.0, 320.0), (4.0, 190.0), (55.0, 190.0), (-7.0, 91.0), (65.0, 91.0), (-8.0, 11.0), (67.0, 13.0), (0, 0), (60.0, 4.0), (-26.0, -21.0), (79.0, -20.0)]
[(35.0, 380.0), (26.0, 387.0), (43.0, 387.0), (-14.0, 321.0), (73.0, 320.0), (4.0, 190.0), (55.0, 190.0), (-7.0, 92.0), (65.0, 92.0), (-8.0, 11.0), (66.0, 14.0), (0, 0), (59.0, 4.0), (-27.0, -21.0), (79.0, -19.0)]
[(35.0, 380.0), (26.0, 388.0), (43.0, 387.0), (-14.0, 320.0), (73.0, 320.0), (4.0, 190.0), (55.0, 190.0), (-7.0, 91.0), (65.0, 92.0), (-8.0, 11.0), (66.0, 14.0), (0, 0), (59.0, 4.0), (-26.0, -21.0), (79.0, -19.0)]
[(34.0, 381.0), (26.0, 389.0), (43.0, 389.0), (-14.0, 321.0), (73.0, 321.0), (4.0, 191.0), (55.0, 191.0), (-6.0, 93.0), (65.0, 93.0), (-8.0, 12.0), (66.0, 16.0), (0, 0), (59.0, 5.0), (-26.0, -20.0), (79.0, -18.0)]
[(34.0, 381.0), (26.0, 389.0), (43.0, 389.0), (-14.0, 321.0), (73.0, 321.0), (4.0, 191.0), (56.0, 191.0), (-6.0, 93.0), (65.0, 94.0), (-8.0, 12.0), (66.0, 17.0), (0, 0), (59.0, 6.0), (-26.0, -20.0), (79.0, -17.0)]
[(34.0, 379.0), (25.0, 387.0), (42.0, 387.0), (-14.0, 319.0), (73.0, 319.0), (4.0, 189.0), (56.0, 189.0), (-6.0, 91.0), (65.0, 92.0), (-8.0, 11.0), (66.0, 15.0), (0, 0), (58.0, 5.0), (-26.0, -22.0), (79.0, -19.0)]
[(34.0, 380.0), (25.0, 389.0), (42.0, 388.0), (-14.0, 321.0), (73.0, 320.0), (4.0, 190.0), (56.0, 191.0), (-6.0, 92.0), (64.0, 94.0), (-9.0, 12.0), (66.0, 16.0), (0, 0), (58.0, 6.0), (-26.0, -21.0), (79.0, -18.0)]
[(34.0, 380.0), (25.0, 388.0), (42.0, 388.0), (-15.0, 320.0), (73.0, 321.0), (4.0, 190.0), (56.0, 191.0), (-6.0, 92.0), (64.0, 94.0), (-8.0, 12.0), (66.0, 16.0), (0, 0), (58.0, 6.0), (-25.0, -21.0), (79.0, -18.0)]
[(34.0, 379.0), (25.0, 388.0), (42.0, 387.0), (-15.0, 319.0), (73.0, 320.0), (4.0, 189.0), (56.0, 190.0), (-6.0, 92.0), (64.0, 94.0), (-8.0, 12.0), (66.0, 15.0), (0, 0), (58.0, 5.0), (-25.0, -22.0), (79.0, -19.0)]
[(34.0, 380.0), (25.0, 388.0), (42.0, 388.0), (-15.0, 321.0), (73.0, 322.0), (4.0, 190.0), (56.0, 191.0), (-5.0, 94.0), (64.0, 96.0), (-8.0, 13.0), (66.0, 16.0), (0, 0), (58.0, 6.0), (-25.0, -21.0), (79.0, -18.0)]
[(34.0, 379.0), (25.0, 387.0), (42.0, 387.0), (-14.0, 320.0), (73.0, 321.0), (5.0, 190.0), (56.0, 191.0), (-5.0, 94.0), (63.0, 97.0), (-8.0, 12.0), (66.0, 15.0), (0, 0), (59.0, 5.0), (-24.0, -21.0), (79.0, -18.0)]
[(33.0, 379.0), (24.0, 386.0), (41.0, 386.0), (-15.0, 320.0), (72.0, 321.0), (4.0, 190.0), (55.0, 191.0), (-6.0, 95.0), (62.0, 98.0), (-9.0, 12.0), (65.0, 15.0), (0, 0), (58.0, 5.0), (-26.0, -21.0), (77.0, -18.0)]
[(34.0, 377.0), (24.0, 386.0), (42.0, 385.0), (-15.0, 321.0), (72.0, 321.0), (4.0, 190.0), (55.0, 191.0), (-6.0, 95.0), (62.0, 98.0), (-9.0, 12.0), (65.0, 15.0), (0, 0), (58.0, 5.0), (-26.0, -21.0), (77.0, -18.0)]
[(34.0, 376.0), (25.0, 385.0), (42.0, 385.0), (-15.0, 321.0), (72.0, 321.0), (4.0, 190.0), (55.0, 191.0), (-6.0, 95.0), (62.0, 98.0), (-9.0, 12.0), (65.0, 15.0), (0, 0), (58.0, 5.0), (-26.0, -21.0), (77.0, -18.0)]
[(34.0, 377.0), (25.0, 386.0), (42.0, 385.0), (-14.0, 322.0), (72.0, 322.0), (4.0, 191.0), (55.0, 192.0), (-6.0, 96.0), (62.0, 99.0), (-9.0, 13.0), (65.0, 17.0), (0, 0), (58.0, 6.0), (-26.0, -20.0), (77.0, -17.0)]
[(34.0, 375.0), (25.0, 384.0), (43.0, 384.0), (-14.0, 321.0), (72.0, 321.0), (4.0, 190.0), (55.0, 191.0), (-6.0, 95.0), (62.0, 98.0), (-9.0, 12.0), (65.0, 16.0), (0, 0), (58.0, 6.0), (-26.0, -21.0), (77.0, -18.0)]
[(35.0, 376.0), (25.0, 385.0), (44.0, 385.0), (-14.0, 323.0), (73.0, 322.0), (4.0, 190.0), (55.0, 190.0), (-5.0, 95.0), (63.0, 95.0), (-8.0, 13.0), (65.0, 17.0), (0, 0), (59.0, 6.0), (-26.0, -20.0), (78.0, -17.0)]
[(36.0, 376.0), (26.0, 384.0), (45.0, 384.0), (-14.0, 323.0), (74.0, 322.0), (4.0, 190.0), (55.0, 189.0), (-5.0, 94.0), (64.0, 94.0), (-9.0, 13.0), (65.0, 17.0), (0, 0), (59.0, 6.0), (-26.0, -20.0), (78.0, -17.0)]
[(36.0, 376.0), (26.0, 384.0), (45.0, 384.0), (-13.0, 323.0), (74.0, 322.0), (4.0, 190.0), (55.0, 189.0), (-5.0, 93.0), (64.0, 92.0), (-9.0, 13.0), (65.0, 17.0), (0, 0), (59.0, 6.0), (-26.0, -21.0), (78.0, -17.0)]
[(37.0, 374.0), (27.0, 383.0), (46.0, 383.0), (-13.0, 322.0), (75.0, 321.0), (4.0, 189.0), (55.0, 187.0), (-5.0, 91.0), (65.0, 91.0), (-9.0, 12.0), (65.0, 16.0), (0, 0), (58.0, 6.0), (-26.0, -22.0), (78.0, -18.0)]
[(37.0, 374.0), (27.0, 383.0), (46.0, 383.0), (-12.0, 321.0), (75.0, 321.0), (5.0, 188.0), (56.0, 187.0), (-4.0, 91.0), (66.0, 91.0), (-9.0, 12.0), (65.0, 16.0), (0, 0), (58.0, 6.0), (-26.0, -22.0), (78.0, -18.0)]
[(37.0, 374.0), (27.0, 383.0), (46.0, 383.0), (-12.0, 321.0), (75.0, 321.0), (6.0, 187.0), (56.0, 186.0), (-4.0, 91.0), (66.0, 91.0), (-9.0, 12.0), (66.0, 16.0), (0, 0), (59.0, 5.0), (-25.0, -22.0), (79.0, -18.0)]
[(37.0, 374.0), (27.0, 383.0), (46.0, 383.0), (-11.0, 321.0), (76.0, 320.0), (6.0, 187.0), (56.0, 186.0), (-4.0, 90.0), (66.0, 90.0), (-9.0, 12.0), (66.0, 16.0), (0, 0), (58.0, 5.0), (-26.0, -22.0), (79.0, -18.0)]
[(37.0, 374.0), (27.0, 383.0), (46.0, 384.0), (-11.0, 322.0), (76.0, 321.0), (5.0, 188.0), (56.0, 187.0), (-4.0, 91.0), (66.0, 91.0), (-9.0, 12.0), (66.0, 16.0), (0, 0), (58.0, 6.0), (-26.0, -21.0), (80.0, -18.0)]
[(38.0, 374.0), (28.0, 383.0), (47.0, 383.0), (-9.0, 323.0), (77.0, 321.0), (6.0, 188.0), (57.0, 187.0), (-4.0, 91.0), (67.0, 91.0), (-9.0, 12.0), (67.0, 16.0), (0, 0), (60.0, 6.0), (-25.0, -21.0), (81.0, -18.0)]
[(37.0, 372.0), (28.0, 381.0), (46.0, 382.0), (-8.0, 323.0), (78.0, 320.0), (6.0, 188.0), (57.0, 187.0), (-4.0, 91.0), (67.0, 91.0), (-9.0, 12.0), (67.0, 15.0), (0, 0), (60.0, 5.0), (-25.0, -21.0), (81.0, -18.0)]
[(37.0, 369.0), (27.0, 379.0), (45.0, 380.0), (-8.0, 323.0), (78.0, 320.0), (6.0, 188.0), (57.0, 188.0), (-4.0, 91.0), (68.0, 92.0), (-9.0, 12.0), (67.0, 15.0), (0, 0), (60.0, 5.0), (-25.0, -21.0), (80.0, -19.0)]
[(36.0, 369.0), (27.0, 379.0), (45.0, 380.0), (-8.0, 323.0), (78.0, 320.0), (6.0, 188.0), (57.0, 188.0), (-4.0, 91.0), (68.0, 92.0), (-9.0, 12.0), (67.0, 15.0), (0, 0), (60.0, 5.0), (-25.0, -22.0), (80.0, -19.0)]
[(36.0, 368.0), (27.0, 378.0), (45.0, 379.0), (-8.0, 323.0), (78.0, 320.0), (6.0, 188.0), (57.0, 188.0), (-4.0, 92.0), (68.0, 92.0), (-9.0, 13.0), (67.0, 15.0), (0, 0), (60.0, 5.0), (-26.0, -22.0), (79.0, -19.0)]
[(36.0, 367.0), (27.0, 377.0), (44.0, 378.0), (-7.0, 324.0), (78.0, 320.0), (6.0, 189.0), (57.0, 189.0), (-4.0, 92.0), (68.0, 93.0), (-9.0, 13.0), (67.0, 15.0), (0, 0), (60.0, 4.0), (-26.0, -21.0), (79.0, -20.0)]
[(35.0, 366.0), (26.0, 377.0), (44.0, 377.0), (-7.0, 325.0), (78.0, 320.0), (6.0, 190.0), (57.0, 189.0), (-5.0, 92.0), (68.0, 93.0), (-9.0, 13.0), (67.0, 14.0), (0, 0), (60.0, 4.0), (-26.0, -21.0), (79.0, -20.0)]
[(33.0, 363.0), (25.0, 374.0), (42.0, 375.0), (-8.0, 325.0), (77.0, 319.0), (5.0, 190.0), (56.0, 189.0), (-6.0, 92.0), (67.0, 92.0), (-9.0, 13.0), (66.0, 14.0), (0, 0), (59.0, 3.0), (-27.0, -22.0), (77.0, -21.0)]
[(32.0, 361.0), (24.0, 372.0), (41.0, 373.0), (-8.0, 325.0), (77.0, 318.0), (5.0, 189.0), (56.0, 188.0), (-6.0, 91.0), (67.0, 91.0), (-9.0, 13.0), (66.0, 13.0), (0, 0), (59.0, 2.0), (-27.0, -23.0), (77.0, -22.0)]
[(32.0, 361.0), (24.0, 372.0), (41.0, 373.0), (-8.0, 326.0), (77.0, 318.0), (5.0, 189.0), (56.0, 189.0), (-6.0, 92.0), (67.0, 92.0), (-8.0, 13.0), (66.0, 13.0), (0, 0), (60.0, 2.0), (-26.0, -23.0), (77.0, -22.0)]
[(32.0, 361.0), (24.0, 372.0), (40.0, 372.0), (-8.0, 328.0), (77.0, 319.0), (5.0, 191.0), (56.0, 189.0), (-5.0, 93.0), (67.0, 92.0), (-8.0, 13.0), (67.0, 13.0), (0, 0), (60.0, 2.0), (-27.0, -23.0), (77.0, -22.0)]
[(32.0, 361.0), (24.0, 372.0), (40.0, 372.0), (-8.0, 329.0), (77.0, 319.0), (5.0, 191.0), (56.0, 189.0), (-5.0, 93.0), (67.0, 92.0), (-8.0, 13.0), (67.0, 13.0), (0, 0), (60.0, 2.0), (-27.0, -23.0), (77.0, -22.0)]
[(32.0, 361.0), (24.0, 371.0), (40.0, 371.0), (-8.0, 330.0), (77.0, 319.0), (5.0, 191.0), (56.0, 190.0), (-4.0, 93.0), (67.0, 92.0), (-8.0, 13.0), (67.0, 13.0), (0, 0), (60.0, 2.0), (-26.0, -23.0), (78.0, -22.0)]
[(32.0, 361.0), (24.0, 372.0), (40.0, 372.0), (-7.0, 330.0), (77.0, 320.0), (6.0, 191.0), (57.0, 190.0), (-4.0, 93.0), (66.0, 92.0), (-8.0, 12.0), (67.0, 13.0), (0, 0), (60.0, 2.0), (-26.0, -23.0), (78.0, -22.0)]
[(33.0, 362.0), (24.0, 373.0), (40.0, 373.0), (-7.0, 332.0), (77.0, 321.0), (6.0, 193.0), (57.0, 191.0), (-4.0, 94.0), (67.0, 93.0), (-8.0, 13.0), (67.0, 13.0), (0, 0), (60.0, 3.0), (-26.0, -22.0), (78.0, -21.0)]
[(33.0, 362.0), (24.0, 372.0), (40.0, 372.0), (-7.0, 331.0), (77.0, 321.0), (6.0, 193.0), (57.0, 191.0), (-4.0, 94.0), (67.0, 92.0), (-8.0, 12.0), (67.0, 13.0), (0, 0), (60.0, 2.0), (-26.0, -22.0), (78.0, -21.0)]
[(33.0, 362.0), (25.0, 373.0), (40.0, 373.0), (-7.0, 331.0), (77.0, 321.0), (6.0, 192.0), (57.0, 190.0), (-4.0, 93.0), (67.0, 92.0), (-8.0, 12.0), (67.0, 12.0), (0, 0), (60.0, 1.0), (-26.0, -22.0), (78.0, -21.0)]
[(33.0, 362.0), (25.0, 373.0), (40.0, 373.0), (-7.0, 331.0), (77.0, 322.0), (7.0, 192.0), (58.0, 190.0), (-3.0, 93.0), (67.0, 92.0), (-8.0, 12.0), (67.0, 12.0), (0, 0), (60.0, 1.0), (-26.0, -22.0), (78.0, -22.0)]
[(33.0, 364.0), (25.0, 374.0), (40.0, 374.0), (-5.0, 331.0), (77.0, 322.0), (7.0, 192.0), (59.0, 190.0), (-3.0, 93.0), (68.0, 91.0), (-8.0, 12.0), (67.0, 12.0), (0, 0), (60.0, 1.0), (-26.0, -22.0), (78.0, -22.0)]
[(33.0, 367.0), (25.0, 377.0), (40.0, 377.0), (-5.0, 332.0), (77.0, 323.0), (7.0, 193.0), (59.0, 191.0), (-3.0, 94.0), (68.0, 92.0), (-8.0, 13.0), (66.0, 13.0), (0, 0), (59.0, 2.0), (-28.0, -21.0), (78.0, -21.0)]
[(33.0, 367.0), (25.0, 377.0), (40.0, 377.0), (-5.0, 332.0), (77.0, 323.0), (7.0, 193.0), (59.0, 191.0), (-3.0, 94.0), (68.0, 92.0), (-8.0, 13.0), (66.0, 13.0), (0, 0), (59.0, 3.0), (-28.0, -21.0), (78.0, -20.0)]
[(34.0, 368.0), (25.0, 377.0), (41.0, 378.0), (-4.0, 332.0), (77.0, 323.0), (7.0, 193.0), (59.0, 191.0), (-4.0, 94.0), (68.0, 92.0), (-9.0, 13.0), (66.0, 13.0), (0, 0), (59.0, 3.0), (-29.0, -21.0), (78.0, -20.0)]
[(33.0, 368.0), (25.0, 378.0), (41.0, 378.0), (-4.0, 332.0), (77.0, 323.0), (7.0, 192.0), (59.0, 191.0), (-4.0, 93.0), (68.0, 92.0), (-9.0, 13.0), (66.0, 13.0), (0, 0), (59.0, 3.0), (-29.0, -21.0), (78.0, -20.0)]
[(34.0, 370.0), (26.0, 379.0), (41.0, 380.0), (-3.0, 332.0), (78.0, 323.0), (8.0, 192.0), (60.0, 191.0), (-3.0, 93.0), (69.0, 91.0), (-9.0, 12.0), (67.0, 13.0), (0, 0), (59.0, 3.0), (-27.0, -21.0), (79.0, -20.0)]
[(34.0, 370.0), (26.0, 379.0), (41.0, 380.0), (-3.0, 332.0), (78.0, 323.0), (8.0, 192.0), (60.0, 191.0), (-3.0, 93.0), (68.0, 91.0), (-9.0, 13.0), (67.0, 13.0), (0, 0), (60.0, 3.0), (-27.0, -21.0), (79.0, -20.0)]
[(35.0, 370.0), (27.0, 379.0), (42.0, 380.0), (-2.0, 332.0), (79.0, 323.0), (9.0, 192.0), (61.0, 190.0), (-2.0, 93.0), (69.0, 91.0), (-8.0, 13.0), (68.0, 13.0), (0, 0), (61.0, 3.0), (-26.0, -21.0), (80.0, -20.0)]
[(35.0, 371.0), (27.0, 380.0), (42.0, 381.0), (-2.0, 332.0), (79.0, 323.0), (9.0, 192.0), (61.0, 190.0), (-2.0, 93.0), (69.0, 91.0), (-8.0, 12.0), (68.0, 13.0), (0, 0), (60.0, 3.0), (-26.0, -21.0), (80.0, -20.0)]
[(35.0, 372.0), (27.0, 381.0), (42.0, 382.0), (-2.0, 332.0), (79.0, 323.0), (9.0, 192.0), (61.0, 190.0), (-2.0, 93.0), (69.0, 91.0), (-8.0, 12.0), (68.0, 13.0), (0, 0), (60.0, 3.0), (-26.0, -21.0), (80.0, -20.0)]
[(33.0, 371.0), (26.0, 381.0), (41.0, 382.0), (-3.0, 332.0), (78.0, 323.0), (8.0, 192.0), (60.0, 190.0), (-3.0, 93.0), (68.0, 91.0), (-9.0, 12.0), (67.0, 13.0), (0, 0), (60.0, 3.0), (-27.0, -22.0), (79.0, -20.0)]
[(33.0, 371.0), (26.0, 381.0), (40.0, 382.0), (-2.0, 332.0), (80.0, 323.0), (9.0, 192.0), (61.0, 190.0), (-2.0, 93.0), (69.0, 91.0), (-8.0, 12.0), (68.0, 13.0), (0, 0), (61.0, 3.0), (-26.0, -22.0), (80.0, -20.0)]
[(33.0, 371.0), (26.0, 381.0), (40.0, 381.0), (-2.0, 332.0), (80.0, 323.0), (9.0, 192.0), (61.0, 190.0), (-2.0, 93.0), (69.0, 91.0), (-8.0, 12.0), (68.0, 13.0), (0, 0), (60.0, 2.0), (-26.0, -22.0), (80.0, -20.0)]
[(32.0, 371.0), (25.0, 381.0), (39.0, 381.0), (-3.0, 332.0), (78.0, 323.0), (8.0, 192.0), (60.0, 190.0), (-3.0, 93.0), (68.0, 91.0), (-8.0, 12.0), (67.0, 12.0), (0, 0), (59.0, 1.0), (-27.0, -22.0), (80.0, -20.0)]
[(32.0, 371.0), (25.0, 381.0), (40.0, 381.0), (-3.0, 332.0), (78.0, 323.0), (8.0, 191.0), (60.0, 190.0), (-2.0, 93.0), (68.0, 91.0), (-8.0, 12.0), (67.0, 12.0), (0, 0), (60.0, 1.0), (-26.0, -22.0), (80.0, -20.0)]
[(31.0, 371.0), (24.0, 381.0), (39.0, 382.0), (-4.0, 332.0), (77.0, 323.0), (7.0, 191.0), (59.0, 190.0), (-3.0, 93.0), (67.0, 91.0), (-8.0, 12.0), (66.0, 12.0), (0, 0), (59.0, 1.0), (-27.0, -22.0), (79.0, -20.0)]
[(31.0, 371.0), (24.0, 381.0), (39.0, 382.0), (-4.0, 332.0), (77.0, 323.0), (7.0, 192.0), (59.0, 191.0), (-3.0, 94.0), (67.0, 91.0), (-8.0, 12.0), (66.0, 12.0), (0, 0), (59.0, 1.0), (-27.0, -22.0), (79.0, -20.0)]
[(31.0, 371.0), (24.0, 380.0), (39.0, 382.0), (-4.0, 332.0), (77.0, 323.0), (7.0, 192.0), (59.0, 191.0), (-3.0, 94.0), (67.0, 91.0), (-8.0, 12.0), (66.0, 12.0), (0, 0), (59.0, 1.0), (-26.0, -21.0), (79.0, -20.0)]
[(31.0, 370.0), (24.0, 379.0), (39.0, 381.0), (-4.0, 332.0), (77.0, 323.0), (7.0, 192.0), (58.0, 191.0), (-4.0, 94.0), (67.0, 92.0), (-8.0, 12.0), (66.0, 12.0), (0, 0), (59.0, 1.0), (-26.0, -21.0), (79.0, -20.0)]
[(31.0, 368.0), (24.0, 377.0), (39.0, 379.0), (-4.0, 330.0), (77.0, 321.0), (7.0, 190.0), (58.0, 189.0), (-4.0, 92.0), (67.0, 90.0), (-8.0, 11.0), (66.0, 10.0), (0, 0), (59.0, -1.0), (-26.0, -23.0), (79.0, -22.0)]
[(31.0, 369.0), (24.0, 379.0), (39.0, 380.0), (-4.0, 330.0), (77.0, 322.0), (6.0, 191.0), (58.0, 190.0), (-4.0, 93.0), (67.0, 91.0), (-8.0, 12.0), (66.0, 11.0), (0, 0), (59.0, 0.0), (-26.0, -22.0), (78.0, -21.0)]
[(31.0, 369.0), (24.0, 379.0), (39.0, 380.0), (-4.0, 330.0), (77.0, 322.0), (6.0, 191.0), (58.0, 190.0), (-4.0, 93.0), (67.0, 91.0), (-8.0, 12.0), (66.0, 11.0), (0, 0), (59.0, 0.0), (-25.0, -22.0), (78.0, -21.0)]
[(31.0, 370.0), (23.0, 379.0), (39.0, 380.0), (-4.0, 330.0), (77.0, 322.0), (6.0, 191.0), (58.0, 190.0), (-4.0, 93.0), (67.0, 91.0), (-7.0, 12.0), (66.0, 11.0), (0, 0), (59.0, 0.0), (-25.0, -22.0), (79.0, -21.0)]
[(31.0, 370.0), (23.0, 379.0), (39.0, 380.0), (-4.0, 330.0), (76.0, 322.0), (6.0, 191.0), (58.0, 190.0), (-4.0, 93.0), (67.0, 91.0), (-7.0, 12.0), (66.0, 11.0), (0, 0), (59.0, 0.0), (-25.0, -22.0), (79.0, -21.0)]
[(31.0, 370.0), (23.0, 379.0), (38.0, 380.0), (-4.0, 330.0), (76.0, 322.0), (6.0, 191.0), (58.0, 190.0), (-4.0, 93.0), (67.0, 91.0), (-7.0, 12.0), (67.0, 11.0), (0, 0), (60.0, 0.0), (-26.0, -22.0), (79.0, -21.0)]
[(30.0, 368.0), (23.0, 378.0), (38.0, 379.0), (-5.0, 330.0), (76.0, 322.0), (6.0, 191.0), (58.0, 190.0), (-4.0, 93.0), (67.0, 91.0), (-7.0, 12.0), (67.0, 11.0), (0, 0), (60.0, 0.0), (-26.0, -22.0), (79.0, -21.0)]
[(30.0, 367.0), (22.0, 377.0), (37.0, 378.0), (-5.0, 329.0), (76.0, 321.0), (6.0, 190.0), (58.0, 189.0), (-4.0, 92.0), (67.0, 90.0), (-8.0, 11.0), (67.0, 11.0), (0, 0), (60.0, -1.0), (-26.0, -23.0), (79.0, -22.0)]
[(30.0, 367.0), (22.0, 377.0), (37.0, 378.0), (-5.0, 329.0), (76.0, 321.0), (6.0, 190.0), (58.0, 189.0), (-4.0, 92.0), (67.0, 90.0), (-7.0, 12.0), (67.0, 11.0), (0, 0), (60.0, 0.0), (-26.0, -22.0), (79.0, -22.0)]
[(30.0, 366.0), (21.0, 376.0), (37.0, 377.0), (-6.0, 328.0), (76.0, 320.0), (6.0, 189.0), (58.0, 188.0), (-4.0, 91.0), (67.0, 89.0), (-7.0, 11.0), (67.0, 10.0), (0, 0), (60.0, -1.0), (-25.0, -23.0), (79.0, -23.0)]
[(30.0, 366.0), (21.0, 377.0), (37.0, 377.0), (-6.0, 329.0), (76.0, 321.0), (6.0, 190.0), (58.0, 189.0), (-5.0, 92.0), (67.0, 90.0), (-7.0, 12.0), (67.0, 11.0), (0, 0), (60.0, 0.0), (-26.0, -23.0), (79.0, -22.0)]
[(30.0, 367.0), (22.0, 377.0), (38.0, 378.0), (-7.0, 329.0), (76.0, 321.0), (6.0, 189.0), (58.0, 189.0), (-5.0, 91.0), (67.0, 89.0), (-7.0, 12.0), (67.0, 11.0), (0, 0), (60.0, 0.0), (-26.0, -22.0), (79.0, -22.0)]
[(31.0, 367.0), (22.0, 377.0), (39.0, 378.0), (-7.0, 329.0), (76.0, 321.0), (6.0, 189.0), (58.0, 189.0), (-5.0, 91.0), (67.0, 89.0), (-7.0, 12.0), (67.0, 11.0), (0, 0), (60.0, 0.0), (-26.0, -22.0), (79.0, -22.0)]
[(32.0, 368.0), (23.0, 378.0), (40.0, 379.0), (-7.0, 328.0), (76.0, 322.0), (6.0, 189.0), (58.0, 189.0), (-5.0, 92.0), (67.0, 90.0), (-7.0, 12.0), (67.0, 11.0), (0, 0), (60.0, 0.0), (-26.0, -21.0), (78.0, -21.0)]
[(35.0, 369.0), (26.0, 379.0), (43.0, 379.0), (-6.0, 328.0), (77.0, 322.0), (7.0, 189.0), (59.0, 189.0), (-4.0, 92.0), (68.0, 90.0), (-7.0, 12.0), (68.0, 11.0), (0, 0), (61.0, 0.0), (-25.0, -22.0), (80.0, -21.0)]
[(35.0, 371.0), (25.0, 380.0), (43.0, 381.0), (-9.0, 327.0), (76.0, 323.0), (6.0, 190.0), (58.0, 190.0), (-4.0, 92.0), (67.0, 91.0), (-8.0, 12.0), (67.0, 12.0), (0, 0), (60.0, 1.0), (-26.0, -21.0), (79.0, -20.0)]
[(36.0, 372.0), (27.0, 381.0), (45.0, 382.0), (-10.0, 326.0), (77.0, 323.0), (7.0, 189.0), (59.0, 189.0), (-3.0, 90.0), (68.0, 90.0), (-7.0, 11.0), (68.0, 12.0), (0, 0), (61.0, 1.0), (-25.0, -22.0), (80.0, -20.0)]
[(37.0, 373.0), (27.0, 382.0), (45.0, 382.0), (-10.0, 325.0), (77.0, 323.0), (7.0, 187.0), (59.0, 188.0), (-3.0, 89.0), (68.0, 89.0), (-8.0, 11.0), (68.0, 13.0), (0, 0), (60.0, 2.0), (-25.0, -22.0), (80.0, -20.0)]
[(37.0, 374.0), (27.0, 383.0), (46.0, 383.0), (-11.0, 325.0), (77.0, 323.0), (7.0, 186.0), (59.0, 187.0), (-3.0, 89.0), (68.0, 89.0), (-8.0, 12.0), (68.0, 13.0), (0, 0), (60.0, 2.0), (-24.0, -22.0), (80.0, -20.0)]
[(37.0, 376.0), (27.0, 385.0), (46.0, 385.0), (-11.0, 325.0), (77.0, 323.0), (7.0, 186.0), (59.0, 187.0), (-3.0, 89.0), (68.0, 89.0), (-8.0, 12.0), (67.0, 13.0), (0, 0), (59.0, 2.0), (-24.0, -22.0), (80.0, -20.0)]
[(37.0, 376.0), (27.0, 385.0), (46.0, 386.0), (-11.0, 325.0), (76.0, 323.0), (7.0, 186.0), (58.0, 187.0), (-4.0, 89.0), (68.0, 89.0), (-8.0, 13.0), (67.0, 13.0), (0, 0), (58.0, 2.0), (-24.0, -22.0), (80.0, -20.0)]
[(37.0, 377.0), (27.0, 386.0), (46.0, 386.0), (-11.0, 325.0), (76.0, 323.0), (7.0, 186.0), (58.0, 186.0), (-4.0, 89.0), (68.0, 89.0), (-8.0, 13.0), (67.0, 13.0), (0, 0), (58.0, 2.0), (-24.0, -22.0), (80.0, -20.0)]
[(37.0, 376.0), (27.0, 385.0), (46.0, 386.0), (-12.0, 323.0), (76.0, 322.0), (7.0, 185.0), (58.0, 185.0), (-5.0, 88.0), (68.0, 88.0), (-8.0, 13.0), (67.0, 12.0), (0, 0), (58.0, 1.0), (-24.0, -22.0), (80.0, -21.0)]
[(35.0, 378.0), (25.0, 387.0), (44.0, 388.0), (-13.0, 324.0), (75.0, 323.0), (5.0, 188.0), (56.0, 187.0), (-6.0, 90.0), (67.0, 89.0), (-8.0, 14.0), (66.0, 13.0), (0, 0), (57.0, 2.0), (-26.0, -21.0), (79.0, -20.0)]
[(35.0, 379.0), (25.0, 387.0), (44.0, 388.0), (-14.0, 323.0), (75.0, 322.0), (5.0, 187.0), (56.0, 186.0), (-6.0, 89.0), (68.0, 89.0), (-8.0, 13.0), (66.0, 13.0), (0, 0), (57.0, 1.0), (-26.0, -22.0), (78.0, -21.0)]
[(33.0, 379.0), (23.0, 388.0), (42.0, 388.0), (-15.0, 322.0), (74.0, 322.0), (4.0, 188.0), (55.0, 186.0), (-7.0, 89.0), (67.0, 90.0), (-9.0, 13.0), (65.0, 13.0), (0, 0), (56.0, 1.0), (-27.0, -22.0), (77.0, -21.0)]
[(33.0, 380.0), (23.0, 388.0), (42.0, 388.0), (-16.0, 322.0), (73.0, 322.0), (4.0, 189.0), (55.0, 187.0), (-7.0, 90.0), (67.0, 90.0), (-9.0, 13.0), (65.0, 13.0), (0, 0), (56.0, 1.0), (-27.0, -22.0), (77.0, -21.0)]
[(33.0, 381.0), (23.0, 389.0), (42.0, 390.0), (-16.0, 323.0), (73.0, 323.0), (4.0, 191.0), (55.0, 189.0), (-7.0, 91.0), (68.0, 91.0), (-9.0, 14.0), (65.0, 13.0), (0, 0), (56.0, 2.0), (-27.0, -21.0), (77.0, -20.0)]
[(32.0, 381.0), (23.0, 389.0), (42.0, 390.0), (-16.0, 323.0), (73.0, 324.0), (4.0, 192.0), (55.0, 190.0), (-7.0, 92.0), (68.0, 91.0), (-9.0, 14.0), (65.0, 13.0), (0, 0), (56.0, 2.0), (-28.0, -21.0), (78.0, -21.0)]
[(32.0, 380.0), (23.0, 388.0), (42.0, 389.0), (-16.0, 322.0), (73.0, 323.0), (4.0, 191.0), (55.0, 189.0), (-6.0, 91.0), (68.0, 90.0), (-9.0, 14.0), (65.0, 12.0), (0, 0), (56.0, 1.0), (-28.0, -22.0), (78.0, -22.0)]
[(32.0, 380.0), (23.0, 388.0), (42.0, 389.0), (-17.0, 322.0), (73.0, 323.0), (4.0, 191.0), (55.0, 189.0), (-6.0, 91.0), (68.0, 90.0), (-9.0, 14.0), (65.0, 12.0), (0, 0), (57.0, 1.0), (-28.0, -22.0), (78.0, -22.0)]
[(32.0, 380.0), (23.0, 388.0), (42.0, 389.0), (-17.0, 323.0), (73.0, 323.0), (4.0, 191.0), (55.0, 189.0), (-6.0, 91.0), (68.0, 91.0), (-9.0, 14.0), (65.0, 12.0), (0, 0), (57.0, 1.0), (-28.0, -22.0), (78.0, -22.0)]
[(32.0, 380.0), (23.0, 388.0), (42.0, 389.0), (-17.0, 323.0), (73.0, 324.0), (4.0, 191.0), (55.0, 190.0), (-6.0, 91.0), (68.0, 91.0), (-9.0, 14.0), (65.0, 12.0), (0, 0), (57.0, 0.0), (-27.0, -22.0), (78.0, -22.0)]
[(33.0, 381.0), (23.0, 389.0), (42.0, 390.0), (-17.0, 324.0), (73.0, 325.0), (4.0, 193.0), (55.0, 191.0), (-6.0, 93.0), (68.0, 93.0), (-9.0, 14.0), (65.0, 13.0), (0, 0), (57.0, 1.0), (-28.0, -21.0), (78.0, -21.0)]
[(33.0, 382.0), (23.0, 390.0), (42.0, 390.0), (-17.0, 324.0), (73.0, 325.0), (4.0, 193.0), (55.0, 191.0), (-6.0, 93.0), (68.0, 93.0), (-9.0, 15.0), (65.0, 13.0), (0, 0), (57.0, 1.0), (-28.0, -21.0), (78.0, -21.0)]
[(33.0, 382.0), (23.0, 390.0), (42.0, 390.0), (-16.0, 325.0), (73.0, 325.0), (4.0, 193.0), (55.0, 191.0), (-6.0, 93.0), (68.0, 93.0), (-9.0, 15.0), (65.0, 13.0), (0, 0), (57.0, 1.0), (-28.0, -21.0), (78.0, -21.0)]
[(34.0, 383.0), (24.0, 391.0), (43.0, 391.0), (-14.0, 326.0), (75.0, 327.0), (5.0, 194.0), (56.0, 192.0), (-5.0, 94.0), (69.0, 94.0), (-9.0, 15.0), (66.0, 14.0), (0, 0), (57.0, 2.0), (-28.0, -20.0), (79.0, -21.0)]
[(35.0, 382.0), (25.0, 390.0), (44.0, 390.0), (-13.0, 326.0), (75.0, 326.0), (5.0, 195.0), (56.0, 193.0), (-5.0, 93.0), (68.0, 93.0), (-9.0, 14.0), (66.0, 13.0), (0, 0), (57.0, 1.0), (-27.0, -21.0), (79.0, -21.0)]
[(35.0, 382.0), (25.0, 390.0), (45.0, 390.0), (-13.0, 326.0), (76.0, 326.0), (5.0, 195.0), (56.0, 193.0), (-5.0, 92.0), (68.0, 93.0), (-9.0, 14.0), (66.0, 14.0), (0, 0), (57.0, 2.0), (-28.0, -21.0), (79.0, -21.0)]
[(36.0, 382.0), (26.0, 390.0), (45.0, 390.0), (-13.0, 326.0), (76.0, 326.0), (5.0, 195.0), (56.0, 193.0), (-5.0, 92.0), (68.0, 93.0), (-9.0, 14.0), (66.0, 14.0), (0, 0), (57.0, 2.0), (-28.0, -21.0), (79.0, -21.0)]
[(36.0, 382.0), (26.0, 390.0), (45.0, 390.0), (-13.0, 327.0), (77.0, 326.0), (5.0, 195.0), (56.0, 193.0), (-5.0, 92.0), (68.0, 93.0), (-9.0, 14.0), (66.0, 14.0), (0, 0), (57.0, 3.0), (-28.0, -21.0), (79.0, -21.0)]
[(36.0, 382.0), (26.0, 390.0), (45.0, 390.0), (-12.0, 327.0), (77.0, 326.0), (6.0, 195.0), (57.0, 193.0), (-5.0, 92.0), (68.0, 93.0), (-9.0, 14.0), (66.0, 15.0), (0, 0), (57.0, 3.0), (-28.0, -21.0), (79.0, -21.0)]
[(37.0, 382.0), (26.0, 390.0), (46.0, 390.0), (-11.0, 327.0), (77.0, 326.0), (6.0, 195.0), (57.0, 193.0), (-5.0, 92.0), (68.0, 93.0), (-9.0, 14.0), (66.0, 15.0), (0, 0), (57.0, 3.0), (-27.0, -21.0), (78.0, -21.0)]
[(37.0, 381.0), (27.0, 389.0), (46.0, 390.0), (-9.0, 327.0), (78.0, 326.0), (7.0, 195.0), (57.0, 193.0), (-5.0, 92.0), (69.0, 93.0), (-9.0, 13.0), (66.0, 15.0), (0, 0), (57.0, 3.0), (-27.0, -21.0), (78.0, -21.0)]
[(37.0, 381.0), (26.0, 389.0), (46.0, 390.0), (-9.0, 327.0), (78.0, 326.0), (6.0, 195.0), (57.0, 193.0), (-6.0, 92.0), (68.0, 93.0), (-10.0, 14.0), (65.0, 14.0), (0, 0), (56.0, 3.0), (-28.0, -21.0), (77.0, -21.0)]
[(38.0, 380.0), (27.0, 388.0), (47.0, 389.0), (-7.0, 327.0), (79.0, 326.0), (9.0, 195.0), (58.0, 193.0), (-3.0, 92.0), (69.0, 93.0), (-9.0, 14.0), (66.0, 15.0), (0, 0), (57.0, 3.0), (-27.0, -21.0), (78.0, -21.0)]
[(38.0, 380.0), (27.0, 388.0), (47.0, 389.0), (-7.0, 327.0), (79.0, 326.0), (9.0, 195.0), (59.0, 193.0), (-3.0, 92.0), (70.0, 93.0), (-9.0, 13.0), (66.0, 14.0), (0, 0), (57.0, 3.0), (-26.0, -21.0), (79.0, -22.0)]
[(38.0, 380.0), (27.0, 388.0), (47.0, 389.0), (-7.0, 329.0), (79.0, 327.0), (9.0, 196.0), (59.0, 194.0), (-3.0, 93.0), (71.0, 94.0), (-9.0, 14.0), (66.0, 15.0), (0, 0), (57.0, 4.0), (-26.0, -20.0), (79.0, -21.0)]
[(38.0, 379.0), (27.0, 388.0), (47.0, 388.0), (-7.0, 328.0), (79.0, 327.0), (10.0, 196.0), (60.0, 194.0), (-2.0, 93.0), (71.0, 94.0), (-9.0, 14.0), (67.0, 15.0), (0, 0), (57.0, 4.0), (-27.0, -20.0), (79.0, -21.0)]
[(38.0, 378.0), (28.0, 387.0), (47.0, 387.0), (-7.0, 327.0), (79.0, 326.0), (11.0, 195.0), (61.0, 193.0), (-2.0, 93.0), (71.0, 93.0), (-9.0, 14.0), (66.0, 14.0), (0, 0), (57.0, 3.0), (-27.0, -21.0), (79.0, -22.0)]
[(37.0, 378.0), (27.0, 387.0), (46.0, 387.0), (-7.0, 327.0), (79.0, 326.0), (11.0, 195.0), (60.0, 193.0), (-2.0, 93.0), (70.0, 94.0), (-10.0, 14.0), (65.0, 14.0), (0, 0), (56.0, 3.0), (-29.0, -21.0), (78.0, -22.0)]
[(37.0, 378.0), (27.0, 386.0), (46.0, 387.0), (-7.0, 327.0), (79.0, 326.0), (11.0, 195.0), (61.0, 192.0), (-2.0, 93.0), (70.0, 94.0), (-10.0, 14.0), (65.0, 14.0), (0, 0), (56.0, 3.0), (-28.0, -21.0), (77.0, -22.0)]
[(37.0, 377.0), (27.0, 385.0), (46.0, 386.0), (-7.0, 326.0), (79.0, 326.0), (11.0, 194.0), (61.0, 191.0), (-2.0, 92.0), (71.0, 94.0), (-10.0, 14.0), (66.0, 14.0), (0, 0), (56.0, 2.0), (-28.0, -21.0), (78.0, -22.0)]
[(37.0, 377.0), (27.0, 385.0), (46.0, 386.0), (-7.0, 326.0), (79.0, 326.0), (11.0, 194.0), (61.0, 191.0), (-2.0, 92.0), (71.0, 94.0), (-9.0, 14.0), (66.0, 14.0), (0, 0), (57.0, 2.0), (-28.0, -21.0), (78.0, -22.0)]
[(37.0, 377.0), (27.0, 385.0), (46.0, 386.0), (-7.0, 325.0), (79.0, 326.0), (11.0, 194.0), (61.0, 191.0), (-1.0, 93.0), (71.0, 94.0), (-9.0, 14.0), (66.0, 14.0), (0, 0), (57.0, 2.0), (-28.0, -21.0), (77.0, -22.0)]
[(36.0, 376.0), (26.0, 384.0), (45.0, 386.0), (-8.0, 325.0), (78.0, 326.0), (11.0, 193.0), (60.0, 191.0), (-2.0, 93.0), (71.0, 93.0), (-10.0, 14.0), (66.0, 14.0), (0, 0), (57.0, 2.0), (-29.0, -20.0), (77.0, -22.0)]
[(35.0, 376.0), (25.0, 384.0), (44.0, 385.0), (-9.0, 324.0), (77.0, 326.0), (10.0, 190.0), (60.0, 190.0), (-3.0, 93.0), (70.0, 93.0), (-11.0, 14.0), (65.0, 14.0), (0, 0), (56.0, 2.0), (-30.0, -20.0), (75.0, -22.0)]
[(35.0, 376.0), (25.0, 384.0), (43.0, 385.0), (-9.0, 324.0), (77.0, 325.0), (10.0, 190.0), (59.0, 189.0), (-3.0, 92.0), (70.0, 92.0), (-11.0, 14.0), (65.0, 14.0), (0, 0), (56.0, 3.0), (-30.0, -21.0), (75.0, -22.0)]
[(34.0, 376.0), (25.0, 383.0), (43.0, 385.0), (-9.0, 323.0), (77.0, 325.0), (10.0, 189.0), (59.0, 189.0), (-3.0, 92.0), (70.0, 92.0), (-11.0, 14.0), (65.0, 14.0), (0, 0), (57.0, 3.0), (-30.0, -22.0), (75.0, -22.0)]
[(34.0, 375.0), (25.0, 383.0), (43.0, 385.0), (-9.0, 323.0), (77.0, 325.0), (10.0, 189.0), (59.0, 188.0), (-3.0, 92.0), (70.0, 91.0), (-11.0, 14.0), (65.0, 14.0), (0, 0), (57.0, 3.0), (-30.0, -21.0), (74.0, -22.0)]
[(34.0, 376.0), (25.0, 384.0), (43.0, 385.0), (-9.0, 324.0), (77.0, 326.0), (10.0, 190.0), (59.0, 189.0), (-3.0, 93.0), (70.0, 92.0), (-11.0, 14.0), (65.0, 15.0), (0, 0), (57.0, 4.0), (-31.0, -21.0), (74.0, -21.0)]
[(34.0, 376.0), (25.0, 384.0), (43.0, 385.0), (-9.0, 325.0), (77.0, 326.0), (10.0, 190.0), (59.0, 189.0), (-3.0, 92.0), (70.0, 92.0), (-11.0, 14.0), (65.0, 14.0), (0, 0), (57.0, 4.0), (-31.0, -21.0), (74.0, -21.0)]
[(34.0, 376.0), (25.0, 384.0), (43.0, 385.0), (-9.0, 325.0), (77.0, 327.0), (9.0, 190.0), (59.0, 189.0), (-3.0, 92.0), (70.0, 92.0), (-11.0, 14.0), (65.0, 14.0), (0, 0), (57.0, 4.0), (-31.0, -21.0), (74.0, -21.0)]
[(34.0, 375.0), (24.0, 384.0), (43.0, 385.0), (-10.0, 326.0), (77.0, 327.0), (9.0, 189.0), (59.0, 189.0), (-4.0, 92.0), (70.0, 91.0), (-11.0, 14.0), (65.0, 14.0), (0, 0), (57.0, 4.0), (-31.0, -21.0), (74.0, -21.0)]
[(33.0, 375.0), (24.0, 383.0), (42.0, 385.0), (-10.0, 326.0), (77.0, 327.0), (8.0, 189.0), (59.0, 189.0), (-4.0, 92.0), (70.0, 91.0), (-10.0, 14.0), (65.0, 14.0), (0, 0), (57.0, 3.0), (-32.0, -20.0), (74.0, -21.0)]
[(33.0, 375.0), (24.0, 383.0), (42.0, 385.0), (-10.0, 326.0), (76.0, 327.0), (7.0, 189.0), (58.0, 189.0), (-4.0, 92.0), (69.0, 91.0), (-10.0, 14.0), (65.0, 14.0), (0, 0), (57.0, 3.0), (-31.0, -20.0), (74.0, -21.0)]
[(33.0, 375.0), (24.0, 383.0), (42.0, 385.0), (-10.0, 325.0), (75.0, 327.0), (7.0, 189.0), (58.0, 189.0), (-4.0, 92.0), (69.0, 91.0), (-10.0, 14.0), (65.0, 14.0), (0, 0), (57.0, 3.0), (-31.0, -19.0), (74.0, -21.0)]
[(33.0, 375.0), (23.0, 383.0), (41.0, 385.0), (-11.0, 325.0), (75.0, 327.0), (7.0, 189.0), (58.0, 189.0), (-4.0, 93.0), (69.0, 92.0), (-10.0, 14.0), (65.0, 14.0), (0, 0), (57.0, 3.0), (-31.0, -19.0), (74.0, -21.0)]
[(33.0, 376.0), (24.0, 384.0), (42.0, 386.0), (-10.0, 327.0), (76.0, 328.0), (8.0, 190.0), (59.0, 190.0), (-3.0, 93.0), (70.0, 92.0), (-9.0, 14.0), (66.0, 15.0), (0, 0), (59.0, 4.0), (-29.0, -19.0), (75.0, -20.0)]
[(33.0, 375.0), (23.0, 383.0), (41.0, 385.0), (-11.0, 325.0), (75.0, 327.0), (8.0, 189.0), (59.0, 189.0), (-3.0, 92.0), (70.0, 91.0), (-10.0, 13.0), (66.0, 13.0), (0, 0), (59.0, 2.0), (-29.0, -20.0), (75.0, -21.0)]
[(33.0, 375.0), (24.0, 383.0), (42.0, 385.0), (-10.0, 326.0), (76.0, 327.0), (9.0, 190.0), (60.0, 189.0), (-2.0, 92.0), (71.0, 91.0), (-9.0, 14.0), (67.0, 13.0), (0, 0), (60.0, 2.0), (-28.0, -20.0), (76.0, -21.0)]
[(33.0, 375.0), (24.0, 383.0), (41.0, 385.0), (-10.0, 326.0), (76.0, 327.0), (9.0, 190.0), (60.0, 189.0), (-3.0, 92.0), (71.0, 91.0), (-9.0, 14.0), (67.0, 13.0), (0, 0), (60.0, 2.0), (-28.0, -20.0), (76.0, -21.0)]
[(33.0, 375.0), (23.0, 383.0), (41.0, 385.0), (-10.0, 327.0), (76.0, 328.0), (8.0, 190.0), (60.0, 190.0), (-3.0, 92.0), (71.0, 92.0), (-9.0, 14.0), (67.0, 13.0), (0, 0), (60.0, 2.0), (-28.0, -20.0), (76.0, -21.0)]
[(33.0, 375.0), (23.0, 384.0), (41.0, 385.0), (-10.0, 327.0), (76.0, 328.0), (8.0, 191.0), (60.0, 190.0), (-3.0, 92.0), (71.0, 92.0), (-9.0, 14.0), (67.0, 13.0), (0, 0), (59.0, 2.0), (-27.0, -20.0), (76.0, -21.0)]
[(32.0, 376.0), (23.0, 384.0), (40.0, 385.0), (-10.0, 327.0), (76.0, 328.0), (8.0, 191.0), (60.0, 190.0), (-3.0, 92.0), (71.0, 92.0), (-9.0, 14.0), (67.0, 13.0), (0, 0), (59.0, 2.0), (-28.0, -20.0), (76.0, -21.0)]
[(32.0, 376.0), (23.0, 384.0), (40.0, 386.0), (-10.0, 327.0), (75.0, 328.0), (8.0, 191.0), (60.0, 191.0), (-3.0, 92.0), (71.0, 92.0), (-9.0, 14.0), (67.0, 13.0), (0, 0), (59.0, 2.0), (-27.0, -20.0), (76.0, -21.0)]
[(32.0, 376.0), (22.0, 384.0), (40.0, 386.0), (-10.0, 327.0), (75.0, 329.0), (8.0, 191.0), (60.0, 191.0), (-3.0, 92.0), (71.0, 92.0), (-9.0, 14.0), (67.0, 13.0), (0, 0), (59.0, 2.0), (-27.0, -20.0), (76.0, -21.0)]
[(32.0, 377.0), (23.0, 385.0), (40.0, 386.0), (-10.0, 327.0), (76.0, 329.0), (9.0, 191.0), (61.0, 191.0), (-2.0, 92.0), (72.0, 92.0), (-8.0, 14.0), (68.0, 13.0), (0, 0), (60.0, 2.0), (-26.0, -20.0), (78.0, -21.0)]
[(32.0, 377.0), (23.0, 385.0), (40.0, 386.0), (-10.0, 326.0), (76.0, 329.0), (9.0, 191.0), (61.0, 191.0), (-2.0, 92.0), (72.0, 92.0), (-8.0, 13.0), (68.0, 13.0), (0, 0), (61.0, 1.0), (-26.0, -20.0), (77.0, -21.0)]
[(32.0, 377.0), (23.0, 385.0), (40.0, 387.0), (-10.0, 327.0), (76.0, 329.0), (9.0, 191.0), (61.0, 191.0), (-2.0, 93.0), (72.0, 93.0), (-8.0, 14.0), (68.0, 13.0), (0, 0), (61.0, 2.0), (-27.0, -19.0), (77.0, -21.0)]
[(32.0, 377.0), (23.0, 385.0), (40.0, 387.0), (-10.0, 327.0), (76.0, 330.0), (9.0, 191.0), (60.0, 191.0), (-2.0, 93.0), (72.0, 93.0), (-8.0, 14.0), (68.0, 13.0), (0, 0), (61.0, 2.0), (-27.0, -19.0), (78.0, -21.0)]
[(32.0, 377.0), (23.0, 385.0), (40.0, 387.0), (-10.0, 326.0), (76.0, 330.0), (9.0, 191.0), (60.0, 191.0), (-2.0, 93.0), (72.0, 93.0), (-8.0, 14.0), (68.0, 13.0), (0, 0), (61.0, 2.0), (-27.0, -19.0), (77.0, -21.0)]
[(31.0, 377.0), (22.0, 385.0), (39.0, 387.0), (-11.0, 327.0), (74.0, 330.0), (9.0, 191.0), (59.0, 191.0), (-3.0, 93.0), (71.0, 93.0), (-9.0, 14.0), (67.0, 13.0), (0, 0), (60.0, 2.0), (-28.0, -19.0), (76.0, -22.0)]
[(31.0, 379.0), (22.0, 386.0), (40.0, 388.0), (-11.0, 326.0), (75.0, 329.0), (8.0, 192.0), (59.0, 191.0), (-3.0, 93.0), (71.0, 93.0), (-9.0, 14.0), (67.0, 14.0), (0, 0), (60.0, 3.0), (-28.0, -19.0), (76.0, -22.0)]
[(31.0, 378.0), (22.0, 385.0), (40.0, 388.0), (-11.0, 325.0), (76.0, 327.0), (8.0, 191.0), (59.0, 190.0), (-3.0, 92.0), (71.0, 92.0), (-9.0, 14.0), (67.0, 12.0), (0, 0), (60.0, 1.0), (-28.0, -20.0), (76.0, -23.0)]
[(31.0, 378.0), (22.0, 386.0), (40.0, 388.0), (-12.0, 324.0), (77.0, 326.0), (8.0, 191.0), (60.0, 190.0), (-3.0, 91.0), (71.0, 92.0), (-9.0, 14.0), (67.0, 13.0), (0, 0), (60.0, 2.0), (-28.0, -21.0), (76.0, -23.0)]
[(32.0, 378.0), (22.0, 386.0), (41.0, 388.0), (-12.0, 324.0), (78.0, 326.0), (8.0, 191.0), (60.0, 190.0), (-3.0, 91.0), (71.0, 92.0), (-8.0, 14.0), (67.0, 13.0), (0, 0), (60.0, 2.0), (-27.0, -21.0), (76.0, -23.0)]
[(32.0, 379.0), (22.0, 386.0), (41.0, 388.0), (-13.0, 324.0), (77.0, 325.0), (7.0, 190.0), (58.0, 189.0), (-4.0, 91.0), (71.0, 92.0), (-9.0, 14.0), (66.0, 13.0), (0, 0), (59.0, 2.0), (-28.0, -21.0), (75.0, -23.0)]
[(32.0, 379.0), (22.0, 386.0), (41.0, 388.0), (-13.0, 324.0), (77.0, 325.0), (7.0, 189.0), (58.0, 190.0), (-4.0, 90.0), (70.0, 92.0), (-9.0, 14.0), (66.0, 13.0), (0, 0), (59.0, 2.0), (-28.0, -21.0), (75.0, -23.0)]
[(33.0, 379.0), (23.0, 386.0), (42.0, 388.0), (-13.0, 324.0), (77.0, 325.0), (7.0, 189.0), (58.0, 190.0), (-4.0, 91.0), (70.0, 92.0), (-9.0, 14.0), (66.0, 13.0), (0, 0), (59.0, 2.0), (-28.0, -21.0), (75.0, -23.0)]
[(34.0, 379.0), (24.0, 387.0), (42.0, 389.0), (-13.0, 324.0), (77.0, 325.0), (7.0, 190.0), (58.0, 190.0), (-4.0, 91.0), (70.0, 92.0), (-9.0, 14.0), (65.0, 13.0), (0, 0), (58.0, 2.0), (-28.0, -21.0), (75.0, -23.0)]
[(34.0, 379.0), (24.0, 387.0), (43.0, 389.0), (-12.0, 324.0), (78.0, 325.0), (7.0, 190.0), (58.0, 190.0), (-4.0, 91.0), (71.0, 91.0), (-9.0, 13.0), (65.0, 13.0), (0, 0), (58.0, 1.0), (-28.0, -21.0), (75.0, -23.0)]
[(35.0, 380.0), (25.0, 388.0), (44.0, 389.0), (-12.0, 324.0), (78.0, 325.0), (7.0, 191.0), (58.0, 190.0), (-4.0, 91.0), (71.0, 91.0), (-9.0, 13.0), (65.0, 12.0), (0, 0), (58.0, 1.0), (-28.0, -21.0), (76.0, -23.0)]
[(36.0, 380.0), (26.0, 388.0), (45.0, 389.0), (-12.0, 325.0), (78.0, 325.0), (7.0, 190.0), (58.0, 190.0), (-4.0, 90.0), (71.0, 90.0), (-9.0, 13.0), (65.0, 12.0), (0, 0), (57.0, 1.0), (-28.0, -21.0), (76.0, -23.0)]
[(36.0, 380.0), (26.0, 388.0), (45.0, 389.0), (-11.0, 325.0), (78.0, 325.0), (7.0, 190.0), (58.0, 190.0), (-4.0, 90.0), (71.0, 90.0), (-9.0, 13.0), (65.0, 12.0), (0, 0), (57.0, 1.0), (-28.0, -22.0), (76.0, -23.0)]
[(37.0, 380.0), (27.0, 388.0), (45.0, 389.0), (-10.0, 325.0), (78.0, 325.0), (7.0, 190.0), (58.0, 190.0), (-4.0, 90.0), (70.0, 90.0), (-9.0, 13.0), (65.0, 12.0), (0, 0), (57.0, 1.0), (-28.0, -22.0), (76.0, -23.0)]
[(38.0, 380.0), (27.0, 388.0), (46.0, 389.0), (-10.0, 326.0), (78.0, 325.0), (7.0, 190.0), (58.0, 189.0), (-4.0, 90.0), (70.0, 89.0), (-9.0, 13.0), (65.0, 12.0), (0, 0), (57.0, 1.0), (-28.0, -22.0), (77.0, -23.0)]
[(38.0, 380.0), (28.0, 388.0), (47.0, 389.0), (-10.0, 326.0), (78.0, 325.0), (7.0, 190.0), (58.0, 189.0), (-4.0, 90.0), (70.0, 89.0), (-9.0, 13.0), (65.0, 12.0), (0, 0), (57.0, 1.0), (-28.0, -21.0), (77.0, -23.0)]
[(38.0, 380.0), (28.0, 388.0), (47.0, 389.0), (-9.0, 326.0), (79.0, 325.0), (7.0, 190.0), (58.0, 189.0), (-4.0, 90.0), (70.0, 89.0), (-9.0, 13.0), (65.0, 13.0), (0, 0), (57.0, 2.0), (-28.0, -21.0), (77.0, -23.0)]
[(38.0, 380.0), (28.0, 388.0), (47.0, 389.0), (-9.0, 327.0), (79.0, 324.0), (7.0, 190.0), (58.0, 189.0), (-4.0, 90.0), (70.0, 89.0), (-9.0, 13.0), (65.0, 13.0), (0, 0), (57.0, 2.0), (-28.0, -21.0), (77.0, -23.0)]
[(37.0, 380.0), (27.0, 388.0), (46.0, 389.0), (-10.0, 327.0), (78.0, 324.0), (6.0, 190.0), (57.0, 189.0), (-5.0, 90.0), (69.0, 89.0), (-10.0, 13.0), (64.0, 13.0), (0, 0), (56.0, 2.0), (-29.0, -21.0), (77.0, -22.0)]
[(37.0, 379.0), (27.0, 388.0), (46.0, 389.0), (-10.0, 327.0), (78.0, 324.0), (6.0, 190.0), (57.0, 189.0), (-6.0, 90.0), (69.0, 89.0), (-10.0, 13.0), (64.0, 13.0), (0, 0), (56.0, 2.0), (-30.0, -21.0), (77.0, -22.0)]
[(38.0, 379.0), (27.0, 388.0), (46.0, 389.0), (-10.0, 328.0), (78.0, 324.0), (6.0, 190.0), (57.0, 189.0), (-6.0, 90.0), (69.0, 89.0), (-10.0, 13.0), (64.0, 13.0), (0, 0), (55.0, 1.0), (-30.0, -21.0), (77.0, -22.0)]
[(39.0, 379.0), (29.0, 388.0), (48.0, 389.0), (-9.0, 328.0), (79.0, 324.0), (7.0, 190.0), (58.0, 189.0), (-5.0, 90.0), (70.0, 89.0), (-9.0, 13.0), (65.0, 12.0), (0, 0), (56.0, 1.0), (-28.0, -21.0), (79.0, -22.0)]
[(40.0, 379.0), (30.0, 388.0), (49.0, 388.0), (-9.0, 328.0), (79.0, 324.0), (7.0, 190.0), (57.0, 189.0), (-5.0, 90.0), (70.0, 89.0), (-9.0, 13.0), (65.0, 12.0), (0, 0), (56.0, 0.0), (-28.0, -21.0), (79.0, -22.0)]
[(40.0, 380.0), (30.0, 388.0), (49.0, 389.0), (-8.0, 329.0), (79.0, 325.0), (6.0, 191.0), (57.0, 190.0), (-5.0, 91.0), (69.0, 90.0), (-9.0, 13.0), (65.0, 13.0), (0, 0), (55.0, 1.0), (-29.0, -20.0), (79.0, -21.0)]
[(40.0, 379.0), (30.0, 388.0), (49.0, 388.0), (-8.0, 329.0), (79.0, 324.0), (6.0, 191.0), (57.0, 190.0), (-5.0, 91.0), (69.0, 91.0), (-9.0, 13.0), (64.0, 13.0), (0, 0), (55.0, 1.0), (-28.0, -20.0), (79.0, -21.0)]
[(41.0, 379.0), (31.0, 388.0), (49.0, 388.0), (-8.0, 329.0), (79.0, 324.0), (6.0, 191.0), (57.0, 190.0), (-5.0, 91.0), (69.0, 91.0), (-9.0, 13.0), (64.0, 13.0), (0, 0), (55.0, 1.0), (-28.0, -20.0), (78.0, -21.0)]
[(41.0, 379.0), (31.0, 388.0), (49.0, 388.0), (-8.0, 329.0), (79.0, 324.0), (6.0, 191.0), (56.0, 190.0), (-6.0, 92.0), (69.0, 91.0), (-9.0, 13.0), (64.0, 12.0), (0, 0), (55.0, 0.0), (-29.0, -20.0), (79.0, -21.0)]
[(41.0, 377.0), (31.0, 386.0), (50.0, 386.0), (-8.0, 328.0), (79.0, 323.0), (6.0, 190.0), (56.0, 190.0), (-6.0, 92.0), (68.0, 91.0), (-9.0, 13.0), (64.0, 11.0), (0, 0), (55.0, 0.0), (-29.0, -21.0), (78.0, -22.0)]
[(41.0, 377.0), (31.0, 386.0), (49.0, 386.0), (-8.0, 328.0), (79.0, 322.0), (6.0, 191.0), (56.0, 190.0), (-6.0, 93.0), (67.0, 92.0), (-9.0, 14.0), (63.0, 11.0), (0, 0), (54.0, 0.0), (-29.0, -21.0), (78.0, -22.0)]
[(41.0, 377.0), (31.0, 386.0), (49.0, 386.0), (-8.0, 328.0), (79.0, 322.0), (6.0, 191.0), (56.0, 190.0), (-6.0, 93.0), (67.0, 92.0), (-9.0, 14.0), (63.0, 12.0), (0, 0), (54.0, 0.0), (-29.0, -21.0), (77.0, -22.0)]
[(41.0, 377.0), (31.0, 386.0), (49.0, 386.0), (-8.0, 328.0), (79.0, 322.0), (6.0, 191.0), (57.0, 190.0), (-7.0, 93.0), (67.0, 92.0), (-9.0, 14.0), (63.0, 12.0), (0, 0), (54.0, 0.0), (-29.0, -21.0), (77.0, -21.0)]
[(41.0, 377.0), (31.0, 386.0), (49.0, 386.0), (-8.0, 328.0), (79.0, 322.0), (5.0, 191.0), (57.0, 190.0), (-7.0, 93.0), (66.0, 93.0), (-9.0, 14.0), (63.0, 12.0), (0, 0), (54.0, 0.0), (-29.0, -21.0), (77.0, -21.0)]
[(41.0, 376.0), (31.0, 385.0), (49.0, 385.0), (-8.0, 327.0), (79.0, 321.0), (5.0, 190.0), (57.0, 190.0), (-7.0, 92.0), (66.0, 92.0), (-10.0, 13.0), (63.0, 11.0), (0, 0), (54.0, -1.0), (-29.0, -22.0), (77.0, -22.0)]
[(42.0, 377.0), (32.0, 386.0), (50.0, 386.0), (-7.0, 328.0), (80.0, 321.0), (6.0, 190.0), (58.0, 190.0), (-6.0, 92.0), (67.0, 93.0), (-9.0, 13.0), (64.0, 11.0), (0, 0), (55.0, 0.0), (-27.0, -22.0), (78.0, -22.0)]
[(44.0, 377.0), (34.0, 386.0), (52.0, 386.0), (-5.0, 328.0), (82.0, 321.0), (8.0, 190.0), (59.0, 190.0), (-5.0, 92.0), (69.0, 93.0), (-8.0, 13.0), (66.0, 11.0), (0, 0), (57.0, 0.0), (-25.0, -22.0), (80.0, -22.0)]
[(44.0, 377.0), (34.0, 386.0), (52.0, 386.0), (-5.0, 328.0), (82.0, 321.0), (8.0, 190.0), (59.0, 190.0), (-5.0, 92.0), (69.0, 93.0), (-8.0, 13.0), (66.0, 11.0), (0, 0), (57.0, 0.0), (-24.0, -22.0), (80.0, -22.0)]
[(43.0, 377.0), (34.0, 386.0), (52.0, 386.0), (-6.0, 327.0), (82.0, 321.0), (8.0, 190.0), (59.0, 190.0), (-5.0, 92.0), (69.0, 94.0), (-8.0, 13.0), (66.0, 11.0), (0, 0), (57.0, 0.0), (-24.0, -22.0), (80.0, -22.0)]
[(43.0, 377.0), (33.0, 386.0), (52.0, 386.0), (-6.0, 327.0), (81.0, 320.0), (8.0, 190.0), (59.0, 190.0), (-5.0, 92.0), (69.0, 94.0), (-8.0, 13.0), (66.0, 11.0), (0, 0), (57.0, 0.0), (-24.0, -22.0), (80.0, -22.0)]
[(44.0, 379.0), (34.0, 388.0), (53.0, 388.0), (-5.0, 328.0), (82.0, 321.0), (9.0, 191.0), (60.0, 191.0), (-4.0, 93.0), (69.0, 95.0), (-7.0, 13.0), (67.0, 12.0), (0, 0), (58.0, 1.0), (-23.0, -22.0), (81.0, -21.0)]
[(43.0, 379.0), (34.0, 388.0), (53.0, 388.0), (-6.0, 328.0), (82.0, 321.0), (9.0, 192.0), (60.0, 192.0), (-4.0, 94.0), (69.0, 96.0), (-7.0, 13.0), (67.0, 12.0), (0, 0), (58.0, 1.0), (-23.0, -22.0), (81.0, -21.0)]
[(44.0, 379.0), (35.0, 388.0), (53.0, 388.0), (-6.0, 328.0), (82.0, 321.0), (10.0, 192.0), (61.0, 192.0), (-3.0, 94.0), (70.0, 97.0), (-6.0, 13.0), (68.0, 13.0), (0, 0), (60.0, 2.0), (-21.0, -21.0), (82.0, -20.0)]
[(44.0, 378.0), (35.0, 387.0), (54.0, 387.0), (-5.0, 327.0), (83.0, 320.0), (11.0, 191.0), (62.0, 191.0), (-3.0, 94.0), (71.0, 96.0), (-6.0, 12.0), (69.0, 13.0), (0, 0), (61.0, 2.0), (-19.0, -23.0), (83.0, -21.0)]
[(44.0, 378.0), (36.0, 387.0), (54.0, 387.0), (-5.0, 327.0), (83.0, 320.0), (11.0, 191.0), (63.0, 190.0), (-2.0, 93.0), (72.0, 96.0), (-6.0, 12.0), (70.0, 13.0), (0, 0), (62.0, 2.0), (-18.0, -23.0), (85.0, -21.0)]
[(43.0, 379.0), (35.0, 387.0), (53.0, 387.0), (-5.0, 328.0), (82.0, 321.0), (10.0, 191.0), (63.0, 190.0), (-3.0, 93.0), (72.0, 95.0), (-6.0, 13.0), (70.0, 13.0), (0, 0), (61.0, 2.0), (-17.0, -22.0), (85.0, -21.0)]
[(42.0, 377.0), (33.0, 386.0), (51.0, 386.0), (-5.0, 326.0), (82.0, 319.0), (10.0, 188.0), (63.0, 188.0), (-3.0, 92.0), (72.0, 93.0), (-6.0, 12.0), (71.0, 12.0), (0, 0), (63.0, 1.0), (-16.0, -23.0), (85.0, -21.0)]
[(40.0, 378.0), (31.0, 387.0), (50.0, 387.0), (-7.0, 327.0), (81.0, 320.0), (10.0, 188.0), (63.0, 187.0), (-3.0, 93.0), (72.0, 92.0), (-6.0, 13.0), (71.0, 13.0), (0, 0), (63.0, 2.0), (-16.0, -22.0), (85.0, -20.0)]
[(38.0, 378.0), (29.0, 387.0), (47.0, 387.0), (-9.0, 326.0), (79.0, 321.0), (8.0, 188.0), (62.0, 187.0), (-4.0, 92.0), (71.0, 92.0), (-6.0, 12.0), (71.0, 14.0), (0, 0), (63.0, 2.0), (-16.0, -22.0), (85.0, -20.0)]
[(28.0, 379.0), (19.0, 388.0), (37.0, 388.0), (-15.0, 324.0), (74.0, 322.0), (6.0, 187.0), (59.0, 188.0), (-6.0, 92.0), (71.0, 91.0), (-6.0, 13.0), (71.0, 15.0), (0, 0), (64.0, 3.0), (-17.0, -21.0), (85.0, -20.0)]
[(24.0, 379.0), (16.0, 387.0), (33.0, 387.0), (-19.0, 320.0), (71.0, 321.0), (5.0, 184.0), (58.0, 187.0), (-7.0, 91.0), (70.0, 90.0), (-6.0, 13.0), (72.0, 14.0), (0, 0), (65.0, 3.0), (-17.0, -21.0), (84.0, -21.0)]
[(23.0, 378.0), (14.0, 386.0), (31.0, 386.0), (-19.0, 318.0), (70.0, 321.0), (6.0, 182.0), (58.0, 185.0), (-6.0, 90.0), (71.0, 89.0), (-6.0, 13.0), (73.0, 14.0), (0, 0), (67.0, 4.0), (-16.0, -22.0), (84.0, -22.0)]
[(21.0, 378.0), (12.0, 386.0), (29.0, 386.0), (-21.0, 318.0), (68.0, 321.0), (5.0, 182.0), (57.0, 185.0), (-6.0, 89.0), (71.0, 88.0), (-6.0, 13.0), (73.0, 14.0), (0, 0), (68.0, 4.0), (-16.0, -22.0), (84.0, -22.0)]
[(19.0, 378.0), (10.0, 386.0), (27.0, 386.0), (-22.0, 318.0), (67.0, 322.0), (5.0, 182.0), (57.0, 185.0), (-6.0, 89.0), (71.0, 89.0), (-6.0, 13.0), (74.0, 14.0), (0, 0), (68.0, 4.0), (-16.0, -22.0), (84.0, -22.0)]
[(19.0, 376.0), (9.0, 384.0), (26.0, 384.0), (-21.0, 316.0), (67.0, 320.0), (6.0, 180.0), (57.0, 183.0), (-5.0, 87.0), (73.0, 87.0), (-5.0, 11.0), (75.0, 12.0), (0, 0), (69.0, 2.0), (-14.0, -23.0), (86.0, -24.0)]
[(19.0, 375.0), (10.0, 384.0), (27.0, 384.0), (-22.0, 316.0), (67.0, 320.0), (5.0, 180.0), (57.0, 183.0), (-5.0, 87.0), (73.0, 88.0), (-5.0, 11.0), (75.0, 12.0), (0, 0), (69.0, 2.0), (-15.0, -23.0), (86.0, -24.0)]
[(21.0, 375.0), (11.0, 383.0), (28.0, 384.0), (-22.0, 316.0), (68.0, 320.0), (4.0, 180.0), (56.0, 183.0), (-6.0, 87.0), (72.0, 88.0), (-6.0, 12.0), (76.0, 12.0), (0, 0), (70.0, 2.0), (-15.0, -23.0), (86.0, -24.0)]
[(22.0, 374.0), (13.0, 382.0), (30.0, 383.0), (-20.0, 315.0), (70.0, 319.0), (5.0, 180.0), (57.0, 182.0), (-5.0, 86.0), (73.0, 87.0), (-5.0, 11.0), (77.0, 11.0), (0, 0), (71.0, 1.0), (-14.0, -24.0), (87.0, -25.0)]
[(23.0, 374.0), (14.0, 382.0), (31.0, 383.0), (-20.0, 314.0), (70.0, 319.0), (5.0, 180.0), (57.0, 182.0), (-5.0, 86.0), (73.0, 89.0), (-5.0, 11.0), (77.0, 12.0), (0, 0), (72.0, 1.0), (-14.0, -24.0), (88.0, -25.0)]
[(23.0, 375.0), (14.0, 383.0), (31.0, 384.0), (-19.0, 314.0), (70.0, 320.0), (5.0, 181.0), (57.0, 183.0), (-5.0, 87.0), (73.0, 91.0), (-5.0, 12.0), (78.0, 13.0), (0, 0), (72.0, 2.0), (-14.0, -23.0), (88.0, -23.0)]
[(24.0, 377.0), (15.0, 384.0), (33.0, 385.0), (-17.0, 315.0), (72.0, 321.0), (6.0, 183.0), (58.0, 184.0), (-5.0, 89.0), (72.0, 93.0), (-6.0, 13.0), (78.0, 13.0), (0, 0), (73.0, 3.0), (-14.0, -22.0), (88.0, -22.0)]
[(30.0, 377.0), (19.0, 384.0), (37.0, 385.0), (-14.0, 315.0), (74.0, 321.0), (8.0, 184.0), (60.0, 185.0), (-3.0, 89.0), (74.0, 93.0), (-6.0, 13.0), (80.0, 13.0), (0, 0), (74.0, 2.0), (-13.0, -22.0), (89.0, -22.0)]
[(33.0, 377.0), (22.0, 384.0), (40.0, 385.0), (-11.0, 315.0), (76.0, 321.0), (9.0, 185.0), (61.0, 186.0), (-2.0, 89.0), (74.0, 92.0), (-5.0, 12.0), (80.0, 13.0), (0, 0), (74.0, 2.0), (-13.0, -23.0), (89.0, -22.0)]
[(34.0, 377.0), (24.0, 384.0), (42.0, 385.0), (-10.0, 315.0), (77.0, 321.0), (10.0, 186.0), (61.0, 186.0), (-1.0, 89.0), (74.0, 93.0), (-5.0, 12.0), (79.0, 13.0), (0, 0), (73.0, 2.0), (-13.0, -23.0), (89.0, -22.0)]
[(35.0, 377.0), (25.0, 384.0), (43.0, 385.0), (-9.0, 316.0), (78.0, 321.0), (10.0, 186.0), (62.0, 187.0), (-1.0, 89.0), (75.0, 93.0), (-6.0, 12.0), (78.0, 12.0), (0, 0), (72.0, 2.0), (-14.0, -23.0), (88.0, -23.0)]
[(35.0, 377.0), (25.0, 384.0), (42.0, 385.0), (-10.0, 316.0), (77.0, 321.0), (9.0, 186.0), (61.0, 187.0), (-2.0, 90.0), (74.0, 93.0), (-6.0, 12.0), (76.0, 12.0), (0, 0), (69.0, 2.0), (-16.0, -24.0), (86.0, -23.0)]
[(35.0, 376.0), (25.0, 383.0), (43.0, 384.0), (-10.0, 315.0), (77.0, 320.0), (9.0, 186.0), (61.0, 187.0), (-2.0, 89.0), (73.0, 92.0), (-6.0, 12.0), (75.0, 11.0), (0, 0), (68.0, 1.0), (-17.0, -25.0), (85.0, -24.0)]
[(37.0, 378.0), (27.0, 385.0), (44.0, 386.0), (-9.0, 317.0), (79.0, 322.0), (10.0, 187.0), (62.0, 189.0), (-2.0, 90.0), (74.0, 93.0), (-6.0, 12.0), (75.0, 12.0), (0, 0), (68.0, 1.0), (-17.0, -25.0), (86.0, -22.0)]
[(38.0, 378.0), (28.0, 385.0), (46.0, 386.0), (-8.0, 317.0), (80.0, 322.0), (10.0, 187.0), (63.0, 188.0), (-1.0, 90.0), (75.0, 92.0), (-6.0, 12.0), (75.0, 12.0), (0, 0), (68.0, 1.0), (-17.0, -25.0), (86.0, -22.0)]
[(37.0, 379.0), (27.0, 386.0), (45.0, 387.0), (-10.0, 318.0), (79.0, 323.0), (9.0, 188.0), (63.0, 189.0), (-2.0, 90.0), (74.0, 93.0), (-7.0, 12.0), (73.0, 13.0), (0, 0), (66.0, 2.0), (-20.0, -24.0), (84.0, -21.0)]
[(37.0, 379.0), (27.0, 386.0), (45.0, 387.0), (-9.0, 320.0), (79.0, 323.0), (10.0, 188.0), (63.0, 189.0), (-2.0, 90.0), (74.0, 93.0), (-8.0, 12.0), (73.0, 12.0), (0, 0), (66.0, 1.0), (-20.0, -25.0), (84.0, -22.0)]
[(38.0, 379.0), (28.0, 386.0), (46.0, 387.0), (-8.0, 320.0), (81.0, 323.0), (10.0, 188.0), (63.0, 189.0), (-2.0, 90.0), (74.0, 93.0), (-8.0, 12.0), (73.0, 12.0), (0, 0), (66.0, 1.0), (-20.0, -25.0), (84.0, -22.0)]
[(38.0, 380.0), (28.0, 388.0), (46.0, 388.0), (-9.0, 321.0), (80.0, 324.0), (9.0, 189.0), (62.0, 190.0), (-2.0, 91.0), (73.0, 94.0), (-8.0, 13.0), (72.0, 13.0), (0, 0), (65.0, 3.0), (-21.0, -23.0), (83.0, -21.0)]
[(39.0, 380.0), (29.0, 388.0), (47.0, 388.0), (-8.0, 321.0), (81.0, 324.0), (10.0, 189.0), (63.0, 190.0), (-1.0, 91.0), (74.0, 94.0), (-8.0, 12.0), (73.0, 13.0), (0, 0), (66.0, 3.0), (-20.0, -23.0), (84.0, -21.0)]
[(39.0, 380.0), (29.0, 388.0), (48.0, 388.0), (-8.0, 321.0), (82.0, 324.0), (10.0, 189.0), (63.0, 190.0), (-0.0, 91.0), (74.0, 94.0), (-8.0, 13.0), (73.0, 14.0), (0, 0), (66.0, 3.0), (-20.0, -23.0), (84.0, -21.0)]
[(39.0, 380.0), (29.0, 388.0), (48.0, 388.0), (-7.0, 322.0), (82.0, 324.0), (10.0, 189.0), (63.0, 190.0), (-0.0, 92.0), (74.0, 93.0), (-8.0, 13.0), (73.0, 13.0), (0, 0), (66.0, 3.0), (-20.0, -22.0), (84.0, -21.0)]
[(39.0, 380.0), (30.0, 388.0), (48.0, 388.0), (-7.0, 322.0), (82.0, 324.0), (10.0, 189.0), (63.0, 190.0), (-0.0, 92.0), (74.0, 93.0), (-8.0, 13.0), (73.0, 13.0), (0, 0), (66.0, 2.0), (-20.0, -22.0), (84.0, -21.0)]
[(40.0, 380.0), (31.0, 388.0), (49.0, 388.0), (-6.0, 322.0), (83.0, 324.0), (11.0, 189.0), (64.0, 190.0), (1.0, 92.0), (75.0, 93.0), (-7.0, 13.0), (74.0, 13.0), (0, 0), (67.0, 2.0), (-19.0, -22.0), (86.0, -21.0)]
[(40.0, 379.0), (30.0, 387.0), (49.0, 387.0), (-7.0, 321.0), (83.0, 324.0), (11.0, 188.0), (64.0, 189.0), (1.0, 91.0), (75.0, 91.0), (-7.0, 13.0), (74.0, 12.0), (0, 0), (66.0, 1.0), (-19.0, -23.0), (86.0, -22.0)]
[(41.0, 379.0), (31.0, 387.0), (50.0, 387.0), (-6.0, 321.0), (83.0, 324.0), (12.0, 188.0), (65.0, 188.0), (1.0, 91.0), (76.0, 90.0), (-6.0, 13.0), (75.0, 12.0), (0, 0), (67.0, 1.0), (-18.0, -22.0), (87.0, -22.0)]
[(41.0, 378.0), (31.0, 386.0), (49.0, 386.0), (-6.0, 320.0), (83.0, 323.0), (12.0, 187.0), (64.0, 187.0), (1.0, 90.0), (76.0, 89.0), (-6.0, 13.0), (75.0, 11.0), (0, 0), (67.0, 1.0), (-18.0, -23.0), (87.0, -23.0)]
[(40.0, 378.0), (31.0, 386.0), (49.0, 386.0), (-6.0, 320.0), (83.0, 324.0), (12.0, 187.0), (64.0, 187.0), (1.0, 90.0), (76.0, 89.0), (-6.0, 13.0), (75.0, 11.0), (0, 0), (67.0, 1.0), (-18.0, -23.0), (87.0, -23.0)]
[(40.0, 378.0), (31.0, 385.0), (48.0, 386.0), (-6.0, 320.0), (82.0, 324.0), (12.0, 187.0), (64.0, 188.0), (1.0, 91.0), (75.0, 90.0), (-6.0, 13.0), (75.0, 11.0), (0, 0), (67.0, 1.0), (-18.0, -22.0), (87.0, -23.0)]
[(37.0, 378.0), (29.0, 385.0), (46.0, 386.0), (-8.0, 320.0), (80.0, 324.0), (10.0, 187.0), (61.0, 188.0), (-1.0, 91.0), (73.0, 90.0), (-7.0, 13.0), (73.0, 11.0), (0, 0), (65.0, 1.0), (-20.0, -22.0), (85.0, -23.0)]
[(36.0, 378.0), (28.0, 385.0), (45.0, 386.0), (-9.0, 320.0), (80.0, 324.0), (9.0, 187.0), (60.0, 188.0), (-2.0, 91.0), (72.0, 90.0), (-7.0, 14.0), (73.0, 11.0), (0, 0), (65.0, 1.0), (-20.0, -22.0), (84.0, -23.0)]
[(37.0, 377.0), (28.0, 385.0), (45.0, 386.0), (-8.0, 320.0), (80.0, 324.0), (10.0, 187.0), (61.0, 188.0), (-1.0, 91.0), (73.0, 90.0), (-7.0, 14.0), (74.0, 11.0), (0, 0), (66.0, 1.0), (-19.0, -22.0), (85.0, -23.0)]
[(36.0, 377.0), (28.0, 385.0), (45.0, 386.0), (-8.0, 320.0), (79.0, 325.0), (10.0, 187.0), (61.0, 188.0), (-2.0, 91.0), (73.0, 90.0), (-7.0, 14.0), (74.0, 11.0), (0, 0), (66.0, 1.0), (-19.0, -22.0), (85.0, -23.0)]
[(36.0, 376.0), (28.0, 384.0), (44.0, 385.0), (-9.0, 319.0), (79.0, 324.0), (10.0, 186.0), (61.0, 187.0), (-2.0, 91.0), (73.0, 89.0), (-7.0, 13.0), (74.0, 10.0), (0, 0), (66.0, 0.0), (-19.0, -23.0), (85.0, -24.0)]
[(36.0, 376.0), (28.0, 384.0), (44.0, 385.0), (-9.0, 319.0), (78.0, 324.0), (9.0, 186.0), (60.0, 187.0), (-2.0, 91.0), (73.0, 89.0), (-7.0, 13.0), (74.0, 10.0), (0, 0), (66.0, 0.0), (-19.0, -23.0), (85.0, -24.0)]
[(36.0, 377.0), (27.0, 385.0), (44.0, 386.0), (-9.0, 320.0), (78.0, 325.0), (9.0, 187.0), (60.0, 188.0), (-2.0, 92.0), (73.0, 90.0), (-6.0, 13.0), (74.0, 11.0), (0, 0), (67.0, 1.0), (-19.0, -22.0), (85.0, -23.0)]
[(34.0, 377.0), (26.0, 385.0), (43.0, 386.0), (-10.0, 320.0), (77.0, 325.0), (8.0, 187.0), (59.0, 188.0), (-3.0, 92.0), (72.0, 91.0), (-7.0, 14.0), (73.0, 11.0), (0, 0), (66.0, 1.0), (-20.0, -22.0), (84.0, -23.0)]
[(35.0, 376.0), (27.0, 384.0), (44.0, 385.0), (-9.0, 320.0), (78.0, 325.0), (9.0, 187.0), (60.0, 188.0), (-3.0, 92.0), (73.0, 91.0), (-7.0, 14.0), (74.0, 11.0), (0, 0), (67.0, 1.0), (-19.0, -22.0), (85.0, -23.0)]
[(35.0, 375.0), (26.0, 383.0), (43.0, 384.0), (-10.0, 319.0), (77.0, 324.0), (9.0, 187.0), (60.0, 188.0), (-3.0, 91.0), (72.0, 90.0), (-7.0, 13.0), (74.0, 10.0), (0, 0), (66.0, 0.0), (-19.0, -23.0), (85.0, -24.0)]
[(35.0, 376.0), (26.0, 384.0), (43.0, 385.0), (-10.0, 320.0), (77.0, 325.0), (9.0, 188.0), (60.0, 189.0), (-3.0, 92.0), (72.0, 91.0), (-7.0, 13.0), (74.0, 11.0), (0, 0), (66.0, 1.0), (-19.0, -22.0), (85.0, -23.0)]
[(35.0, 377.0), (26.0, 385.0), (43.0, 386.0), (-11.0, 321.0), (77.0, 326.0), (9.0, 189.0), (60.0, 190.0), (-3.0, 92.0), (72.0, 92.0), (-7.0, 13.0), (74.0, 12.0), (0, 0), (66.0, 2.0), (-19.0, -21.0), (85.0, -22.0)]
[(34.0, 377.0), (25.0, 385.0), (42.0, 386.0), (-12.0, 321.0), (76.0, 326.0), (8.0, 189.0), (59.0, 190.0), (-4.0, 92.0), (71.0, 92.0), (-8.0, 13.0), (73.0, 13.0), (0, 0), (65.0, 3.0), (-20.0, -21.0), (83.0, -22.0)]
[(34.0, 377.0), (25.0, 385.0), (42.0, 386.0), (-12.0, 321.0), (76.0, 326.0), (8.0, 189.0), (59.0, 190.0), (-4.0, 93.0), (71.0, 93.0), (-8.0, 13.0), (73.0, 13.0), (0, 0), (65.0, 3.0), (-20.0, -21.0), (83.0, -21.0)]
[(33.0, 377.0), (25.0, 385.0), (42.0, 386.0), (-12.0, 321.0), (76.0, 326.0), (8.0, 189.0), (59.0, 190.0), (-4.0, 92.0), (71.0, 93.0), (-8.0, 13.0), (73.0, 13.0), (0, 0), (65.0, 3.0), (-20.0, -21.0), (83.0, -21.0)]
[(33.0, 376.0), (25.0, 384.0), (42.0, 385.0), (-12.0, 320.0), (76.0, 325.0), (8.0, 188.0), (59.0, 189.0), (-4.0, 91.0), (71.0, 92.0), (-8.0, 13.0), (73.0, 12.0), (0, 0), (65.0, 2.0), (-20.0, -22.0), (83.0, -22.0)]
[(33.0, 376.0), (25.0, 384.0), (42.0, 385.0), (-12.0, 320.0), (76.0, 324.0), (7.0, 188.0), (59.0, 189.0), (-4.0, 91.0), (71.0, 92.0), (-8.0, 13.0), (73.0, 12.0), (0, 0), (65.0, 2.0), (-20.0, -22.0), (82.0, -22.0)]
[(33.0, 376.0), (25.0, 384.0), (42.0, 385.0), (-12.0, 319.0), (76.0, 324.0), (8.0, 188.0), (60.0, 188.0), (-4.0, 91.0), (71.0, 91.0), (-8.0, 13.0), (73.0, 12.0), (0, 0), (66.0, 2.0), (-20.0, -23.0), (82.0, -23.0)]
[(34.0, 376.0), (25.0, 384.0), (42.0, 385.0), (-12.0, 318.0), (76.0, 323.0), (8.0, 187.0), (60.0, 188.0), (-4.0, 91.0), (71.0, 92.0), (-8.0, 12.0), (73.0, 13.0), (0, 0), (66.0, 4.0), (-20.0, -23.0), (82.0, -23.0)]
[(34.0, 376.0), (25.0, 384.0), (43.0, 385.0), (-12.0, 318.0), (76.0, 323.0), (8.0, 187.0), (60.0, 188.0), (-4.0, 91.0), (71.0, 92.0), (-7.0, 12.0), (73.0, 14.0), (0, 0), (66.0, 5.0), (-20.0, -23.0), (82.0, -23.0)]
[(35.0, 376.0), (26.0, 384.0), (44.0, 385.0), (-11.0, 318.0), (77.0, 323.0), (9.0, 186.0), (61.0, 188.0), (-3.0, 91.0), (72.0, 92.0), (-6.0, 12.0), (74.0, 14.0), (0, 0), (67.0, 5.0), (-19.0, -23.0), (83.0, -23.0)]
[(34.0, 377.0), (25.0, 385.0), (43.0, 386.0), (-12.0, 320.0), (76.0, 324.0), (8.0, 187.0), (60.0, 189.0), (-4.0, 92.0), (71.0, 92.0), (-7.0, 13.0), (73.0, 15.0), (0, 0), (66.0, 6.0), (-20.0, -22.0), (82.0, -22.0)]
[(35.0, 377.0), (25.0, 385.0), (43.0, 386.0), (-11.0, 320.0), (76.0, 324.0), (8.0, 187.0), (59.0, 189.0), (-4.0, 91.0), (71.0, 92.0), (-7.0, 13.0), (73.0, 14.0), (0, 0), (66.0, 6.0), (-22.0, -22.0), (82.0, -22.0)]
[(35.0, 378.0), (25.0, 386.0), (43.0, 387.0), (-11.0, 321.0), (76.0, 325.0), (8.0, 187.0), (58.0, 190.0), (-4.0, 92.0), (72.0, 93.0), (-7.0, 13.0), (73.0, 15.0), (0, 0), (67.0, 6.0), (-22.0, -21.0), (82.0, -21.0)]
[(35.0, 377.0), (26.0, 385.0), (44.0, 386.0), (-10.0, 320.0), (76.0, 324.0), (9.0, 187.0), (59.0, 189.0), (-4.0, 91.0), (73.0, 92.0), (-6.0, 13.0), (74.0, 15.0), (0, 0), (68.0, 5.0), (-20.0, -23.0), (83.0, -22.0)]
[(36.0, 377.0), (26.0, 385.0), (44.0, 386.0), (-10.0, 321.0), (75.0, 324.0), (10.0, 188.0), (59.0, 190.0), (-4.0, 91.0), (74.0, 92.0), (-6.0, 13.0), (74.0, 15.0), (0, 0), (68.0, 6.0), (-20.0, -23.0), (82.0, -22.0)]
[(35.0, 377.0), (26.0, 385.0), (44.0, 386.0), (-10.0, 322.0), (75.0, 324.0), (10.0, 189.0), (59.0, 190.0), (-4.0, 91.0), (74.0, 92.0), (-7.0, 13.0), (74.0, 15.0), (0, 0), (68.0, 5.0), (-20.0, -23.0), (82.0, -22.0)]
[(35.0, 377.0), (26.0, 386.0), (44.0, 387.0), (-9.0, 325.0), (74.0, 326.0), (10.0, 190.0), (60.0, 191.0), (-4.0, 92.0), (75.0, 92.0), (-7.0, 14.0), (74.0, 16.0), (0, 0), (67.0, 6.0), (-21.0, -22.0), (82.0, -21.0)]
[(35.0, 378.0), (26.0, 386.0), (44.0, 388.0), (-9.0, 327.0), (73.0, 328.0), (10.0, 191.0), (61.0, 192.0), (-4.0, 93.0), (75.0, 93.0), (-8.0, 14.0), (74.0, 16.0), (0, 0), (67.0, 6.0), (-22.0, -21.0), (83.0, -20.0)]
[(35.0, 378.0), (26.0, 386.0), (43.0, 387.0), (-9.0, 328.0), (72.0, 329.0), (10.0, 193.0), (61.0, 193.0), (-5.0, 93.0), (75.0, 94.0), (-8.0, 14.0), (74.0, 16.0), (0, 0), (67.0, 6.0), (-22.0, -22.0), (83.0, -20.0)]
[(34.0, 376.0), (25.0, 385.0), (43.0, 385.0), (-9.0, 329.0), (72.0, 330.0), (10.0, 193.0), (61.0, 193.0), (-5.0, 93.0), (75.0, 94.0), (-8.0, 14.0), (74.0, 16.0), (0, 0), (67.0, 6.0), (-22.0, -22.0), (83.0, -20.0)]
[(34.0, 375.0), (25.0, 384.0), (43.0, 384.0), (-8.0, 329.0), (72.0, 330.0), (10.0, 193.0), (61.0, 193.0), (-5.0, 94.0), (75.0, 94.0), (-8.0, 14.0), (74.0, 17.0), (0, 0), (67.0, 7.0), (-22.0, -22.0), (83.0, -20.0)]
[(33.0, 374.0), (24.0, 383.0), (42.0, 383.0), (-9.0, 329.0), (70.0, 330.0), (9.0, 193.0), (61.0, 193.0), (-6.0, 94.0), (75.0, 94.0), (-9.0, 14.0), (73.0, 16.0), (0, 0), (66.0, 6.0), (-23.0, -21.0), (82.0, -20.0)]
[(33.0, 374.0), (24.0, 382.0), (42.0, 382.0), (-10.0, 329.0), (70.0, 330.0), (8.0, 193.0), (61.0, 192.0), (-6.0, 93.0), (76.0, 93.0), (-9.0, 14.0), (73.0, 16.0), (0, 0), (66.0, 6.0), (-23.0, -21.0), (83.0, -20.0)]
[(31.0, 373.0), (22.0, 382.0), (40.0, 382.0), (-11.0, 329.0), (69.0, 330.0), (7.0, 192.0), (60.0, 191.0), (-7.0, 94.0), (75.0, 93.0), (-9.0, 14.0), (72.0, 15.0), (0, 0), (65.0, 5.0), (-25.0, -20.0), (83.0, -20.0)]
[(31.0, 373.0), (21.0, 382.0), (39.0, 382.0), (-11.0, 328.0), (69.0, 329.0), (6.0, 190.0), (59.0, 190.0), (-9.0, 93.0), (76.0, 91.0), (-9.0, 14.0), (72.0, 15.0), (0, 0), (65.0, 5.0), (-25.0, -20.0), (83.0, -20.0)]
[(30.0, 373.0), (21.0, 382.0), (39.0, 382.0), (-12.0, 328.0), (69.0, 328.0), (5.0, 190.0), (59.0, 189.0), (-10.0, 93.0), (75.0, 91.0), (-9.0, 14.0), (72.0, 15.0), (0, 0), (65.0, 5.0), (-26.0, -20.0), (83.0, -20.0)]
[(28.0, 372.0), (19.0, 381.0), (37.0, 381.0), (-14.0, 327.0), (68.0, 326.0), (4.0, 188.0), (58.0, 188.0), (-11.0, 92.0), (75.0, 90.0), (-9.0, 14.0), (72.0, 14.0), (0, 0), (65.0, 4.0), (-26.0, -21.0), (83.0, -20.0)]
[(28.0, 372.0), (19.0, 381.0), (36.0, 381.0), (-14.0, 326.0), (68.0, 326.0), (3.0, 188.0), (58.0, 188.0), (-12.0, 92.0), (74.0, 89.0), (-9.0, 14.0), (72.0, 15.0), (0, 0), (65.0, 5.0), (-26.0, -21.0), (83.0, -20.0)]
[(24.0, 372.0), (15.0, 380.0), (32.0, 380.0), (-17.0, 326.0), (65.0, 326.0), (1.0, 187.0), (56.0, 188.0), (-14.0, 91.0), (73.0, 89.0), (-10.0, 13.0), (72.0, 14.0), (0, 0), (65.0, 5.0), (-28.0, -21.0), (82.0, -20.0)]
[(24.0, 373.0), (15.0, 381.0), (32.0, 381.0), (-18.0, 327.0), (65.0, 326.0), (1.0, 188.0), (56.0, 189.0), (-14.0, 92.0), (72.0, 90.0), (-10.0, 14.0), (72.0, 15.0), (0, 0), (65.0, 6.0), (-27.0, -20.0), (82.0, -19.0)]
[(23.0, 374.0), (14.0, 382.0), (31.0, 381.0), (-19.0, 327.0), (65.0, 326.0), (1.0, 188.0), (55.0, 189.0), (-14.0, 92.0), (72.0, 90.0), (-10.0, 14.0), (71.0, 15.0), (0, 0), (64.0, 6.0), (-28.0, -20.0), (82.0, -19.0)]
[(23.0, 374.0), (14.0, 382.0), (32.0, 382.0), (-19.0, 328.0), (64.0, 326.0), (1.0, 188.0), (55.0, 190.0), (-14.0, 92.0), (72.0, 90.0), (-10.0, 14.0), (71.0, 15.0), (0, 0), (64.0, 5.0), (-28.0, -20.0), (82.0, -19.0)]
[(24.0, 374.0), (15.0, 382.0), (32.0, 382.0), (-19.0, 328.0), (64.0, 327.0), (1.0, 188.0), (55.0, 190.0), (-14.0, 91.0), (72.0, 90.0), (-10.0, 14.0), (71.0, 15.0), (0, 0), (64.0, 5.0), (-28.0, -20.0), (82.0, -19.0)]
[(25.0, 373.0), (16.0, 381.0), (33.0, 381.0), (-18.0, 327.0), (65.0, 325.0), (2.0, 188.0), (56.0, 189.0), (-14.0, 90.0), (72.0, 89.0), (-10.0, 13.0), (72.0, 14.0), (0, 0), (64.0, 4.0), (-26.0, -21.0), (83.0, -20.0)]
[(25.0, 373.0), (16.0, 381.0), (33.0, 381.0), (-17.0, 327.0), (65.0, 325.0), (2.0, 188.0), (56.0, 189.0), (-13.0, 91.0), (72.0, 89.0), (-10.0, 13.0), (72.0, 14.0), (0, 0), (64.0, 4.0), (-26.0, -22.0), (83.0, -20.0)]
[(26.0, 373.0), (17.0, 381.0), (34.0, 381.0), (-16.0, 326.0), (66.0, 325.0), (3.0, 188.0), (57.0, 189.0), (-12.0, 91.0), (73.0, 89.0), (-9.0, 13.0), (73.0, 14.0), (0, 0), (65.0, 4.0), (-25.0, -22.0), (84.0, -20.0)]
[(25.0, 374.0), (16.0, 381.0), (33.0, 381.0), (-17.0, 326.0), (65.0, 325.0), (3.0, 188.0), (56.0, 189.0), (-13.0, 91.0), (72.0, 89.0), (-10.0, 13.0), (72.0, 14.0), (0, 0), (64.0, 4.0), (-26.0, -21.0), (83.0, -20.0)]
[(27.0, 374.0), (17.0, 382.0), (35.0, 382.0), (-16.0, 326.0), (67.0, 325.0), (4.0, 188.0), (58.0, 189.0), (-11.0, 91.0), (74.0, 89.0), (-9.0, 13.0), (73.0, 14.0), (0, 0), (65.0, 4.0), (-25.0, -21.0), (84.0, -20.0)]
[(27.0, 374.0), (18.0, 382.0), (36.0, 382.0), (-16.0, 326.0), (67.0, 325.0), (5.0, 188.0), (58.0, 188.0), (-11.0, 91.0), (75.0, 88.0), (-9.0, 13.0), (73.0, 14.0), (0, 0), (65.0, 4.0), (-25.0, -21.0), (84.0, -20.0)]
[(27.0, 374.0), (18.0, 382.0), (36.0, 382.0), (-16.0, 326.0), (67.0, 325.0), (5.0, 187.0), (58.0, 188.0), (-11.0, 90.0), (75.0, 88.0), (-9.0, 13.0), (74.0, 14.0), (0, 0), (66.0, 4.0), (-25.0, -21.0), (84.0, -20.0)]
[(28.0, 374.0), (19.0, 381.0), (37.0, 382.0), (-14.0, 326.0), (69.0, 325.0), (6.0, 187.0), (60.0, 187.0), (-10.0, 90.0), (76.0, 86.0), (-9.0, 13.0), (75.0, 13.0), (0, 0), (67.0, 4.0), (-25.0, -21.0), (85.0, -20.0)]
[(27.0, 374.0), (17.0, 381.0), (35.0, 381.0), (-16.0, 325.0), (67.0, 325.0), (4.0, 186.0), (58.0, 186.0), (-12.0, 90.0), (75.0, 86.0), (-10.0, 14.0), (73.0, 13.0), (0, 0), (64.0, 4.0), (-26.0, -21.0), (83.0, -20.0)]
[(28.0, 371.0), (18.0, 379.0), (36.0, 379.0), (-15.0, 323.0), (70.0, 323.0), (6.0, 184.0), (61.0, 184.0), (-11.0, 89.0), (76.0, 86.0), (-9.0, 14.0), (74.0, 13.0), (0, 0), (66.0, 3.0), (-25.0, -21.0), (84.0, -20.0)]
[(28.0, 370.0), (19.0, 377.0), (37.0, 377.0), (-15.0, 322.0), (70.0, 321.0), (7.0, 183.0), (61.0, 183.0), (-11.0, 89.0), (77.0, 85.0), (-9.0, 14.0), (74.0, 13.0), (0, 0), (66.0, 3.0), (-25.0, -21.0), (84.0, -20.0)]
[(29.0, 367.0), (19.0, 375.0), (37.0, 375.0), (-15.0, 321.0), (70.0, 319.0), (8.0, 181.0), (61.0, 182.0), (-11.0, 89.0), (77.0, 85.0), (-9.0, 14.0), (74.0, 12.0), (0, 0), (66.0, 2.0), (-25.0, -18.0), (84.0, -20.0)]
[(29.0, 363.0), (20.0, 371.0), (37.0, 370.0), (-15.0, 318.0), (70.0, 312.0), (8.0, 177.0), (62.0, 178.0), (-12.0, 86.0), (77.0, 83.0), (-9.0, 12.0), (74.0, 10.0), (0, 0), (66.0, 0.0), (-25.0, -20.0), (84.0, -22.0)]
[(29.0, 360.0), (20.0, 368.0), (37.0, 368.0), (-15.0, 316.0), (70.0, 311.0), (8.0, 176.0), (62.0, 177.0), (-12.0, 87.0), (77.0, 82.0), (-9.0, 12.0), (74.0, 10.0), (0, 0), (65.0, 0.0), (-25.0, -20.0), (85.0, -22.0)]
[(29.0, 356.0), (20.0, 364.0), (37.0, 363.0), (-15.0, 315.0), (70.0, 309.0), (8.0, 175.0), (62.0, 176.0), (-12.0, 87.0), (78.0, 83.0), (-9.0, 13.0), (74.0, 11.0), (0, 0), (65.0, 1.0), (-25.0, -19.0), (85.0, -21.0)]
[(30.0, 353.0), (20.0, 361.0), (37.0, 360.0), (-15.0, 312.0), (70.0, 306.0), (8.0, 172.0), (62.0, 173.0), (-13.0, 86.0), (78.0, 82.0), (-10.0, 12.0), (74.0, 10.0), (0, 0), (65.0, 1.0), (-24.0, -19.0), (85.0, -21.0)]
[(31.0, 348.0), (21.0, 355.0), (38.0, 354.0), (-14.0, 310.0), (70.0, 304.0), (9.0, 171.0), (63.0, 172.0), (-13.0, 85.0), (79.0, 81.0), (-9.0, 12.0), (75.0, 11.0), (0, 0), (66.0, 1.0), (-24.0, -19.0), (86.0, -21.0)]
[(31.0, 333.0), (21.0, 340.0), (38.0, 340.0), (-13.0, 297.0), (70.0, 294.0), (9.0, 165.0), (63.0, 166.0), (-14.0, 85.0), (79.0, 81.0), (-9.0, 12.0), (74.0, 11.0), (0, 0), (66.0, 2.0), (-24.0, -19.0), (86.0, -21.0)]
[(29.0, 321.0), (19.0, 328.0), (37.0, 328.0), (-13.0, 287.0), (67.0, 287.0), (7.0, 161.0), (61.0, 161.0), (-19.0, 84.0), (78.0, 78.0), (-11.0, 11.0), (73.0, 12.0), (0, 0), (65.0, 3.0), (-27.0, -20.0), (84.0, -20.0)]
[(30.0, 313.0), (21.0, 321.0), (38.0, 321.0), (-11.0, 280.0), (67.0, 282.0), (7.0, 157.0), (61.0, 158.0), (-21.0, 84.0), (79.0, 77.0), (-11.0, 10.0), (74.0, 12.0), (0, 0), (66.0, 4.0), (-29.0, -20.0), (84.0, -20.0)]
[(31.0, 306.0), (22.0, 314.0), (39.0, 314.0), (-9.0, 273.0), (69.0, 276.0), (8.0, 154.0), (62.0, 154.0), (-22.0, 81.0), (81.0, 76.0), (-10.0, 10.0), (75.0, 12.0), (0, 0), (68.0, 4.0), (-28.0, -21.0), (84.0, -21.0)]
[(29.0, 298.0), (20.0, 306.0), (37.0, 306.0), (-9.0, 265.0), (68.0, 267.0), (7.0, 152.0), (61.0, 151.0), (-25.0, 80.0), (81.0, 75.0), (-11.0, 10.0), (74.0, 12.0), (0, 0), (67.0, 4.0), (-29.0, -22.0), (83.0, -21.0)]
[(29.0, 291.0), (20.0, 298.0), (37.0, 299.0), (-8.0, 260.0), (68.0, 261.0), (7.0, 149.0), (61.0, 149.0), (-26.0, 79.0), (82.0, 75.0), (-11.0, 10.0), (74.0, 13.0), (0, 0), (67.0, 5.0), (-29.0, -21.0), (84.0, -21.0)]
[(29.0, 284.0), (20.0, 291.0), (37.0, 291.0), (-8.0, 252.0), (68.0, 255.0), (7.0, 146.0), (60.0, 147.0), (-27.0, 79.0), (82.0, 76.0), (-10.0, 10.0), (74.0, 12.0), (0, 0), (66.0, 5.0), (-29.0, -21.0), (84.0, -21.0)]
[(29.0, 276.0), (21.0, 283.0), (38.0, 284.0), (-8.0, 246.0), (68.0, 249.0), (7.0, 143.0), (60.0, 143.0), (-29.0, 78.0), (83.0, 76.0), (-10.0, 10.0), (73.0, 12.0), (0, 0), (66.0, 4.0), (-29.0, -21.0), (84.0, -21.0)]
[(29.0, 276.0), (21.0, 284.0), (38.0, 284.0), (-8.0, 245.0), (68.0, 247.0), (7.0, 143.0), (60.0, 144.0), (-29.0, 78.0), (83.0, 76.0), (-10.0, 10.0), (73.0, 12.0), (0, 0), (65.0, 4.0), (-29.0, -21.0), (84.0, -21.0)]
[(29.0, 271.0), (20.0, 279.0), (37.0, 279.0), (-7.0, 240.0), (67.0, 240.0), (7.0, 139.0), (59.0, 140.0), (-30.0, 78.0), (83.0, 76.0), (-9.0, 10.0), (73.0, 12.0), (0, 0), (65.0, 3.0), (-29.0, -21.0), (84.0, -20.0)]
[(30.0, 263.0), (21.0, 270.0), (38.0, 270.0), (-7.0, 236.0), (67.0, 237.0), (7.0, 138.0), (59.0, 138.0), (-31.0, 77.0), (83.0, 75.0), (-9.0, 10.0), (72.0, 12.0), (0, 0), (64.0, 3.0), (-29.0, -22.0), (84.0, -20.0)]
[(30.0, 254.0), (22.0, 262.0), (38.0, 262.0), (-6.0, 230.0), (67.0, 233.0), (7.0, 133.0), (58.0, 134.0), (-31.0, 77.0), (84.0, 75.0), (-9.0, 10.0), (72.0, 12.0), (0, 0), (65.0, 3.0), (-29.0, -22.0), (84.0, -20.0)]
[(30.0, 249.0), (22.0, 256.0), (38.0, 256.0), (-5.0, 224.0), (67.0, 227.0), (7.0, 131.0), (58.0, 130.0), (-33.0, 78.0), (85.0, 75.0), (-9.0, 11.0), (72.0, 12.0), (0, 0), (64.0, 3.0), (-29.0, -21.0), (84.0, -19.0)]
[(30.0, 238.0), (22.0, 246.0), (38.0, 246.0), (-5.0, 213.0), (67.0, 216.0), (8.0, 124.0), (58.0, 123.0), (-35.0, 79.0), (88.0, 76.0), (-9.0, 11.0), (72.0, 13.0), (0, 0), (64.0, 4.0), (-29.0, -20.0), (84.0, -18.0)]
[(31.0, 232.0), (23.0, 239.0), (39.0, 239.0), (-5.0, 206.0), (67.0, 210.0), (8.0, 120.0), (58.0, 119.0), (-35.0, 80.0), (90.0, 74.0), (-10.0, 11.0), (72.0, 13.0), (0, 0), (64.0, 4.0), (-29.0, -19.0), (84.0, -18.0)]
[(31.0, 226.0), (23.0, 234.0), (39.0, 234.0), (-5.0, 203.0), (67.0, 204.0), (8.0, 118.0), (58.0, 117.0), (-35.0, 82.0), (91.0, 76.0), (-10.0, 12.0), (72.0, 14.0), (0, 0), (64.0, 5.0), (-29.0, -17.0), (84.0, -17.0)]
[(32.0, 220.0), (24.0, 228.0), (40.0, 228.0), (-3.0, 202.0), (68.0, 201.0), (10.0, 115.0), (59.0, 114.0), (-34.0, 82.0), (91.0, 78.0), (-9.0, 13.0), (73.0, 14.0), (0, 0), (64.0, 4.0), (-28.0, -16.0), (85.0, -17.0)]
[(33.0, 215.0), (25.0, 223.0), (41.0, 224.0), (-0.0, 200.0), (68.0, 198.0), (10.0, 114.0), (59.0, 112.0), (-34.0, 82.0), (91.0, 79.0), (-9.0, 13.0), (73.0, 14.0), (0, 0), (64.0, 4.0), (-29.0, -16.0), (85.0, -17.0)]
[(32.0, 212.0), (24.0, 220.0), (40.0, 220.0), (-1.0, 197.0), (67.0, 194.0), (9.0, 113.0), (58.0, 111.0), (-35.0, 83.0), (90.0, 79.0), (-10.0, 13.0), (72.0, 14.0), (0, 0), (63.0, 5.0), (-30.0, -15.0), (83.0, -17.0)]
[(32.0, 211.0), (24.0, 219.0), (41.0, 220.0), (-1.0, 196.0), (67.0, 193.0), (9.0, 112.0), (57.0, 111.0), (-35.0, 84.0), (90.0, 79.0), (-9.0, 13.0), (71.0, 15.0), (0, 0), (63.0, 6.0), (-30.0, -15.0), (82.0, -16.0)]
[(33.0, 210.0), (25.0, 218.0), (41.0, 219.0), (-1.0, 196.0), (67.0, 193.0), (10.0, 112.0), (58.0, 111.0), (-35.0, 85.0), (91.0, 80.0), (-9.0, 13.0), (72.0, 16.0), (0, 0), (64.0, 6.0), (-31.0, -14.0), (83.0, -15.0)]
[(34.0, 209.0), (25.0, 217.0), (42.0, 218.0), (-0.0, 195.0), (67.0, 192.0), (10.0, 110.0), (58.0, 109.0), (-33.0, 84.0), (91.0, 80.0), (-9.0, 13.0), (72.0, 16.0), (0, 0), (64.0, 6.0), (-31.0, -14.0), (83.0, -15.0)]
[(34.0, 208.0), (26.0, 216.0), (42.0, 217.0), (-0.0, 194.0), (68.0, 191.0), (10.0, 110.0), (58.0, 109.0), (-33.0, 85.0), (91.0, 81.0), (-8.0, 13.0), (72.0, 16.0), (0, 0), (65.0, 6.0), (-31.0, -14.0), (84.0, -15.0)]
[(33.0, 210.0), (25.0, 218.0), (41.0, 218.0), (-2.0, 195.0), (67.0, 191.0), (8.0, 110.0), (57.0, 109.0), (-32.0, 85.0), (88.0, 81.0), (-9.0, 13.0), (71.0, 15.0), (0, 0), (64.0, 4.0), (-31.0, -14.0), (83.0, -15.0)]
[(33.0, 212.0), (25.0, 219.0), (41.0, 220.0), (-2.0, 196.0), (67.0, 194.0), (8.0, 111.0), (57.0, 111.0), (-32.0, 85.0), (87.0, 81.0), (-9.0, 13.0), (71.0, 16.0), (0, 0), (65.0, 5.0), (-31.0, -14.0), (82.0, -15.0)]
[(33.0, 217.0), (25.0, 224.0), (42.0, 226.0), (-2.0, 198.0), (68.0, 197.0), (9.0, 122.0), (57.0, 121.0), (-28.0, 87.0), (83.0, 90.0), (-9.0, 13.0), (72.0, 17.0), (0, 0), (65.0, 5.0), (-30.0, -14.0), (82.0, -15.0)]
[(33.0, 227.0), (25.0, 235.0), (41.0, 236.0), (-2.0, 203.0), (69.0, 204.0), (9.0, 127.0), (57.0, 127.0), (-25.0, 88.0), (81.0, 89.0), (-9.0, 13.0), (72.0, 16.0), (0, 0), (66.0, 5.0), (-30.0, -15.0), (82.0, -15.0)]
[(33.0, 255.0), (25.0, 263.0), (41.0, 262.0), (-1.0, 226.0), (69.0, 227.0), (9.0, 142.0), (58.0, 143.0), (-19.0, 91.0), (75.0, 94.0), (-9.0, 14.0), (72.0, 16.0), (0, 0), (66.0, 5.0), (-30.0, -14.0), (82.0, -15.0)]
[(33.0, 265.0), (25.0, 273.0), (41.0, 272.0), (-1.0, 237.0), (69.0, 236.0), (10.0, 150.0), (58.0, 151.0), (-15.0, 92.0), (73.0, 96.0), (-8.0, 14.0), (72.0, 16.0), (0, 0), (67.0, 5.0), (-27.0, -15.0), (82.0, -15.0)]
[(36.0, 277.0), (28.0, 285.0), (44.0, 284.0), (1.0, 246.0), (71.0, 245.0), (12.0, 154.0), (60.0, 154.0), (-11.0, 95.0), (74.0, 96.0), (-6.0, 15.0), (74.0, 17.0), (0, 0), (69.0, 6.0), (-25.0, -14.0), (84.0, -14.0)]
[(36.0, 289.0), (28.0, 296.0), (45.0, 296.0), (1.0, 255.0), (72.0, 254.0), (12.0, 160.0), (61.0, 161.0), (-10.0, 97.0), (72.0, 99.0), (-7.0, 15.0), (73.0, 16.0), (0, 0), (68.0, 5.0), (-26.0, -14.0), (84.0, -14.0)]
[(35.0, 298.0), (27.0, 306.0), (44.0, 306.0), (-0.0, 268.0), (71.0, 266.0), (11.0, 166.0), (60.0, 165.0), (-9.0, 99.0), (71.0, 97.0), (-8.0, 15.0), (72.0, 16.0), (0, 0), (67.0, 5.0), (-27.0, -14.0), (82.0, -13.0)]
[(35.0, 309.0), (27.0, 315.0), (43.0, 316.0), (-0.0, 275.0), (71.0, 276.0), (11.0, 170.0), (60.0, 170.0), (-8.0, 99.0), (72.0, 97.0), (-8.0, 15.0), (71.0, 16.0), (0, 0), (67.0, 5.0), (-27.0, -14.0), (81.0, -13.0)]
[(37.0, 314.0), (29.0, 320.0), (45.0, 321.0), (1.0, 277.0), (72.0, 278.0), (12.0, 168.0), (62.0, 168.0), (-6.0, 93.0), (73.0, 92.0), (-7.0, 13.0), (72.0, 12.0), (0, 0), (67.0, 1.0), (-24.0, -18.0), (81.0, -18.0)]
[(37.0, 332.0), (29.0, 339.0), (45.0, 339.0), (1.0, 292.0), (72.0, 292.0), (12.0, 175.0), (62.0, 175.0), (-5.0, 93.0), (73.0, 91.0), (-7.0, 13.0), (72.0, 12.0), (0, 0), (67.0, 2.0), (-25.0, -18.0), (81.0, -17.0)]
[(37.0, 338.0), (29.0, 345.0), (45.0, 344.0), (1.0, 300.0), (72.0, 299.0), (12.0, 178.0), (62.0, 178.0), (-4.0, 93.0), (73.0, 91.0), (-7.0, 13.0), (72.0, 13.0), (0, 0), (66.0, 3.0), (-28.0, -18.0), (82.0, -17.0)]