[(37.0, 346.0), (28.0, 354.0), (45.0, 353.0), (-3.0, 307.0), (72.0, 305.0), (11.0, 180.0), (62.0, 180.0), (-4.0, 92.0), (72.0, 90.0), (-8.0, 13.0), (70.0, 12.0), (0, 0), (64.0, 2.0), (-28.0, -19.0), (81.0, -19.0)]
[(36.0, 350.0), (27.0, 358.0), (44.0, 357.0), (-5.0, 310.0), (72.0, 309.0), (10.0, 182.0), (61.0, 182.0), (-5.0, 93.0), (72.0, 90.0), (-8.0, 13.0), (70.0, 12.0), (0, 0), (63.0, 2.0), (-29.0, -19.0), (80.0, -19.0)]
[(37.0, 353.0), (28.0, 361.0), (45.0, 360.0), (-4.0, 316.0), (73.0, 314.0), (12.0, 183.0), (62.0, 183.0), (-4.0, 94.0), (73.0, 90.0), (-8.0, 13.0), (71.0, 11.0), (0, 0), (64.0, 1.0), (-29.0, -19.0), (81.0, -20.0)]
[(38.0, 358.0), (29.0, 366.0), (46.0, 365.0), (-4.0, 319.0), (73.0, 318.0), (13.0, 185.0), (62.0, 186.0), (-4.0, 95.0), (73.0, 92.0), (-8.0, 14.0), (71.0, 12.0), (0, 0), (64.0, 2.0), (-29.0, -18.0), (81.0, -19.0)]
[(38.0, 362.0), (29.0, 369.0), (46.0, 369.0), (-4.0, 321.0), (74.0, 320.0), (14.0, 187.0), (63.0, 187.0), (-4.0, 95.0), (74.0, 92.0), (-8.0, 14.0), (71.0, 12.0), (0, 0), (64.0, 2.0), (-29.0, -18.0), (82.0, -19.0)]
[(39.0, 365.0), (30.0, 372.0), (46.0, 372.0), (-4.0, 322.0), (75.0, 322.0), (14.0, 189.0), (63.0, 190.0), (-4.0, 96.0), (74.0, 94.0), (-8.0, 14.0), (71.0, 12.0), (0, 0), (64.0, 2.0), (-28.0, -18.0), (82.0, -19.0)]
[(39.0, 366.0), (30.0, 374.0), (47.0, 373.0), (-4.0, 324.0), (76.0, 324.0), (14.0, 192.0), (63.0, 192.0), (-3.0, 97.0), (74.0, 96.0), (-8.0, 14.0), (71.0, 12.0), (0, 0), (64.0, 2.0), (-28.0, -19.0), (83.0, -19.0)]
[(39.0, 368.0), (31.0, 375.0), (47.0, 375.0), (-3.0, 324.0), (77.0, 324.0), (14.0, 193.0), (63.0, 193.0), (-1.0, 97.0), (74.0, 97.0), (-8.0, 13.0), (71.0, 12.0), (0, 0), (64.0, 2.0), (-28.0, -20.0), (83.0, -19.0)]
[(40.0, 368.0), (31.0, 376.0), (47.0, 376.0), (-3.0, 325.0), (78.0, 326.0), (14.0, 195.0), (63.0, 195.0), (-0.0, 99.0), (74.0, 99.0), (-8.0, 14.0), (71.0, 14.0), (0, 0), (64.0, 3.0), (-28.0, -19.0), (83.0, -18.0)]
[(40.0, 370.0), (31.0, 377.0), (47.0, 378.0), (-3.0, 325.0), (78.0, 325.0), (14.0, 196.0), (63.0, 197.0), (1.0, 100.0), (74.0, 100.0), (-8.0, 14.0), (71.0, 15.0), (0, 0), (64.0, 4.0), (-28.0, -19.0), (83.0, -17.0)]
[(38.0, 370.0), (30.0, 378.0), (46.0, 378.0), (-4.0, 327.0), (77.0, 325.0), (12.0, 197.0), (61.0, 197.0), (-1.0, 101.0), (72.0, 102.0), (-9.0, 14.0), (70.0, 15.0), (0, 0), (62.0, 4.0), (-30.0, -19.0), (81.0, -17.0)]
[(38.0, 370.0), (30.0, 378.0), (46.0, 378.0), (-4.0, 326.0), (77.0, 325.0), (12.0, 196.0), (61.0, 197.0), (-1.0, 101.0), (72.0, 101.0), (-9.0, 14.0), (71.0, 15.0), (0, 0), (64.0, 4.0), (-29.0, -19.0), (81.0, -17.0)]
[(38.0, 370.0), (30.0, 377.0), (46.0, 377.0), (-4.0, 326.0), (77.0, 325.0), (12.0, 196.0), (61.0, 197.0), (-1.0, 101.0), (73.0, 101.0), (-9.0, 14.0), (73.0, 15.0), (0, 0), (67.0, 4.0), (-29.0, -20.0), (81.0, -17.0)]
[(38.0, 369.0), (30.0, 377.0), (46.0, 377.0), (-4.0, 326.0), (77.0, 325.0), (11.0, 196.0), (61.0, 197.0), (-1.0, 101.0), (73.0, 101.0), (-9.0, 14.0), (74.0, 15.0), (0, 0), (70.0, 4.0), (-29.0, -20.0), (81.0, -18.0)]
[(38.0, 371.0), (30.0, 378.0), (46.0, 379.0), (-4.0, 328.0), (76.0, 326.0), (11.0, 197.0), (61.0, 197.0), (-1.0, 101.0), (74.0, 101.0), (-9.0, 14.0), (74.0, 16.0), (0, 0), (70.0, 5.0), (-29.0, -20.0), (81.0, -17.0)]
[(38.0, 371.0), (30.0, 378.0), (46.0, 379.0), (-4.0, 328.0), (76.0, 327.0), (11.0, 197.0), (60.0, 197.0), (-1.0, 101.0), (74.0, 102.0), (-9.0, 14.0), (75.0, 16.0), (0, 0), (70.0, 5.0), (-29.0, -20.0), (81.0, -17.0)]
[(38.0, 370.0), (30.0, 378.0), (46.0, 378.0), (-5.0, 327.0), (76.0, 326.0), (10.0, 195.0), (60.0, 196.0), (-2.0, 99.0), (73.0, 100.0), (-9.0, 13.0), (75.0, 15.0), (0, 0), (70.0, 4.0), (-28.0, -21.0), (81.0, -19.0)]
[(38.0, 371.0), (29.0, 379.0), (46.0, 379.0), (-5.0, 329.0), (76.0, 327.0), (10.0, 196.0), (60.0, 196.0), (-3.0, 100.0), (73.0, 101.0), (-9.0, 14.0), (74.0, 16.0), (0, 0), (69.0, 5.0), (-28.0, -20.0), (81.0, -18.0)]
[(38.0, 371.0), (29.0, 379.0), (46.0, 379.0), (-5.0, 329.0), (75.0, 327.0), (9.0, 196.0), (59.0, 196.0), (-4.0, 99.0), (73.0, 101.0), (-9.0, 13.0), (74.0, 15.0), (0, 0), (69.0, 5.0), (-28.0, -21.0), (81.0, -18.0)]
[(38.0, 372.0), (29.0, 379.0), (46.0, 379.0), (-5.0, 329.0), (75.0, 327.0), (9.0, 196.0), (58.0, 196.0), (-4.0, 99.0), (72.0, 100.0), (-9.0, 13.0), (74.0, 15.0), (0, 0), (68.0, 5.0), (-28.0, -21.0), (81.0, -18.0)]
[(38.0, 371.0), (29.0, 379.0), (46.0, 379.0), (-6.0, 329.0), (75.0, 327.0), (8.0, 196.0), (58.0, 196.0), (-5.0, 98.0), (72.0, 99.0), (-10.0, 13.0), (73.0, 15.0), (0, 0), (67.0, 5.0), (-29.0, -21.0), (82.0, -18.0)]
[(38.0, 371.0), (29.0, 379.0), (46.0, 379.0), (-6.0, 329.0), (75.0, 327.0), (8.0, 196.0), (58.0, 196.0), (-5.0, 98.0), (72.0, 99.0), (-9.0, 13.0), (73.0, 15.0), (0, 0), (66.0, 5.0), (-29.0, -21.0), (82.0, -18.0)]
[(38.0, 373.0), (29.0, 380.0), (46.0, 380.0), (-6.0, 330.0), (75.0, 328.0), (8.0, 197.0), (58.0, 197.0), (-5.0, 99.0), (72.0, 99.0), (-9.0, 13.0), (73.0, 16.0), (0, 0), (66.0, 6.0), (-29.0, -21.0), (82.0, -17.0)]
[(39.0, 374.0), (30.0, 381.0), (47.0, 381.0), (-6.0, 331.0), (75.0, 329.0), (9.0, 198.0), (59.0, 198.0), (-4.0, 99.0), (73.0, 100.0), (-9.0, 13.0), (74.0, 17.0), (0, 0), (66.0, 7.0), (-28.0, -20.0), (83.0, -16.0)]
[(38.0, 375.0), (29.0, 382.0), (46.0, 382.0), (-6.0, 331.0), (75.0, 330.0), (8.0, 198.0), (58.0, 198.0), (-4.0, 99.0), (73.0, 100.0), (-9.0, 13.0), (73.0, 17.0), (0, 0), (66.0, 7.0), (-29.0, -20.0), (83.0, -16.0)]
[(37.0, 375.0), (28.0, 382.0), (45.0, 382.0), (-7.0, 331.0), (75.0, 330.0), (8.0, 198.0), (58.0, 198.0), (-4.0, 99.0), (73.0, 100.0), (-8.0, 13.0), (73.0, 17.0), (0, 0), (66.0, 7.0), (-29.0, -20.0), (83.0, -16.0)]
[(36.0, 375.0), (27.0, 382.0), (44.0, 383.0), (-8.0, 331.0), (74.0, 330.0), (7.0, 198.0), (57.0, 198.0), (-5.0, 99.0), (72.0, 100.0), (-9.0, 14.0), (72.0, 17.0), (0, 0), (65.0, 7.0), (-30.0, -20.0), (82.0, -16.0)]
[(36.0, 376.0), (27.0, 383.0), (45.0, 383.0), (-7.0, 331.0), (74.0, 331.0), (8.0, 198.0), (58.0, 198.0), (-4.0, 99.0), (73.0, 100.0), (-9.0, 14.0), (73.0, 17.0), (0, 0), (66.0, 7.0), (-29.0, -20.0), (83.0, -16.0)]
[(36.0, 376.0), (27.0, 383.0), (44.0, 383.0), (-8.0, 331.0), (74.0, 331.0), (8.0, 198.0), (58.0, 198.0), (-4.0, 100.0), (73.0, 101.0), (-8.0, 14.0), (73.0, 17.0), (0, 0), (66.0, 7.0), (-29.0, -20.0), (83.0, -16.0)]
[(35.0, 376.0), (27.0, 383.0), (44.0, 384.0), (-8.0, 331.0), (74.0, 331.0), (8.0, 198.0), (58.0, 198.0), (-5.0, 100.0), (73.0, 101.0), (-8.0, 14.0), (73.0, 17.0), (0, 0), (66.0, 7.0), (-30.0, -20.0), (83.0, -16.0)]
[(35.0, 376.0), (26.0, 383.0), (43.0, 384.0), (-9.0, 330.0), (73.0, 331.0), (8.0, 197.0), (58.0, 197.0), (-5.0, 100.0), (73.0, 101.0), (-8.0, 14.0), (73.0, 18.0), (0, 0), (66.0, 7.0), (-30.0, -20.0), (83.0, -16.0)]
[(35.0, 376.0), (26.0, 383.0), (43.0, 383.0), (-10.0, 330.0), (73.0, 331.0), (8.0, 197.0), (58.0, 197.0), (-6.0, 100.0), (73.0, 101.0), (-8.0, 14.0), (73.0, 17.0), (0, 0), (66.0, 7.0), (-30.0, -20.0), (83.0, -16.0)]
[(34.0, 375.0), (25.0, 382.0), (43.0, 382.0), (-11.0, 329.0), (72.0, 330.0), (8.0, 195.0), (58.0, 195.0), (-6.0, 98.0), (73.0, 99.0), (-9.0, 14.0), (73.0, 17.0), (0, 0), (66.0, 6.0), (-29.0, -20.0), (83.0, -17.0)]
[(35.0, 373.0), (26.0, 380.0), (43.0, 381.0), (-11.0, 328.0), (73.0, 329.0), (9.0, 194.0), (60.0, 194.0), (-6.0, 97.0), (74.0, 97.0), (-9.0, 13.0), (74.0, 15.0), (0, 0), (66.0, 5.0), (-27.0, -21.0), (84.0, -18.0)]
[(37.0, 371.0), (28.0, 379.0), (45.0, 379.0), (-10.0, 327.0), (74.0, 328.0), (11.0, 190.0), (62.0, 191.0), (-7.0, 94.0), (77.0, 95.0), (-9.0, 12.0), (76.0, 14.0), (0, 0), (68.0, 4.0), (-25.0, -22.0), (86.0, -19.0)]
[(37.0, 370.0), (28.0, 378.0), (45.0, 379.0), (-11.0, 326.0), (74.0, 328.0), (10.0, 189.0), (62.0, 190.0), (-8.0, 93.0), (78.0, 93.0), (-9.0, 12.0), (76.0, 13.0), (0, 0), (68.0, 3.0), (-25.0, -22.0), (86.0, -19.0)]
[(36.0, 368.0), (27.0, 377.0), (44.0, 377.0), (-11.0, 324.0), (74.0, 327.0), (10.0, 187.0), (62.0, 188.0), (-9.0, 92.0), (78.0, 91.0), (-9.0, 12.0), (75.0, 13.0), (0, 0), (67.0, 3.0), (-25.0, -21.0), (85.0, -19.0)]
[(36.0, 363.0), (27.0, 372.0), (44.0, 372.0), (-12.0, 321.0), (72.0, 324.0), (10.0, 182.0), (62.0, 185.0), (-11.0, 89.0), (78.0, 89.0), (-9.0, 11.0), (76.0, 11.0), (0, 0), (68.0, 2.0), (-25.0, -21.0), (85.0, -20.0)]
[(35.0, 359.0), (26.0, 367.0), (43.0, 368.0), (-12.0, 319.0), (72.0, 321.0), (9.0, 180.0), (62.0, 182.0), (-12.0, 89.0), (78.0, 89.0), (-9.0, 12.0), (75.0, 11.0), (0, 0), (67.0, 2.0), (-25.0, -21.0), (86.0, -20.0)]
[(35.0, 354.0), (26.0, 363.0), (42.0, 363.0), (-12.0, 315.0), (72.0, 317.0), (9.0, 175.0), (62.0, 177.0), (-14.0, 86.0), (78.0, 85.0), (-9.0, 12.0), (75.0, 10.0), (0, 0), (66.0, 1.0), (-25.0, -22.0), (86.0, -21.0)]
[(34.0, 352.0), (25.0, 360.0), (41.0, 361.0), (-13.0, 315.0), (71.0, 315.0), (8.0, 175.0), (62.0, 176.0), (-15.0, 87.0), (78.0, 85.0), (-9.0, 13.0), (74.0, 11.0), (0, 0), (66.0, 1.0), (-25.0, -20.0), (85.0, -20.0)]
[(32.0, 346.0), (22.0, 354.0), (38.0, 355.0), (-14.0, 311.0), (69.0, 311.0), (6.0, 172.0), (61.0, 173.0), (-16.0, 88.0), (78.0, 84.0), (-10.0, 13.0), (73.0, 12.0), (0, 0), (65.0, 2.0), (-26.0, -19.0), (84.0, -20.0)]
[(32.0, 342.0), (22.0, 350.0), (38.0, 350.0), (-14.0, 305.0), (68.0, 306.0), (6.0, 170.0), (61.0, 170.0), (-17.0, 87.0), (78.0, 82.0), (-10.0, 12.0), (73.0, 12.0), (0, 0), (65.0, 2.0), (-26.0, -19.0), (84.0, -20.0)]
[(30.0, 336.0), (21.0, 344.0), (37.0, 344.0), (-14.0, 300.0), (67.0, 302.0), (6.0, 167.0), (61.0, 169.0), (-18.0, 87.0), (79.0, 82.0), (-10.0, 12.0), (73.0, 13.0), (0, 0), (65.0, 3.0), (-26.0, -18.0), (84.0, -19.0)]
[(30.0, 329.0), (21.0, 337.0), (37.0, 336.0), (-14.0, 295.0), (66.0, 297.0), (6.0, 163.0), (60.0, 164.0), (-20.0, 84.0), (80.0, 78.0), (-10.0, 11.0), (73.0, 12.0), (0, 0), (65.0, 3.0), (-27.0, -20.0), (85.0, -20.0)]
[(29.0, 323.0), (21.0, 331.0), (36.0, 329.0), (-13.0, 289.0), (66.0, 291.0), (6.0, 161.0), (60.0, 161.0), (-22.0, 82.0), (80.0, 77.0), (-10.0, 11.0), (73.0, 12.0), (0, 0), (65.0, 3.0), (-28.0, -21.0), (85.0, -20.0)]
[(29.0, 315.0), (20.0, 323.0), (36.0, 323.0), (-13.0, 282.0), (65.0, 287.0), (6.0, 157.0), (59.0, 158.0), (-24.0, 79.0), (80.0, 74.0), (-10.0, 11.0), (73.0, 12.0), (0, 0), (65.0, 3.0), (-28.0, -21.0), (85.0, -20.0)]
[(28.0, 308.0), (19.0, 316.0), (34.0, 316.0), (-13.0, 276.0), (65.0, 281.0), (4.0, 153.0), (58.0, 154.0), (-28.0, 79.0), (80.0, 72.0), (-11.0, 11.0), (72.0, 10.0), (0, 0), (64.0, 2.0), (-29.0, -21.0), (84.0, -21.0)]
[(28.0, 301.0), (19.0, 309.0), (34.0, 309.0), (-12.0, 270.0), (65.0, 275.0), (4.0, 149.0), (58.0, 149.0), (-30.0, 77.0), (80.0, 70.0), (-11.0, 11.0), (73.0, 9.0), (0, 0), (65.0, 2.0), (-30.0, -21.0), (84.0, -21.0)]
[(27.0, 291.0), (19.0, 300.0), (34.0, 300.0), (-12.0, 263.0), (65.0, 267.0), (4.0, 145.0), (57.0, 146.0), (-32.0, 76.0), (81.0, 70.0), (-11.0, 10.0), (73.0, 8.0), (0, 0), (66.0, 1.0), (-30.0, -22.0), (84.0, -23.0)]
[(27.0, 285.0), (19.0, 293.0), (34.0, 294.0), (-12.0, 258.0), (65.0, 260.0), (4.0, 143.0), (57.0, 145.0), (-33.0, 76.0), (81.0, 71.0), (-12.0, 9.0), (73.0, 9.0), (0, 0), (66.0, 2.0), (-31.0, -22.0), (84.0, -22.0)]
[(26.0, 276.0), (18.0, 285.0), (34.0, 285.0), (-13.0, 251.0), (63.0, 253.0), (3.0, 141.0), (55.0, 143.0), (-35.0, 77.0), (80.0, 72.0), (-12.0, 9.0), (72.0, 9.0), (0, 0), (64.0, 2.0), (-32.0, -23.0), (83.0, -22.0)]
[(24.0, 269.0), (16.0, 277.0), (32.0, 278.0), (-14.0, 242.0), (61.0, 245.0), (2.0, 136.0), (54.0, 138.0), (-39.0, 76.0), (78.0, 71.0), (-12.0, 9.0), (70.0, 8.0), (0, 0), (63.0, 1.0), (-32.0, -22.0), (81.0, -23.0)]
[(24.0, 262.0), (16.0, 270.0), (32.0, 270.0), (-13.0, 237.0), (61.0, 239.0), (3.0, 132.0), (54.0, 133.0), (-40.0, 77.0), (79.0, 70.0), (-11.0, 9.0), (70.0, 8.0), (0, 0), (62.0, 1.0), (-33.0, -22.0), (81.0, -22.0)]
[(25.0, 255.0), (17.0, 263.0), (33.0, 263.0), (-12.0, 229.0), (62.0, 232.0), (4.0, 127.0), (55.0, 129.0), (-40.0, 77.0), (81.0, 70.0), (-11.0, 9.0), (71.0, 9.0), (0, 0), (63.0, 2.0), (-32.0, -21.0), (82.0, -22.0)]
[(26.0, 247.0), (18.0, 255.0), (34.0, 255.0), (-11.0, 221.0), (63.0, 222.0), (5.0, 122.0), (55.0, 122.0), (-39.0, 76.0), (83.0, 68.0), (-11.0, 9.0), (71.0, 8.0), (0, 0), (64.0, 1.0), (-31.0, -22.0), (83.0, -23.0)]
[(27.0, 242.0), (19.0, 250.0), (35.0, 250.0), (-10.0, 215.0), (64.0, 217.0), (6.0, 122.0), (56.0, 122.0), (-39.0, 78.0), (84.0, 70.0), (-10.0, 11.0), (71.0, 9.0), (0, 0), (64.0, 2.0), (-30.0, -20.0), (84.0, -21.0)]
[(27.0, 234.0), (19.0, 242.0), (35.0, 242.0), (-8.0, 211.0), (64.0, 211.0), (7.0, 118.0), (57.0, 118.0), (-38.0, 78.0), (86.0, 70.0), (-9.0, 11.0), (72.0, 9.0), (0, 0), (65.0, 2.0), (-29.0, -20.0), (85.0, -20.0)]
[(28.0, 229.0), (20.0, 237.0), (36.0, 237.0), (-7.0, 205.0), (65.0, 208.0), (9.0, 115.0), (58.0, 115.0), (-37.0, 80.0), (89.0, 72.0), (-9.0, 11.0), (73.0, 11.0), (0, 0), (66.0, 3.0), (-29.0, -18.0), (86.0, -18.0)]
[(28.0, 220.0), (20.0, 228.0), (37.0, 228.0), (-7.0, 199.0), (65.0, 202.0), (9.0, 112.0), (58.0, 112.0), (-37.0, 75.0), (90.0, 69.0), (-9.0, 9.0), (73.0, 9.0), (0, 0), (65.0, 1.0), (-27.0, -21.0), (85.0, -21.0)]
[(29.0, 212.0), (21.0, 220.0), (37.0, 221.0), (-7.0, 193.0), (65.0, 194.0), (9.0, 107.0), (58.0, 107.0), (-37.0, 74.0), (89.0, 68.0), (-9.0, 9.0), (73.0, 8.0), (0, 0), (65.0, 0.0), (-27.0, -21.0), (85.0, -22.0)]
[(30.0, 198.0), (21.0, 207.0), (38.0, 208.0), (-5.0, 181.0), (66.0, 179.0), (9.0, 99.0), (58.0, 99.0), (-37.0, 75.0), (93.0, 69.0), (-9.0, 10.0), (72.0, 8.0), (0, 0), (64.0, -1.0), (-27.0, -21.0), (86.0, -22.0)]
[(29.0, 192.0), (20.0, 201.0), (38.0, 201.0), (-5.0, 178.0), (65.0, 177.0), (8.0, 95.0), (57.0, 95.0), (-38.0, 72.0), (93.0, 66.0), (-10.0, 10.0), (71.0, 5.0), (0, 0), (63.0, -4.0), (-28.0, -23.0), (86.0, -25.0)]
[(30.0, 194.0), (21.0, 203.0), (38.0, 203.0), (-5.0, 178.0), (65.0, 177.0), (8.0, 93.0), (57.0, 94.0), (-38.0, 72.0), (93.0, 66.0), (-9.0, 10.0), (71.0, 7.0), (0, 0), (63.0, -2.0), (-28.0, -23.0), (86.0, -24.0)]
[(30.0, 197.0), (21.0, 205.0), (39.0, 207.0), (-6.0, 180.0), (65.0, 180.0), (8.0, 97.0), (56.0, 97.0), (-38.0, 74.0), (92.0, 68.0), (-9.0, 12.0), (71.0, 7.0), (0, 0), (62.0, -3.0), (-28.0, -21.0), (87.0, -23.0)]
[(30.0, 202.0), (21.0, 209.0), (39.0, 210.0), (-5.0, 182.0), (65.0, 181.0), (8.0, 99.0), (57.0, 99.0), (-38.0, 76.0), (92.0, 71.0), (-9.0, 13.0), (71.0, 9.0), (0, 0), (62.0, -2.0), (-28.0, -19.0), (87.0, -21.0)]
[(30.0, 205.0), (21.0, 212.0), (39.0, 214.0), (-5.0, 184.0), (66.0, 184.0), (8.0, 101.0), (57.0, 101.0), (-38.0, 77.0), (91.0, 71.0), (-9.0, 13.0), (71.0, 10.0), (0, 0), (62.0, -2.0), (-28.0, -19.0), (87.0, -21.0)]
[(30.0, 210.0), (21.0, 217.0), (38.0, 219.0), (-5.0, 188.0), (67.0, 187.0), (8.0, 104.0), (57.0, 104.0), (-37.0, 80.0), (89.0, 76.0), (-9.0, 14.0), (71.0, 12.0), (0, 0), (62.0, 1.0), (-27.0, -17.0), (87.0, -19.0)]
[(31.0, 218.0), (22.0, 224.0), (39.0, 226.0), (-5.0, 193.0), (67.0, 198.0), (8.0, 110.0), (57.0, 111.0), (-34.0, 81.0), (86.0, 79.0), (-9.0, 14.0), (71.0, 14.0), (0, 0), (62.0, 3.0), (-27.0, -15.0), (86.0, -16.0)]
[(30.0, 223.0), (21.0, 231.0), (37.0, 232.0), (-6.0, 200.0), (64.0, 205.0), (7.0, 118.0), (56.0, 118.0), (-32.0, 81.0), (82.0, 79.0), (-9.0, 13.0), (70.0, 14.0), (0, 0), (62.0, 3.0), (-28.0, -15.0), (85.0, -16.0)]
[(29.0, 234.0), (21.0, 241.0), (37.0, 242.0), (-5.0, 209.0), (64.0, 212.0), (8.0, 122.0), (56.0, 122.0), (-28.0, 81.0), (79.0, 79.0), (-8.0, 13.0), (70.0, 14.0), (0, 0), (62.0, 3.0), (-27.0, -15.0), (84.0, -16.0)]
[(29.0, 241.0), (21.0, 249.0), (37.0, 249.0), (-5.0, 215.0), (63.0, 217.0), (9.0, 127.0), (57.0, 128.0), (-25.0, 82.0), (77.0, 80.0), (-8.0, 12.0), (70.0, 12.0), (0, 0), (62.0, 1.0), (-27.0, -16.0), (84.0, -17.0)]
[(29.0, 254.0), (21.0, 262.0), (37.0, 261.0), (-6.0, 225.0), (63.0, 226.0), (9.0, 135.0), (57.0, 135.0), (-22.0, 84.0), (76.0, 84.0), (-8.0, 13.0), (70.0, 13.0), (0, 0), (62.0, 2.0), (-27.0, -15.0), (82.0, -16.0)]
[(29.0, 264.0), (21.0, 273.0), (37.0, 271.0), (-6.0, 236.0), (63.0, 237.0), (9.0, 145.0), (57.0, 146.0), (-20.0, 89.0), (74.0, 91.0), (-8.0, 14.0), (70.0, 15.0), (0, 0), (63.0, 4.0), (-27.0, -12.0), (81.0, -14.0)]
[(29.0, 271.0), (20.0, 278.0), (36.0, 279.0), (-6.0, 245.0), (63.0, 246.0), (10.0, 154.0), (57.0, 156.0), (-19.0, 90.0), (70.0, 92.0), (-8.0, 14.0), (70.0, 15.0), (0, 0), (64.0, 4.0), (-28.0, -12.0), (81.0, -14.0)]
[(29.0, 279.0), (20.0, 287.0), (36.0, 287.0), (-6.0, 254.0), (64.0, 255.0), (10.0, 157.0), (57.0, 158.0), (-17.0, 90.0), (70.0, 90.0), (-8.0, 14.0), (70.0, 15.0), (0, 0), (64.0, 4.0), (-27.0, -13.0), (81.0, -15.0)]
[(29.0, 292.0), (21.0, 298.0), (36.0, 299.0), (-6.0, 261.0), (64.0, 263.0), (10.0, 161.0), (57.0, 163.0), (-15.0, 92.0), (70.0, 92.0), (-8.0, 14.0), (70.0, 15.0), (0, 0), (64.0, 4.0), (-26.0, -13.0), (81.0, -15.0)]
[(29.0, 299.0), (21.0, 305.0), (36.0, 307.0), (-6.0, 268.0), (64.0, 271.0), (10.0, 167.0), (57.0, 168.0), (-13.0, 94.0), (70.0, 95.0), (-8.0, 13.0), (70.0, 14.0), (0, 0), (64.0, 4.0), (-26.0, -14.0), (81.0, -15.0)]
[(29.0, 307.0), (21.0, 314.0), (36.0, 315.0), (-6.0, 274.0), (65.0, 278.0), (10.0, 170.0), (58.0, 171.0), (-11.0, 93.0), (70.0, 92.0), (-8.0, 12.0), (70.0, 12.0), (0, 0), (64.0, 2.0), (-27.0, -16.0), (81.0, -17.0)]
[(30.0, 319.0), (22.0, 325.0), (36.0, 325.0), (-6.0, 281.0), (65.0, 284.0), (10.0, 174.0), (59.0, 175.0), (-8.0, 93.0), (69.0, 93.0), (-8.0, 12.0), (70.0, 12.0), (0, 0), (64.0, 2.0), (-27.0, -16.0), (81.0, -17.0)]
[(30.0, 327.0), (22.0, 334.0), (36.0, 334.0), (-6.0, 290.0), (65.0, 291.0), (10.0, 177.0), (59.0, 178.0), (-8.0, 95.0), (69.0, 95.0), (-8.0, 13.0), (70.0, 12.0), (0, 0), (64.0, 2.0), (-27.0, -16.0), (81.0, -17.0)]
[(30.0, 334.0), (22.0, 340.0), (36.0, 340.0), (-7.0, 292.0), (65.0, 294.0), (10.0, 177.0), (59.0, 178.0), (-6.0, 93.0), (70.0, 92.0), (-8.0, 12.0), (70.0, 11.0), (0, 0), (64.0, 0.0), (-26.0, -18.0), (80.0, -19.0)]
[(30.0, 339.0), (21.0, 347.0), (36.0, 347.0), (-7.0, 300.0), (65.0, 301.0), (9.0, 179.0), (59.0, 179.0), (-6.0, 92.0), (70.0, 90.0), (-8.0, 12.0), (71.0, 11.0), (0, 0), (64.0, 1.0), (-26.0, -19.0), (81.0, -20.0)]