[(37.0, 383.0), (29.0, 391.0), (45.0, 390.0), (-8.0, 337.0), (81.0, 334.0), (12.0, 209.0), (64.0, 210.0), (-3.0, 109.0), (86.0, 110.0), (-8.0, 12.0), (93.0, 13.0), (0, 0), (86.0, 0.0), (-28.0, -18.0), (117.0, -15.0)]
[(37.0, 385.0), (29.0, 394.0), (45.0, 393.0), (-9.0, 338.0), (81.0, 336.0), (11.0, 211.0), (64.0, 211.0), (-2.0, 109.0), (86.0, 110.0), (-7.0, 13.0), (93.0, 14.0), (0, 0), (86.0, 0.0), (-29.0, -17.0), (117.0, -14.0)]
[(37.0, 398.0), (28.0, 407.0), (45.0, 407.0), (-10.0, 346.0), (81.0, 345.0), (12.0, 212.0), (64.0, 212.0), (2.0, 108.0), (80.0, 111.0), (-7.0, 14.0), (93.0, 14.0), (0, 0), (86.0, 0.0), (-29.0, -18.0), (116.0, -14.0)]
[(37.0, 401.0), (28.0, 410.0), (45.0, 410.0), (-10.0, 347.0), (81.0, 346.0), (12.0, 212.0), (64.0, 212.0), (4.0, 109.0), (77.0, 111.0), (-6.0, 14.0), (92.0, 14.0), (0, 0), (87.0, 2.0), (-29.0, -19.0), (115.0, -14.0)]
[(36.0, 401.0), (27.0, 411.0), (45.0, 410.0), (-10.0, 347.0), (81.0, 346.0), (12.0, 212.0), (64.0, 213.0), (4.0, 110.0), (77.0, 112.0), (-6.0, 14.0), (92.0, 14.0), (0, 0), (87.0, 2.0), (-29.0, -19.0), (115.0, -14.0)]
[(36.0, 401.0), (27.0, 410.0), (45.0, 410.0), (-9.0, 347.0), (81.0, 347.0), (12.0, 212.0), (64.0, 212.0), (5.0, 109.0), (76.0, 110.0), (-6.0, 13.0), (92.0, 13.0), (0, 0), (87.0, 2.0), (-29.0, -20.0), (115.0, -15.0)]
[(35.0, 402.0), (26.0, 411.0), (44.0, 411.0), (-9.0, 347.0), (81.0, 347.0), (12.0, 210.0), (63.0, 211.0), (5.0, 108.0), (76.0, 110.0), (-6.0, 13.0), (92.0, 13.0), (0, 0), (86.0, 2.0), (-29.0, -20.0), (115.0, -15.0)]
[(34.0, 401.0), (25.0, 411.0), (43.0, 410.0), (-10.0, 347.0), (80.0, 348.0), (12.0, 210.0), (63.0, 211.0), (5.0, 108.0), (75.0, 109.0), (-6.0, 13.0), (91.0, 14.0), (0, 0), (85.0, 2.0), (-29.0, -20.0), (114.0, -15.0)]
[(34.0, 399.0), (25.0, 409.0), (43.0, 408.0), (-10.0, 345.0), (80.0, 345.0), (12.0, 209.0), (62.0, 209.0), (4.0, 107.0), (75.0, 108.0), (-6.0, 12.0), (91.0, 13.0), (0, 0), (85.0, 1.0), (-29.0, -21.0), (114.0, -16.0)]
[(34.0, 399.0), (25.0, 409.0), (43.0, 408.0), (-10.0, 345.0), (80.0, 345.0), (12.0, 209.0), (62.0, 209.0), (4.0, 107.0), (75.0, 108.0), (-6.0, 13.0), (91.0, 13.0), (0, 0), (85.0, 1.0), (-29.0, -21.0), (114.0, -16.0)]
[(34.0, 398.0), (25.0, 408.0), (43.0, 408.0), (-10.0, 344.0), (80.0, 345.0), (12.0, 209.0), (62.0, 209.0), (4.0, 106.0), (76.0, 108.0), (-6.0, 13.0), (91.0, 13.0), (0, 0), (85.0, 1.0), (-29.0, -21.0), (114.0, -16.0)]
[(34.0, 396.0), (25.0, 405.0), (43.0, 405.0), (-10.0, 343.0), (81.0, 342.0), (12.0, 209.0), (63.0, 209.0), (4.0, 108.0), (76.0, 108.0), (-6.0, 13.0), (91.0, 13.0), (0, 0), (85.0, 1.0), (-29.0, -21.0), (114.0, -16.0)]
[(36.0, 394.0), (27.0, 403.0), (45.0, 402.0), (-10.0, 342.0), (82.0, 340.0), (12.0, 208.0), (63.0, 207.0), (2.0, 107.0), (77.0, 107.0), (-6.0, 13.0), (91.0, 12.0), (0, 0), (85.0, 1.0), (-29.0, -21.0), (114.0, -16.0)]
[(38.0, 393.0), (28.0, 402.0), (46.0, 401.0), (-10.0, 341.0), (82.0, 340.0), (12.0, 207.0), (63.0, 207.0), (-0.0, 107.0), (78.0, 106.0), (-6.0, 12.0), (91.0, 12.0), (0, 0), (86.0, 1.0), (-29.0, -21.0), (114.0, -16.0)]
[(40.0, 388.0), (30.0, 398.0), (47.0, 397.0), (-10.0, 338.0), (82.0, 337.0), (12.0, 206.0), (63.0, 206.0), (-3.0, 107.0), (83.0, 106.0), (-6.0, 13.0), (91.0, 12.0), (0, 0), (86.0, 1.0), (-30.0, -21.0), (114.0, -17.0)]
[(40.0, 360.0), (31.0, 369.0), (47.0, 367.0), (-10.0, 316.0), (82.0, 315.0), (13.0, 188.0), (65.0, 191.0), (-9.0, 105.0), (90.0, 103.0), (-7.0, 13.0), (91.0, 12.0), (0, 0), (85.0, 0.0), (-31.0, -21.0), (114.0, -17.0)]
[(40.0, 341.0), (31.0, 350.0), (47.0, 349.0), (-9.0, 298.0), (82.0, 298.0), (13.0, 175.0), (66.0, 176.0), (-15.0, 101.0), (94.0, 102.0), (-7.0, 13.0), (91.0, 12.0), (0, 0), (84.0, 0.0), (-31.0, -21.0), (114.0, -16.0)]
[(40.0, 306.0), (31.0, 314.0), (47.0, 314.0), (-7.0, 271.0), (82.0, 267.0), (13.0, 154.0), (65.0, 155.0), (-22.0, 95.0), (102.0, 94.0), (-7.0, 12.0), (91.0, 11.0), (0, 0), (84.0, 0.0), (-32.0, -21.0), (114.0, -17.0)]
[(40.0, 286.0), (32.0, 295.0), (47.0, 294.0), (-4.0, 257.0), (80.0, 253.0), (13.0, 144.0), (64.0, 145.0), (-25.0, 93.0), (105.0, 91.0), (-8.0, 12.0), (92.0, 11.0), (0, 0), (85.0, 0.0), (-32.0, -21.0), (114.0, -16.0)]
[(40.0, 284.0), (32.0, 293.0), (47.0, 292.0), (-3.0, 257.0), (79.0, 252.0), (13.0, 144.0), (64.0, 145.0), (-25.0, 92.0), (105.0, 91.0), (-8.0, 12.0), (92.0, 11.0), (0, 0), (85.0, -1.0), (-32.0, -20.0), (115.0, -16.0)]
[(40.0, 253.0), (32.0, 262.0), (47.0, 261.0), (-2.0, 230.0), (76.0, 224.0), (13.0, 130.0), (63.0, 132.0), (-27.0, 89.0), (106.0, 89.0), (-8.0, 11.0), (92.0, 11.0), (0, 0), (85.0, -2.0), (-32.0, -20.0), (115.0, -16.0)]
[(41.0, 237.0), (32.0, 247.0), (48.0, 246.0), (-2.0, 218.0), (76.0, 214.0), (15.0, 121.0), (63.0, 123.0), (-28.0, 89.0), (107.0, 90.0), (-9.0, 11.0), (92.0, 10.0), (0, 0), (84.0, -3.0), (-32.0, -19.0), (115.0, -16.0)]
[(41.0, 239.0), (32.0, 247.0), (48.0, 247.0), (-2.0, 217.0), (76.0, 214.0), (15.0, 120.0), (64.0, 121.0), (-28.0, 90.0), (107.0, 90.0), (-9.0, 12.0), (92.0, 11.0), (0, 0), (84.0, -1.0), (-32.0, -18.0), (113.0, -15.0)]
[(40.0, 217.0), (32.0, 227.0), (48.0, 226.0), (-2.0, 199.0), (76.0, 197.0), (16.0, 106.0), (64.0, 107.0), (-31.0, 90.0), (109.0, 90.0), (-9.0, 11.0), (92.0, 11.0), (0, 0), (84.0, -1.0), (-30.0, -18.0), (113.0, -15.0)]
[(40.0, 209.0), (31.0, 219.0), (48.0, 218.0), (-2.0, 195.0), (75.0, 191.0), (17.0, 100.0), (64.0, 101.0), (-32.0, 89.0), (110.0, 90.0), (-9.0, 11.0), (92.0, 11.0), (0, 0), (84.0, -1.0), (-30.0, -18.0), (113.0, -15.0)]
[(38.0, 208.0), (31.0, 218.0), (47.0, 217.0), (-1.0, 193.0), (75.0, 190.0), (17.0, 99.0), (64.0, 98.0), (-33.0, 90.0), (110.0, 92.0), (-9.0, 11.0), (92.0, 12.0), (0, 0), (83.0, 1.0), (-30.0, -18.0), (113.0, -15.0)]
[(38.0, 208.0), (30.0, 218.0), (47.0, 217.0), (-1.0, 193.0), (76.0, 190.0), (18.0, 99.0), (64.0, 98.0), (-33.0, 90.0), (111.0, 92.0), (-10.0, 11.0), (92.0, 13.0), (0, 0), (83.0, 1.0), (-30.0, -19.0), (113.0, -15.0)]
[(38.0, 215.0), (30.0, 223.0), (47.0, 223.0), (-1.0, 197.0), (74.0, 195.0), (17.0, 105.0), (63.0, 106.0), (-33.0, 90.0), (111.0, 93.0), (-10.0, 12.0), (92.0, 14.0), (0, 0), (83.0, 2.0), (-30.0, -18.0), (113.0, -14.0)]
[(38.0, 222.0), (30.0, 230.0), (47.0, 230.0), (-1.0, 204.0), (74.0, 203.0), (17.0, 110.0), (64.0, 112.0), (-32.0, 91.0), (110.0, 94.0), (-10.0, 13.0), (92.0, 15.0), (0, 0), (83.0, 3.0), (-30.0, -17.0), (113.0, -13.0)]
[(37.0, 224.0), (29.0, 232.0), (46.0, 232.0), (-2.0, 205.0), (72.0, 203.0), (16.0, 112.0), (63.0, 114.0), (-33.0, 92.0), (109.0, 96.0), (-10.0, 13.0), (91.0, 15.0), (0, 0), (82.0, 2.0), (-31.0, -18.0), (113.0, -13.0)]
[(37.0, 228.0), (29.0, 237.0), (46.0, 236.0), (-2.0, 206.0), (72.0, 204.0), (16.0, 116.0), (63.0, 119.0), (-32.0, 92.0), (109.0, 96.0), (-11.0, 13.0), (91.0, 14.0), (0, 0), (82.0, 1.0), (-32.0, -18.0), (113.0, -13.0)]
[(38.0, 260.0), (30.0, 269.0), (47.0, 268.0), (-1.0, 236.0), (73.0, 234.0), (15.0, 138.0), (63.0, 141.0), (-29.0, 92.0), (108.0, 95.0), (-10.0, 14.0), (92.0, 14.0), (0, 0), (83.0, 1.0), (-31.0, -17.0), (116.0, -13.0)]
[(38.0, 284.0), (30.0, 292.0), (46.0, 292.0), (-1.0, 255.0), (73.0, 253.0), (14.0, 151.0), (63.0, 152.0), (-26.0, 93.0), (106.0, 94.0), (-9.0, 13.0), (92.0, 13.0), (0, 0), (83.0, 2.0), (-31.0, -18.0), (116.0, -14.0)]
[(38.0, 286.0), (30.0, 295.0), (46.0, 294.0), (-1.0, 255.0), (73.0, 253.0), (14.0, 151.0), (63.0, 152.0), (-25.0, 93.0), (105.0, 93.0), (-9.0, 12.0), (92.0, 12.0), (0, 0), (83.0, 1.0), (-30.0, -19.0), (116.0, -15.0)]
[(37.0, 305.0), (29.0, 314.0), (45.0, 313.0), (-1.0, 270.0), (75.0, 267.0), (14.0, 163.0), (63.0, 162.0), (-24.0, 92.0), (103.0, 92.0), (-9.0, 11.0), (92.0, 11.0), (0, 0), (83.0, 0.0), (-30.0, -20.0), (115.0, -16.0)]
[(37.0, 350.0), (28.0, 359.0), (45.0, 359.0), (-3.0, 303.0), (79.0, 302.0), (15.0, 187.0), (64.0, 187.0), (-16.0, 101.0), (99.0, 98.0), (-8.0, 11.0), (93.0, 12.0), (0, 0), (85.0, 0.0), (-28.0, -20.0), (116.0, -16.0)]
[(37.0, 371.0), (28.0, 378.0), (45.0, 378.0), (-5.0, 324.0), (79.0, 321.0), (14.0, 197.0), (64.0, 197.0), (-10.0, 103.0), (93.0, 105.0), (-8.0, 12.0), (93.0, 14.0), (0, 0), (86.0, 2.0), (-28.0, -20.0), (116.0, -15.0)]