[(42.0, 350.0), (33.0, 357.0), (49.0, 357.0), (-0.0, 310.0), (75.0, 308.0), (16.0, 183.0), (68.0, 184.0), (-1.0, 93.0), (79.0, 90.0), (-7.0, 12.0), (83.0, 14.0), (0, 0), (80.0, 5.0), (-20.0, -18.0), (92.0, -17.0)]
[(42.0, 357.0), (32.0, 364.0), (49.0, 364.0), (-2.0, 315.0), (75.0, 314.0), (16.0, 186.0), (68.0, 187.0), (-0.0, 94.0), (79.0, 92.0), (-7.0, 12.0), (83.0, 15.0), (0, 0), (78.0, 5.0), (-20.0, -18.0), (92.0, -17.0)]
[(42.0, 361.0), (32.0, 369.0), (50.0, 368.0), (-3.0, 321.0), (75.0, 320.0), (16.0, 190.0), (67.0, 191.0), (-0.0, 95.0), (79.0, 93.0), (-7.0, 13.0), (83.0, 15.0), (0, 0), (77.0, 6.0), (-20.0, -18.0), (92.0, -17.0)]
[(42.0, 371.0), (32.0, 378.0), (49.0, 378.0), (-2.0, 329.0), (75.0, 331.0), (17.0, 196.0), (67.0, 198.0), (2.0, 98.0), (80.0, 97.0), (-6.0, 14.0), (84.0, 15.0), (0, 0), (77.0, 5.0), (-20.0, -19.0), (93.0, -18.0)]
[(40.0, 373.0), (32.0, 379.0), (48.0, 380.0), (-2.0, 328.0), (75.0, 330.0), (17.0, 196.0), (67.0, 198.0), (3.0, 100.0), (81.0, 100.0), (-6.0, 14.0), (84.0, 16.0), (0, 0), (77.0, 6.0), (-20.0, -19.0), (93.0, -18.0)]
[(38.0, 374.0), (31.0, 381.0), (46.0, 381.0), (-2.0, 330.0), (75.0, 331.0), (16.0, 199.0), (67.0, 200.0), (4.0, 102.0), (81.0, 102.0), (-6.0, 14.0), (84.0, 16.0), (0, 0), (77.0, 6.0), (-20.0, -19.0), (93.0, -18.0)]
[(37.0, 375.0), (30.0, 382.0), (45.0, 383.0), (-2.0, 330.0), (75.0, 331.0), (16.0, 197.0), (66.0, 199.0), (3.0, 102.0), (82.0, 102.0), (-7.0, 13.0), (85.0, 16.0), (0, 0), (80.0, 6.0), (-21.0, -21.0), (93.0, -19.0)]
[(36.0, 376.0), (29.0, 382.0), (44.0, 383.0), (-2.0, 330.0), (74.0, 330.0), (15.0, 196.0), (65.0, 198.0), (3.0, 101.0), (82.0, 101.0), (-7.0, 14.0), (86.0, 16.0), (0, 0), (81.0, 6.0), (-21.0, -21.0), (93.0, -19.0)]
[(35.0, 376.0), (29.0, 383.0), (43.0, 383.0), (-2.0, 330.0), (74.0, 330.0), (15.0, 195.0), (65.0, 196.0), (3.0, 101.0), (83.0, 100.0), (-7.0, 13.0), (87.0, 15.0), (0, 0), (82.0, 4.0), (-21.0, -22.0), (93.0, -20.0)]
[(35.0, 374.0), (29.0, 381.0), (43.0, 382.0), (-2.0, 329.0), (74.0, 330.0), (14.0, 193.0), (65.0, 195.0), (3.0, 100.0), (83.0, 99.0), (-7.0, 13.0), (87.0, 14.0), (0, 0), (82.0, 4.0), (-21.0, -23.0), (93.0, -21.0)]
[(34.0, 373.0), (28.0, 380.0), (42.0, 381.0), (-2.0, 327.0), (74.0, 328.0), (14.0, 192.0), (65.0, 193.0), (3.0, 98.0), (83.0, 98.0), (-7.0, 13.0), (86.0, 13.0), (0, 0), (82.0, 3.0), (-21.0, -24.0), (92.0, -22.0)]
[(34.0, 374.0), (28.0, 381.0), (42.0, 382.0), (-1.0, 328.0), (74.0, 329.0), (14.0, 194.0), (64.0, 196.0), (2.0, 99.0), (83.0, 101.0), (-7.0, 13.0), (86.0, 14.0), (0, 0), (81.0, 4.0), (-21.0, -23.0), (92.0, -21.0)]
[(34.0, 372.0), (28.0, 379.0), (42.0, 380.0), (-1.0, 327.0), (74.0, 329.0), (14.0, 193.0), (64.0, 195.0), (2.0, 99.0), (84.0, 100.0), (-7.0, 13.0), (86.0, 15.0), (0, 0), (81.0, 4.0), (-21.0, -24.0), (92.0, -20.0)]
[(34.0, 372.0), (27.0, 379.0), (42.0, 380.0), (-2.0, 328.0), (74.0, 330.0), (14.0, 192.0), (64.0, 194.0), (1.0, 99.0), (83.0, 100.0), (-7.0, 13.0), (86.0, 15.0), (0, 0), (80.0, 4.0), (-20.0, -24.0), (93.0, -20.0)]
[(33.0, 371.0), (27.0, 379.0), (41.0, 380.0), (-2.0, 328.0), (73.0, 330.0), (14.0, 192.0), (64.0, 194.0), (-1.0, 99.0), (83.0, 100.0), (-8.0, 13.0), (86.0, 15.0), (0, 0), (80.0, 4.0), (-20.0, -24.0), (93.0, -20.0)]
[(34.0, 371.0), (28.0, 378.0), (42.0, 380.0), (-1.0, 328.0), (74.0, 331.0), (14.0, 192.0), (65.0, 194.0), (-1.0, 98.0), (82.0, 100.0), (-7.0, 13.0), (87.0, 15.0), (0, 0), (81.0, 4.0), (-19.0, -24.0), (93.0, -20.0)]
[(34.0, 371.0), (28.0, 378.0), (42.0, 380.0), (-1.0, 328.0), (74.0, 331.0), (14.0, 192.0), (64.0, 194.0), (-2.0, 97.0), (82.0, 97.0), (-7.0, 13.0), (86.0, 14.0), (0, 0), (81.0, 4.0), (-19.0, -24.0), (93.0, -20.0)]
[(34.0, 371.0), (28.0, 379.0), (42.0, 380.0), (-1.0, 328.0), (74.0, 331.0), (14.0, 192.0), (64.0, 193.0), (-2.0, 95.0), (81.0, 95.0), (-7.0, 12.0), (86.0, 13.0), (0, 0), (81.0, 3.0), (-19.0, -24.0), (93.0, -20.0)]
[(34.0, 372.0), (28.0, 379.0), (42.0, 380.0), (-1.0, 329.0), (74.0, 331.0), (14.0, 191.0), (64.0, 193.0), (-3.0, 94.0), (81.0, 93.0), (-7.0, 12.0), (86.0, 12.0), (0, 0), (81.0, 2.0), (-19.0, -24.0), (93.0, -21.0)]
[(34.0, 371.0), (28.0, 379.0), (42.0, 380.0), (-1.0, 329.0), (74.0, 331.0), (14.0, 191.0), (64.0, 193.0), (-3.0, 94.0), (81.0, 93.0), (-7.0, 12.0), (86.0, 12.0), (0, 0), (81.0, 2.0), (-21.0, -23.0), (93.0, -21.0)]
[(34.0, 373.0), (28.0, 380.0), (42.0, 381.0), (-1.0, 329.0), (74.0, 331.0), (14.0, 191.0), (64.0, 193.0), (-3.0, 93.0), (81.0, 92.0), (-7.0, 12.0), (85.0, 12.0), (0, 0), (80.0, 2.0), (-21.0, -22.0), (93.0, -21.0)]
[(35.0, 374.0), (28.0, 380.0), (42.0, 382.0), (-2.0, 329.0), (74.0, 331.0), (14.0, 191.0), (64.0, 193.0), (-3.0, 93.0), (81.0, 92.0), (-7.0, 12.0), (85.0, 12.0), (0, 0), (80.0, 2.0), (-20.0, -22.0), (93.0, -21.0)]
[(34.0, 375.0), (28.0, 381.0), (42.0, 383.0), (-2.0, 330.0), (74.0, 333.0), (14.0, 192.0), (64.0, 194.0), (-3.0, 94.0), (81.0, 92.0), (-7.0, 13.0), (85.0, 13.0), (0, 0), (80.0, 3.0), (-21.0, -21.0), (93.0, -20.0)]
[(34.0, 374.0), (27.0, 380.0), (42.0, 382.0), (-2.0, 329.0), (74.0, 332.0), (14.0, 191.0), (64.0, 193.0), (-3.0, 93.0), (80.0, 92.0), (-7.0, 13.0), (85.0, 12.0), (0, 0), (80.0, 2.0), (-20.0, -22.0), (93.0, -21.0)]
[(34.0, 374.0), (27.0, 380.0), (42.0, 382.0), (-2.0, 330.0), (73.0, 333.0), (14.0, 192.0), (64.0, 193.0), (-3.0, 93.0), (80.0, 92.0), (-7.0, 13.0), (85.0, 12.0), (0, 0), (80.0, 2.0), (-21.0, -22.0), (93.0, -21.0)]
[(34.0, 375.0), (27.0, 382.0), (42.0, 383.0), (-2.0, 332.0), (73.0, 334.0), (13.0, 193.0), (64.0, 194.0), (-3.0, 94.0), (80.0, 93.0), (-7.0, 13.0), (85.0, 13.0), (0, 0), (80.0, 2.0), (-21.0, -22.0), (94.0, -20.0)]
[(34.0, 375.0), (27.0, 382.0), (42.0, 383.0), (-2.0, 332.0), (73.0, 334.0), (13.0, 193.0), (64.0, 194.0), (-2.0, 94.0), (80.0, 94.0), (-7.0, 14.0), (85.0, 13.0), (0, 0), (80.0, 3.0), (-21.0, -21.0), (94.0, -20.0)]
[(34.0, 374.0), (27.0, 381.0), (42.0, 382.0), (-3.0, 330.0), (73.0, 333.0), (13.0, 192.0), (64.0, 193.0), (-2.0, 94.0), (80.0, 94.0), (-7.0, 13.0), (85.0, 12.0), (0, 0), (80.0, 2.0), (-21.0, -21.0), (94.0, -21.0)]
[(34.0, 374.0), (27.0, 381.0), (42.0, 382.0), (-4.0, 330.0), (73.0, 333.0), (13.0, 192.0), (64.0, 193.0), (-3.0, 94.0), (81.0, 94.0), (-7.0, 13.0), (86.0, 12.0), (0, 0), (80.0, 2.0), (-20.0, -21.0), (94.0, -21.0)]
[(36.0, 374.0), (28.0, 381.0), (43.0, 382.0), (-3.0, 329.0), (74.0, 333.0), (14.0, 192.0), (65.0, 192.0), (-3.0, 94.0), (82.0, 94.0), (-6.0, 13.0), (87.0, 12.0), (0, 0), (82.0, 2.0), (-19.0, -21.0), (95.0, -21.0)]
[(36.0, 374.0), (28.0, 381.0), (44.0, 382.0), (-3.0, 328.0), (74.0, 332.0), (14.0, 191.0), (65.0, 191.0), (-3.0, 94.0), (83.0, 94.0), (-6.0, 14.0), (87.0, 12.0), (0, 0), (82.0, 2.0), (-18.0, -21.0), (96.0, -21.0)]
[(37.0, 369.0), (29.0, 378.0), (45.0, 378.0), (-6.0, 326.0), (74.0, 331.0), (13.0, 188.0), (66.0, 189.0), (-3.0, 93.0), (84.0, 91.0), (-6.0, 14.0), (87.0, 11.0), (0, 0), (82.0, 1.0), (-18.0, -21.0), (97.0, -21.0)]
[(37.0, 365.0), (29.0, 374.0), (45.0, 374.0), (-8.0, 325.0), (74.0, 328.0), (13.0, 184.0), (66.0, 186.0), (-4.0, 92.0), (84.0, 90.0), (-6.0, 14.0), (87.0, 11.0), (0, 0), (82.0, 1.0), (-18.0, -21.0), (97.0, -21.0)]
[(36.0, 362.0), (28.0, 371.0), (44.0, 370.0), (-9.0, 323.0), (73.0, 326.0), (11.0, 181.0), (65.0, 183.0), (-8.0, 89.0), (84.0, 89.0), (-6.0, 14.0), (86.0, 12.0), (0, 0), (81.0, 2.0), (-19.0, -20.0), (97.0, -20.0)]
[(36.0, 358.0), (27.0, 366.0), (43.0, 366.0), (-10.0, 320.0), (72.0, 322.0), (9.0, 176.0), (64.0, 179.0), (-11.0, 87.0), (84.0, 87.0), (-7.0, 13.0), (85.0, 12.0), (0, 0), (78.0, 2.0), (-21.0, -19.0), (96.0, -20.0)]
[(35.0, 354.0), (25.0, 363.0), (41.0, 363.0), (-12.0, 317.0), (71.0, 319.0), (7.0, 176.0), (63.0, 178.0), (-13.0, 88.0), (83.0, 88.0), (-8.0, 14.0), (84.0, 14.0), (0, 0), (77.0, 4.0), (-22.0, -17.0), (96.0, -18.0)]
[(34.0, 350.0), (24.0, 358.0), (41.0, 359.0), (-12.0, 317.0), (71.0, 317.0), (7.0, 174.0), (63.0, 177.0), (-15.0, 88.0), (85.0, 88.0), (-8.0, 14.0), (83.0, 16.0), (0, 0), (75.0, 7.0), (-23.0, -15.0), (96.0, -16.0)]
[(35.0, 347.0), (24.0, 356.0), (41.0, 355.0), (-12.0, 311.0), (72.0, 313.0), (8.0, 171.0), (64.0, 174.0), (-14.0, 87.0), (89.0, 85.0), (-7.0, 14.0), (84.0, 17.0), (0, 0), (76.0, 8.0), (-22.0, -15.0), (97.0, -15.0)]
[(34.0, 342.0), (23.0, 350.0), (41.0, 349.0), (-12.0, 307.0), (71.0, 309.0), (8.0, 168.0), (64.0, 171.0), (-14.0, 85.0), (89.0, 83.0), (-7.0, 12.0), (84.0, 17.0), (0, 0), (76.0, 9.0), (-22.0, -16.0), (97.0, -14.0)]
[(34.0, 335.0), (23.0, 343.0), (41.0, 342.0), (-12.0, 301.0), (71.0, 302.0), (8.0, 164.0), (64.0, 167.0), (-17.0, 80.0), (90.0, 79.0), (-7.0, 12.0), (84.0, 16.0), (0, 0), (77.0, 8.0), (-22.0, -16.0), (97.0, -16.0)]
[(33.0, 329.0), (23.0, 337.0), (40.0, 337.0), (-12.0, 295.0), (70.0, 296.0), (7.0, 160.0), (64.0, 163.0), (-19.0, 79.0), (91.0, 79.0), (-8.0, 12.0), (87.0, 16.0), (0, 0), (81.0, 8.0), (-22.0, -16.0), (98.0, -15.0)]
[(33.0, 321.0), (23.0, 329.0), (40.0, 329.0), (-11.0, 285.0), (70.0, 290.0), (7.0, 157.0), (63.0, 158.0), (-23.0, 80.0), (91.0, 79.0), (-9.0, 12.0), (86.0, 16.0), (0, 0), (80.0, 9.0), (-24.0, -17.0), (98.0, -15.0)]
[(33.0, 312.0), (23.0, 320.0), (40.0, 320.0), (-10.0, 279.0), (69.0, 284.0), (7.0, 153.0), (62.0, 153.0), (-25.0, 80.0), (91.0, 79.0), (-9.0, 11.0), (86.0, 15.0), (0, 0), (79.0, 8.0), (-26.0, -18.0), (99.0, -15.0)]
[(32.0, 306.0), (22.0, 315.0), (39.0, 314.0), (-10.0, 273.0), (69.0, 281.0), (7.0, 151.0), (62.0, 152.0), (-27.0, 80.0), (94.0, 80.0), (-10.0, 12.0), (86.0, 15.0), (0, 0), (79.0, 8.0), (-28.0, -18.0), (99.0, -15.0)]
[(31.0, 293.0), (21.0, 303.0), (38.0, 302.0), (-10.0, 267.0), (68.0, 273.0), (6.0, 148.0), (61.0, 148.0), (-29.0, 83.0), (93.0, 80.0), (-11.0, 13.0), (86.0, 16.0), (0, 0), (79.0, 8.0), (-33.0, -18.0), (98.0, -14.0)]
[(29.0, 284.0), (20.0, 293.0), (36.0, 293.0), (-12.0, 263.0), (66.0, 267.0), (5.0, 146.0), (59.0, 146.0), (-32.0, 83.0), (90.0, 79.0), (-12.0, 13.0), (84.0, 16.0), (0, 0), (77.0, 8.0), (-34.0, -19.0), (93.0, -14.0)]
[(26.0, 276.0), (18.0, 285.0), (34.0, 285.0), (-14.0, 252.0), (64.0, 255.0), (3.0, 144.0), (56.0, 145.0), (-35.0, 82.0), (88.0, 79.0), (-13.0, 12.0), (82.0, 14.0), (0, 0), (75.0, 7.0), (-34.0, -20.0), (89.0, -16.0)]
[(26.0, 269.0), (18.0, 278.0), (34.0, 278.0), (-13.0, 248.0), (64.0, 251.0), (4.0, 141.0), (56.0, 142.0), (-35.0, 83.0), (88.0, 80.0), (-12.0, 13.0), (81.0, 15.0), (0, 0), (75.0, 7.0), (-34.0, -19.0), (88.0, -16.0)]
[(25.0, 262.0), (17.0, 270.0), (33.0, 271.0), (-13.0, 241.0), (63.0, 244.0), (4.0, 139.0), (55.0, 141.0), (-36.0, 83.0), (87.0, 80.0), (-10.0, 12.0), (80.0, 14.0), (0, 0), (74.0, 6.0), (-34.0, -19.0), (87.0, -16.0)]
[(26.0, 254.0), (18.0, 263.0), (34.0, 263.0), (-13.0, 236.0), (63.0, 238.0), (5.0, 137.0), (55.0, 139.0), (-37.0, 84.0), (85.0, 80.0), (-11.0, 12.0), (79.0, 14.0), (0, 0), (74.0, 6.0), (-33.0, -19.0), (86.0, -16.0)]
[(25.0, 248.0), (17.0, 257.0), (34.0, 257.0), (-13.0, 228.0), (63.0, 232.0), (5.0, 134.0), (56.0, 135.0), (-36.0, 83.0), (85.0, 79.0), (-11.0, 12.0), (78.0, 13.0), (0, 0), (73.0, 5.0), (-32.0, -19.0), (86.0, -16.0)]
[(25.0, 242.0), (17.0, 250.0), (33.0, 250.0), (-13.0, 222.0), (63.0, 227.0), (6.0, 131.0), (56.0, 133.0), (-36.0, 84.0), (84.0, 80.0), (-11.0, 13.0), (78.0, 15.0), (0, 0), (73.0, 6.0), (-32.0, -17.0), (86.0, -15.0)]
[(25.0, 236.0), (17.0, 244.0), (33.0, 244.0), (-13.0, 215.0), (62.0, 220.0), (6.0, 128.0), (56.0, 130.0), (-36.0, 84.0), (84.0, 81.0), (-11.0, 13.0), (78.0, 15.0), (0, 0), (72.0, 6.0), (-32.0, -16.0), (86.0, -15.0)]
[(25.0, 230.0), (17.0, 238.0), (33.0, 238.0), (-13.0, 209.0), (62.0, 216.0), (6.0, 127.0), (56.0, 129.0), (-36.0, 84.0), (84.0, 82.0), (-11.0, 13.0), (78.0, 15.0), (0, 0), (72.0, 5.0), (-33.0, -14.0), (87.0, -15.0)]
[(25.0, 224.0), (17.0, 231.0), (34.0, 232.0), (-13.0, 202.0), (62.0, 207.0), (6.0, 125.0), (56.0, 126.0), (-36.0, 84.0), (87.0, 81.0), (-11.0, 13.0), (78.0, 15.0), (0, 0), (72.0, 5.0), (-31.0, -14.0), (88.0, -15.0)]
[(28.0, 216.0), (18.0, 223.0), (35.0, 225.0), (-12.0, 197.0), (63.0, 201.0), (6.0, 121.0), (56.0, 122.0), (-35.0, 84.0), (87.0, 81.0), (-11.0, 13.0), (78.0, 15.0), (0, 0), (72.0, 5.0), (-31.0, -14.0), (88.0, -15.0)]
[(28.0, 203.0), (18.0, 212.0), (36.0, 214.0), (-12.0, 191.0), (63.0, 195.0), (6.0, 119.0), (56.0, 120.0), (-35.0, 86.0), (87.0, 83.0), (-11.0, 13.0), (78.0, 16.0), (0, 0), (72.0, 5.0), (-31.0, -13.0), (88.0, -14.0)]
[(30.0, 201.0), (20.0, 210.0), (38.0, 211.0), (-10.0, 191.0), (64.0, 193.0), (8.0, 119.0), (57.0, 120.0), (-34.0, 87.0), (88.0, 85.0), (-10.0, 13.0), (79.0, 16.0), (0, 0), (73.0, 5.0), (-30.0, -13.0), (89.0, -14.0)]
[(29.0, 198.0), (19.0, 208.0), (38.0, 209.0), (-10.0, 190.0), (63.0, 194.0), (7.0, 119.0), (56.0, 119.0), (-35.0, 87.0), (87.0, 86.0), (-11.0, 12.0), (78.0, 15.0), (0, 0), (71.0, 5.0), (-31.0, -13.0), (88.0, -15.0)]
[(31.0, 201.0), (21.0, 211.0), (39.0, 212.0), (-9.0, 192.0), (63.0, 195.0), (7.0, 120.0), (55.0, 121.0), (-34.0, 88.0), (87.0, 88.0), (-10.0, 13.0), (78.0, 15.0), (0, 0), (71.0, 4.0), (-31.0, -12.0), (89.0, -14.0)]
[(31.0, 203.0), (21.0, 212.0), (39.0, 214.0), (-9.0, 193.0), (64.0, 196.0), (7.0, 121.0), (55.0, 122.0), (-33.0, 89.0), (87.0, 89.0), (-10.0, 13.0), (78.0, 15.0), (0, 0), (71.0, 4.0), (-31.0, -12.0), (89.0, -14.0)]
[(33.0, 208.0), (23.0, 217.0), (41.0, 218.0), (-7.0, 195.0), (66.0, 197.0), (8.0, 121.0), (57.0, 120.0), (-30.0, 90.0), (87.0, 90.0), (-9.0, 14.0), (79.0, 15.0), (0, 0), (72.0, 4.0), (-31.0, -11.0), (91.0, -13.0)]
[(32.0, 209.0), (21.0, 219.0), (40.0, 221.0), (-8.0, 197.0), (66.0, 199.0), (7.0, 122.0), (56.0, 122.0), (-31.0, 88.0), (84.0, 90.0), (-10.0, 14.0), (78.0, 15.0), (0, 0), (71.0, 4.0), (-32.0, -10.0), (89.0, -13.0)]
[(32.0, 217.0), (22.0, 225.0), (40.0, 227.0), (-8.0, 198.0), (66.0, 202.0), (7.0, 124.0), (56.0, 125.0), (-29.0, 87.0), (83.0, 89.0), (-10.0, 13.0), (78.0, 15.0), (0, 0), (71.0, 4.0), (-32.0, -10.0), (89.0, -13.0)]
[(31.0, 225.0), (22.0, 233.0), (40.0, 234.0), (-7.0, 205.0), (67.0, 204.0), (8.0, 132.0), (57.0, 134.0), (-26.0, 86.0), (81.0, 89.0), (-9.0, 13.0), (77.0, 15.0), (0, 0), (71.0, 4.0), (-31.0, -11.0), (89.0, -13.0)]
[(32.0, 233.0), (24.0, 241.0), (41.0, 242.0), (-6.0, 213.0), (67.0, 211.0), (10.0, 137.0), (58.0, 139.0), (-24.0, 86.0), (79.0, 89.0), (-8.0, 13.0), (77.0, 15.0), (0, 0), (71.0, 5.0), (-31.0, -11.0), (88.0, -13.0)]
[(32.0, 244.0), (23.0, 252.0), (40.0, 252.0), (-6.0, 218.0), (68.0, 216.0), (9.0, 140.0), (58.0, 142.0), (-22.0, 86.0), (77.0, 89.0), (-8.0, 12.0), (76.0, 15.0), (0, 0), (71.0, 5.0), (-31.0, -11.0), (87.0, -13.0)]
[(32.0, 245.0), (24.0, 253.0), (40.0, 254.0), (-6.0, 220.0), (68.0, 220.0), (11.0, 141.0), (59.0, 143.0), (-21.0, 87.0), (77.0, 88.0), (-8.0, 12.0), (76.0, 16.0), (0, 0), (72.0, 6.0), (-30.0, -12.0), (87.0, -13.0)]
[(33.0, 252.0), (24.0, 260.0), (40.0, 260.0), (-6.0, 224.0), (68.0, 223.0), (11.0, 142.0), (59.0, 144.0), (-19.0, 87.0), (77.0, 87.0), (-7.0, 12.0), (76.0, 15.0), (0, 0), (72.0, 5.0), (-29.0, -13.0), (87.0, -14.0)]
[(36.0, 271.0), (28.0, 280.0), (44.0, 279.0), (-5.0, 244.0), (70.0, 244.0), (12.0, 153.0), (60.0, 155.0), (-12.0, 95.0), (75.0, 94.0), (-7.0, 12.0), (77.0, 14.0), (0, 0), (73.0, 4.0), (-28.0, -14.0), (88.0, -15.0)]
[(36.0, 283.0), (28.0, 291.0), (44.0, 291.0), (-6.0, 253.0), (71.0, 252.0), (12.0, 158.0), (61.0, 159.0), (-10.0, 96.0), (76.0, 95.0), (-7.0, 12.0), (77.0, 15.0), (0, 0), (72.0, 5.0), (-28.0, -14.0), (87.0, -15.0)]
[(37.0, 294.0), (29.0, 302.0), (45.0, 302.0), (-4.0, 264.0), (72.0, 265.0), (13.0, 163.0), (63.0, 163.0), (-10.0, 95.0), (76.0, 93.0), (-6.0, 12.0), (78.0, 14.0), (0, 0), (73.0, 4.0), (-26.0, -15.0), (88.0, -15.0)]
[(36.0, 303.0), (28.0, 310.0), (44.0, 311.0), (-3.0, 270.0), (72.0, 272.0), (14.0, 166.0), (63.0, 167.0), (-10.0, 94.0), (77.0, 93.0), (-6.0, 13.0), (78.0, 14.0), (0, 0), (73.0, 4.0), (-26.0, -15.0), (87.0, -15.0)]
[(36.0, 316.0), (28.0, 323.0), (44.0, 323.0), (-3.0, 280.0), (72.0, 283.0), (14.0, 172.0), (63.0, 174.0), (-9.0, 95.0), (77.0, 94.0), (-7.0, 14.0), (78.0, 16.0), (0, 0), (73.0, 5.0), (-27.0, -15.0), (87.0, -14.0)]
[(37.0, 325.0), (28.0, 332.0), (44.0, 333.0), (-2.0, 285.0), (73.0, 287.0), (14.0, 174.0), (64.0, 175.0), (-8.0, 94.0), (77.0, 93.0), (-7.0, 13.0), (78.0, 15.0), (0, 0), (72.0, 5.0), (-27.0, -16.0), (87.0, -15.0)]
[(38.0, 349.0), (29.0, 357.0), (45.0, 357.0), (-2.0, 309.0), (76.0, 307.0), (15.0, 184.0), (66.0, 184.0), (-4.0, 93.0), (79.0, 91.0), (-8.0, 12.0), (79.0, 14.0), (0, 0), (73.0, 3.0), (-26.0, -17.0), (89.0, -17.0)]