[(39.0, 395.0), (30.0, 404.0), (46.0, 403.0), (-9.0, 345.0), (81.0, 343.0), (16.0, 212.0), (66.0, 215.0), (3.0, 107.0), (89.0, 108.0), (-7.0, 13.0), (99.0, 14.0), (0, 0), (93.0, 1.0), (-26.0, -19.0), (121.0, -15.0)]
[(38.0, 400.0), (28.0, 409.0), (46.0, 409.0), (-9.0, 346.0), (81.0, 346.0), (17.0, 213.0), (68.0, 216.0), (7.0, 109.0), (84.0, 109.0), (-6.0, 13.0), (99.0, 14.0), (0, 0), (94.0, 2.0), (-26.0, -20.0), (121.0, -16.0)]
[(38.0, 399.0), (28.0, 408.0), (46.0, 408.0), (-9.0, 347.0), (81.0, 346.0), (17.0, 214.0), (68.0, 215.0), (8.0, 110.0), (83.0, 109.0), (-6.0, 13.0), (98.0, 14.0), (0, 0), (94.0, 3.0), (-26.0, -20.0), (120.0, -16.0)]
[(37.0, 402.0), (28.0, 411.0), (46.0, 411.0), (-9.0, 346.0), (81.0, 349.0), (18.0, 212.0), (68.0, 215.0), (8.0, 109.0), (83.0, 110.0), (-6.0, 13.0), (98.0, 15.0), (0, 0), (94.0, 4.0), (-25.0, -20.0), (120.0, -16.0)]
[(36.0, 402.0), (27.0, 411.0), (45.0, 411.0), (-10.0, 348.0), (80.0, 351.0), (18.0, 212.0), (67.0, 216.0), (7.0, 109.0), (81.0, 110.0), (-6.0, 14.0), (97.0, 15.0), (0, 0), (93.0, 4.0), (-26.0, -20.0), (119.0, -16.0)]
[(36.0, 401.0), (27.0, 410.0), (45.0, 409.0), (-10.0, 348.0), (80.0, 350.0), (18.0, 211.0), (67.0, 215.0), (7.0, 108.0), (81.0, 109.0), (-6.0, 13.0), (97.0, 14.0), (0, 0), (93.0, 3.0), (-26.0, -21.0), (119.0, -17.0)]
[(37.0, 402.0), (27.0, 410.0), (46.0, 410.0), (-9.0, 348.0), (80.0, 350.0), (19.0, 211.0), (67.0, 214.0), (7.0, 108.0), (80.0, 109.0), (-6.0, 14.0), (97.0, 14.0), (0, 0), (92.0, 3.0), (-26.0, -21.0), (119.0, -17.0)]
[(39.0, 401.0), (28.0, 410.0), (47.0, 409.0), (-9.0, 347.0), (80.0, 348.0), (18.0, 211.0), (67.0, 214.0), (7.0, 107.0), (80.0, 109.0), (-6.0, 14.0), (97.0, 14.0), (0, 0), (92.0, 3.0), (-26.0, -21.0), (119.0, -16.0)]
[(40.0, 400.0), (29.0, 409.0), (48.0, 408.0), (-9.0, 346.0), (81.0, 346.0), (18.0, 210.0), (67.0, 212.0), (6.0, 107.0), (81.0, 109.0), (-6.0, 13.0), (96.0, 14.0), (0, 0), (92.0, 4.0), (-26.0, -22.0), (119.0, -16.0)]
[(40.0, 401.0), (30.0, 410.0), (49.0, 409.0), (-9.0, 347.0), (81.0, 346.0), (18.0, 211.0), (67.0, 213.0), (6.0, 108.0), (81.0, 110.0), (-6.0, 14.0), (96.0, 15.0), (0, 0), (92.0, 5.0), (-26.0, -21.0), (119.0, -15.0)]
[(41.0, 399.0), (31.0, 408.0), (49.0, 407.0), (-9.0, 345.0), (82.0, 344.0), (17.0, 210.0), (67.0, 212.0), (6.0, 108.0), (81.0, 109.0), (-6.0, 14.0), (96.0, 15.0), (0, 0), (92.0, 5.0), (-26.0, -21.0), (119.0, -15.0)]
[(47.0, 383.0), (36.0, 394.0), (53.0, 392.0), (-7.0, 343.0), (86.0, 337.0), (17.0, 207.0), (67.0, 207.0), (-0.0, 107.0), (88.0, 108.0), (-6.0, 14.0), (96.0, 15.0), (0, 0), (92.0, 4.0), (-27.0, -21.0), (119.0, -15.0)]
[(48.0, 378.0), (37.0, 389.0), (54.0, 387.0), (-7.0, 341.0), (87.0, 334.0), (17.0, 206.0), (67.0, 205.0), (-3.0, 106.0), (91.0, 106.0), (-7.0, 14.0), (96.0, 14.0), (0, 0), (92.0, 4.0), (-27.0, -21.0), (119.0, -15.0)]
[(49.0, 362.0), (38.0, 373.0), (55.0, 370.0), (-6.0, 325.0), (88.0, 319.0), (17.0, 194.0), (68.0, 195.0), (-5.0, 108.0), (96.0, 105.0), (-7.0, 13.0), (96.0, 12.0), (0, 0), (90.0, 1.0), (-27.0, -22.0), (119.0, -16.0)]
[(48.0, 346.0), (38.0, 355.0), (55.0, 354.0), (-5.0, 310.0), (88.0, 306.0), (17.0, 182.0), (68.0, 185.0), (-10.0, 101.0), (103.0, 105.0), (-7.0, 14.0), (96.0, 13.0), (0, 0), (89.0, 2.0), (-28.0, -21.0), (119.0, -15.0)]
[(48.0, 299.0), (39.0, 309.0), (55.0, 307.0), (-1.0, 273.0), (88.0, 268.0), (19.0, 155.0), (71.0, 156.0), (-17.0, 96.0), (110.0, 95.0), (-7.0, 12.0), (97.0, 11.0), (0, 0), (89.0, 0.0), (-29.0, -21.0), (118.0, -17.0)]
[(48.0, 297.0), (40.0, 307.0), (55.0, 305.0), (-0.0, 271.0), (88.0, 266.0), (20.0, 154.0), (71.0, 155.0), (-19.0, 96.0), (111.0, 92.0), (-7.0, 12.0), (98.0, 11.0), (0, 0), (90.0, 0.0), (-29.0, -21.0), (119.0, -17.0)]
[(48.0, 278.0), (40.0, 288.0), (56.0, 287.0), (2.0, 258.0), (88.0, 258.0), (20.0, 147.0), (71.0, 148.0), (-20.0, 93.0), (113.0, 89.0), (-8.0, 12.0), (98.0, 11.0), (0, 0), (90.0, 0.0), (-29.0, -20.0), (119.0, -17.0)]
[(48.0, 258.0), (39.0, 268.0), (55.0, 268.0), (3.0, 241.0), (86.0, 238.0), (21.0, 138.0), (71.0, 140.0), (-22.0, 91.0), (114.0, 91.0), (-9.0, 12.0), (98.0, 11.0), (0, 0), (90.0, -1.0), (-29.0, -20.0), (119.0, -17.0)]
[(48.0, 259.0), (39.0, 269.0), (55.0, 268.0), (4.0, 238.0), (86.0, 237.0), (21.0, 136.0), (70.0, 137.0), (-22.0, 88.0), (115.0, 90.0), (-9.0, 11.0), (98.0, 10.0), (0, 0), (90.0, -2.0), (-29.0, -19.0), (119.0, -17.0)]
[(48.0, 231.0), (39.0, 240.0), (55.0, 240.0), (4.0, 210.0), (86.0, 213.0), (23.0, 119.0), (71.0, 119.0), (-23.0, 89.0), (117.0, 92.0), (-9.0, 11.0), (98.0, 11.0), (0, 0), (90.0, -1.0), (-30.0, -18.0), (119.0, -16.0)]
[(47.0, 220.0), (38.0, 229.0), (54.0, 229.0), (3.0, 198.0), (86.0, 201.0), (24.0, 108.0), (71.0, 108.0), (-24.0, 91.0), (117.0, 94.0), (-9.0, 12.0), (98.0, 13.0), (0, 0), (90.0, 1.0), (-29.0, -16.0), (118.0, -14.0)]
[(46.0, 209.0), (37.0, 220.0), (54.0, 219.0), (2.0, 191.0), (85.0, 193.0), (23.0, 99.0), (71.0, 98.0), (-26.0, 89.0), (118.0, 94.0), (-10.0, 11.0), (97.0, 13.0), (0, 0), (88.0, 1.0), (-29.0, -17.0), (117.0, -15.0)]
[(45.0, 210.0), (36.0, 220.0), (54.0, 220.0), (3.0, 191.0), (85.0, 191.0), (24.0, 97.0), (71.0, 95.0), (-27.0, 90.0), (118.0, 94.0), (-10.0, 12.0), (97.0, 14.0), (0, 0), (88.0, 2.0), (-29.0, -17.0), (117.0, -15.0)]
[(45.0, 207.0), (36.0, 217.0), (54.0, 217.0), (4.0, 188.0), (85.0, 188.0), (24.0, 94.0), (71.0, 92.0), (-28.0, 89.0), (118.0, 95.0), (-9.0, 11.0), (97.0, 14.0), (0, 0), (88.0, 2.0), (-29.0, -18.0), (117.0, -15.0)]
[(44.0, 211.0), (35.0, 221.0), (52.0, 220.0), (3.0, 194.0), (83.0, 195.0), (22.0, 102.0), (69.0, 101.0), (-28.0, 89.0), (118.0, 95.0), (-10.0, 11.0), (96.0, 14.0), (0, 0), (87.0, 2.0), (-28.0, -19.0), (116.0, -15.0)]
[(44.0, 212.0), (35.0, 221.0), (52.0, 221.0), (2.0, 194.0), (82.0, 195.0), (21.0, 103.0), (69.0, 103.0), (-28.0, 89.0), (118.0, 95.0), (-10.0, 11.0), (96.0, 14.0), (0, 0), (87.0, 2.0), (-28.0, -20.0), (116.0, -15.0)]
[(44.0, 220.0), (35.0, 229.0), (52.0, 230.0), (2.0, 202.0), (82.0, 203.0), (20.0, 108.0), (69.0, 109.0), (-28.0, 89.0), (117.0, 94.0), (-10.0, 11.0), (96.0, 14.0), (0, 0), (87.0, 2.0), (-28.0, -20.0), (116.0, -15.0)]
[(44.0, 222.0), (35.0, 231.0), (52.0, 231.0), (2.0, 204.0), (82.0, 204.0), (20.0, 111.0), (68.0, 111.0), (-28.0, 90.0), (117.0, 94.0), (-10.0, 11.0), (96.0, 14.0), (0, 0), (86.0, 2.0), (-28.0, -20.0), (116.0, -15.0)]
[(45.0, 226.0), (36.0, 235.0), (52.0, 236.0), (2.0, 211.0), (82.0, 212.0), (18.0, 120.0), (68.0, 122.0), (-27.0, 90.0), (116.0, 93.0), (-10.0, 11.0), (96.0, 14.0), (0, 0), (87.0, 2.0), (-28.0, -20.0), (117.0, -15.0)]
[(45.0, 274.0), (36.0, 282.0), (53.0, 282.0), (4.0, 244.0), (82.0, 247.0), (18.0, 142.0), (68.0, 144.0), (-23.0, 90.0), (113.0, 93.0), (-9.0, 12.0), (97.0, 14.0), (0, 0), (88.0, 2.0), (-27.0, -19.0), (119.0, -15.0)]
[(44.0, 295.0), (35.0, 303.0), (52.0, 303.0), (4.0, 263.0), (82.0, 265.0), (18.0, 155.0), (68.0, 156.0), (-20.0, 90.0), (109.0, 94.0), (-9.0, 11.0), (97.0, 13.0), (0, 0), (88.0, 2.0), (-27.0, -18.0), (119.0, -15.0)]
[(44.0, 297.0), (35.0, 305.0), (51.0, 305.0), (3.0, 266.0), (81.0, 267.0), (17.0, 157.0), (68.0, 157.0), (-18.0, 92.0), (107.0, 94.0), (-9.0, 12.0), (97.0, 13.0), (0, 0), (88.0, 2.0), (-28.0, -18.0), (119.0, -15.0)]
[(42.0, 320.0), (34.0, 327.0), (50.0, 327.0), (2.0, 284.0), (83.0, 281.0), (18.0, 168.0), (69.0, 168.0), (-15.0, 92.0), (106.0, 94.0), (-8.0, 12.0), (98.0, 13.0), (0, 0), (89.0, 1.0), (-26.0, -18.0), (120.0, -15.0)]
[(41.0, 320.0), (34.0, 328.0), (49.0, 327.0), (1.0, 285.0), (83.0, 282.0), (18.0, 171.0), (69.0, 171.0), (-14.0, 94.0), (105.0, 94.0), (-8.0, 12.0), (98.0, 13.0), (0, 0), (89.0, 1.0), (-26.0, -18.0), (120.0, -15.0)]
[(41.0, 340.0), (33.0, 349.0), (48.0, 348.0), (-2.0, 303.0), (83.0, 300.0), (18.0, 184.0), (68.0, 184.0), (-11.0, 98.0), (102.0, 99.0), (-8.0, 11.0), (98.0, 12.0), (0, 0), (91.0, 0.0), (-26.0, -19.0), (120.0, -16.0)]
[(41.0, 381.0), (31.0, 389.0), (47.0, 389.0), (-7.0, 334.0), (83.0, 331.0), (18.0, 203.0), (68.0, 205.0), (-2.0, 102.0), (93.0, 104.0), (-7.0, 11.0), (98.0, 12.0), (0, 0), (91.0, 1.0), (-26.0, -19.0), (120.0, -16.0)]