[(43.0, 338.0), (35.0, 346.0), (50.0, 346.0), (1.0, 292.0), (81.0, 294.0), (17.0, 182.0), (66.0, 181.0), (-0.0, 98.0), (75.0, 95.0), (-7.0, 14.0), (77.0, 16.0), (0, 0), (73.0, 8.0), (-30.0, -14.0), (84.0, -13.0)]
[(43.0, 346.0), (35.0, 354.0), (50.0, 354.0), (-0.0, 298.0), (81.0, 300.0), (17.0, 184.0), (66.0, 183.0), (2.0, 98.0), (75.0, 95.0), (-7.0, 15.0), (77.0, 17.0), (0, 0), (74.0, 8.0), (-33.0, -12.0), (85.0, -12.0)]
[(44.0, 351.0), (36.0, 359.0), (50.0, 360.0), (-0.0, 304.0), (80.0, 305.0), (17.0, 186.0), (66.0, 184.0), (3.0, 100.0), (75.0, 97.0), (-7.0, 16.0), (77.0, 17.0), (0, 0), (74.0, 8.0), (-35.0, -6.0), (86.0, -11.0)]
[(46.0, 357.0), (37.0, 364.0), (52.0, 365.0), (1.0, 309.0), (82.0, 309.0), (18.0, 189.0), (67.0, 188.0), (4.0, 101.0), (76.0, 99.0), (-6.0, 16.0), (78.0, 18.0), (0, 0), (75.0, 8.0), (-36.0, -7.0), (88.0, -10.0)]
[(45.0, 362.0), (36.0, 369.0), (52.0, 370.0), (-1.0, 312.0), (81.0, 312.0), (17.0, 189.0), (66.0, 189.0), (4.0, 101.0), (75.0, 101.0), (-7.0, 16.0), (78.0, 19.0), (0, 0), (74.0, 8.0), (-37.0, -7.0), (89.0, -10.0)]
[(44.0, 365.0), (36.0, 373.0), (52.0, 373.0), (-1.0, 315.0), (81.0, 314.0), (17.0, 191.0), (66.0, 192.0), (5.0, 102.0), (74.0, 105.0), (-7.0, 17.0), (78.0, 20.0), (0, 0), (74.0, 9.0), (-38.0, -6.0), (89.0, -9.0)]
[(44.0, 366.0), (36.0, 374.0), (52.0, 374.0), (-1.0, 317.0), (82.0, 316.0), (18.0, 192.0), (67.0, 193.0), (5.0, 103.0), (73.0, 108.0), (-6.0, 17.0), (78.0, 20.0), (0, 0), (74.0, 9.0), (-39.0, -4.0), (89.0, -8.0)]
[(45.0, 369.0), (36.0, 376.0), (52.0, 376.0), (-0.0, 317.0), (82.0, 315.0), (18.0, 193.0), (67.0, 193.0), (5.0, 104.0), (73.0, 108.0), (-6.0, 17.0), (78.0, 19.0), (0, 0), (74.0, 6.0), (-39.0, -5.0), (92.0, -8.0)]
[(45.0, 368.0), (36.0, 376.0), (52.0, 376.0), (-0.0, 317.0), (82.0, 315.0), (17.0, 192.0), (65.0, 193.0), (5.0, 103.0), (73.0, 107.0), (-6.0, 17.0), (79.0, 17.0), (0, 0), (75.0, 5.0), (-39.0, -5.0), (94.0, -8.0)]
[(45.0, 369.0), (36.0, 376.0), (52.0, 377.0), (-0.0, 317.0), (83.0, 316.0), (17.0, 192.0), (65.0, 193.0), (5.0, 103.0), (74.0, 107.0), (-6.0, 17.0), (79.0, 18.0), (0, 0), (75.0, 5.0), (-38.0, -4.0), (94.0, -8.0)]
[(45.0, 370.0), (36.0, 377.0), (53.0, 378.0), (1.0, 317.0), (84.0, 315.0), (16.0, 192.0), (65.0, 192.0), (5.0, 103.0), (74.0, 107.0), (-6.0, 17.0), (79.0, 17.0), (0, 0), (75.0, 5.0), (-38.0, -4.0), (95.0, -8.0)]
[(46.0, 370.0), (37.0, 378.0), (54.0, 378.0), (1.0, 317.0), (84.0, 316.0), (16.0, 192.0), (65.0, 192.0), (5.0, 102.0), (75.0, 106.0), (-6.0, 17.0), (79.0, 17.0), (0, 0), (75.0, 5.0), (-38.0, -4.0), (95.0, -9.0)]
[(46.0, 371.0), (37.0, 378.0), (54.0, 378.0), (2.0, 316.0), (84.0, 317.0), (16.0, 192.0), (64.0, 192.0), (5.0, 102.0), (76.0, 106.0), (-6.0, 17.0), (79.0, 16.0), (0, 0), (75.0, 4.0), (-37.0, -5.0), (98.0, -9.0)]
[(47.0, 371.0), (38.0, 379.0), (55.0, 379.0), (2.0, 316.0), (85.0, 317.0), (16.0, 192.0), (64.0, 193.0), (5.0, 102.0), (76.0, 106.0), (-6.0, 17.0), (79.0, 16.0), (0, 0), (75.0, 5.0), (-36.0, -5.0), (97.0, -9.0)]
[(47.0, 371.0), (38.0, 378.0), (55.0, 378.0), (2.0, 315.0), (85.0, 317.0), (16.0, 192.0), (64.0, 193.0), (5.0, 102.0), (76.0, 106.0), (-6.0, 17.0), (79.0, 16.0), (0, 0), (75.0, 5.0), (-36.0, -5.0), (97.0, -8.0)]
[(46.0, 370.0), (37.0, 377.0), (54.0, 377.0), (2.0, 315.0), (84.0, 316.0), (15.0, 192.0), (63.0, 192.0), (4.0, 101.0), (75.0, 106.0), (-7.0, 16.0), (78.0, 15.0), (0, 0), (74.0, 4.0), (-36.0, -6.0), (95.0, -9.0)]
[(46.0, 370.0), (37.0, 377.0), (54.0, 377.0), (2.0, 317.0), (84.0, 317.0), (16.0, 193.0), (64.0, 193.0), (3.0, 102.0), (77.0, 106.0), (-7.0, 17.0), (79.0, 16.0), (0, 0), (75.0, 4.0), (-38.0, -5.0), (95.0, -8.0)]
[(46.0, 369.0), (37.0, 376.0), (54.0, 376.0), (3.0, 317.0), (84.0, 317.0), (16.0, 193.0), (64.0, 193.0), (3.0, 102.0), (78.0, 107.0), (-7.0, 17.0), (79.0, 17.0), (0, 0), (75.0, 4.0), (-38.0, -4.0), (95.0, -7.0)]
[(46.0, 368.0), (37.0, 376.0), (53.0, 376.0), (3.0, 317.0), (84.0, 317.0), (17.0, 193.0), (65.0, 193.0), (3.0, 103.0), (78.0, 107.0), (-7.0, 17.0), (79.0, 17.0), (0, 0), (75.0, 5.0), (-38.0, -3.0), (96.0, -7.0)]
[(45.0, 368.0), (37.0, 375.0), (53.0, 376.0), (2.0, 317.0), (83.0, 317.0), (17.0, 193.0), (65.0, 193.0), (3.0, 103.0), (78.0, 107.0), (-7.0, 18.0), (79.0, 18.0), (0, 0), (75.0, 5.0), (-38.0, -3.0), (97.0, -7.0)]
[(45.0, 368.0), (37.0, 375.0), (53.0, 375.0), (2.0, 317.0), (82.0, 318.0), (17.0, 193.0), (65.0, 193.0), (3.0, 103.0), (77.0, 107.0), (-7.0, 18.0), (79.0, 18.0), (0, 0), (75.0, 6.0), (-38.0, -3.0), (96.0, -7.0)]
[(45.0, 366.0), (37.0, 373.0), (53.0, 374.0), (2.0, 316.0), (82.0, 316.0), (17.0, 192.0), (64.0, 192.0), (4.0, 101.0), (76.0, 106.0), (-7.0, 17.0), (78.0, 17.0), (0, 0), (73.0, 5.0), (-37.0, -4.0), (96.0, -8.0)]
[(45.0, 365.0), (36.0, 372.0), (52.0, 373.0), (1.0, 315.0), (82.0, 316.0), (17.0, 192.0), (64.0, 192.0), (4.0, 101.0), (75.0, 104.0), (-7.0, 17.0), (78.0, 16.0), (0, 0), (72.0, 4.0), (-37.0, -4.0), (96.0, -9.0)]
[(46.0, 364.0), (37.0, 371.0), (53.0, 372.0), (1.0, 315.0), (82.0, 316.0), (18.0, 192.0), (65.0, 192.0), (5.0, 101.0), (76.0, 104.0), (-7.0, 17.0), (78.0, 16.0), (0, 0), (72.0, 4.0), (-36.0, -4.0), (97.0, -9.0)]
[(45.0, 365.0), (37.0, 372.0), (53.0, 372.0), (1.0, 315.0), (81.0, 317.0), (17.0, 193.0), (65.0, 192.0), (5.0, 102.0), (75.0, 104.0), (-7.0, 18.0), (78.0, 17.0), (0, 0), (72.0, 5.0), (-36.0, -4.0), (97.0, -8.0)]
[(45.0, 364.0), (37.0, 372.0), (53.0, 372.0), (1.0, 314.0), (81.0, 317.0), (17.0, 193.0), (64.0, 192.0), (5.0, 102.0), (74.0, 104.0), (-7.0, 18.0), (78.0, 17.0), (0, 0), (72.0, 5.0), (-37.0, -4.0), (97.0, -8.0)]
[(45.0, 364.0), (37.0, 372.0), (53.0, 372.0), (1.0, 314.0), (81.0, 317.0), (17.0, 193.0), (64.0, 192.0), (5.0, 102.0), (74.0, 104.0), (-6.0, 18.0), (79.0, 16.0), (0, 0), (73.0, 4.0), (-38.0, -3.0), (97.0, -9.0)]
[(45.0, 364.0), (37.0, 371.0), (53.0, 372.0), (1.0, 314.0), (81.0, 317.0), (17.0, 193.0), (64.0, 192.0), (5.0, 102.0), (73.0, 103.0), (-7.0, 18.0), (79.0, 16.0), (0, 0), (73.0, 4.0), (-39.0, -3.0), (95.0, -9.0)]
[(45.0, 364.0), (37.0, 371.0), (53.0, 371.0), (1.0, 314.0), (81.0, 317.0), (17.0, 193.0), (64.0, 192.0), (5.0, 102.0), (73.0, 103.0), (-7.0, 18.0), (78.0, 16.0), (0, 0), (73.0, 4.0), (-38.0, -3.0), (95.0, -9.0)]
[(45.0, 363.0), (37.0, 370.0), (53.0, 371.0), (1.0, 313.0), (81.0, 317.0), (17.0, 193.0), (64.0, 192.0), (6.0, 102.0), (73.0, 103.0), (-7.0, 18.0), (78.0, 16.0), (0, 0), (73.0, 4.0), (-39.0, -3.0), (95.0, -9.0)]
[(45.0, 363.0), (37.0, 370.0), (53.0, 370.0), (1.0, 313.0), (81.0, 317.0), (17.0, 192.0), (64.0, 192.0), (6.0, 101.0), (73.0, 103.0), (-7.0, 18.0), (79.0, 15.0), (0, 0), (75.0, 4.0), (-39.0, -3.0), (96.0, -9.0)]
[(45.0, 361.0), (37.0, 369.0), (53.0, 369.0), (1.0, 313.0), (81.0, 317.0), (17.0, 192.0), (64.0, 192.0), (6.0, 101.0), (73.0, 103.0), (-7.0, 18.0), (79.0, 15.0), (0, 0), (75.0, 4.0), (-39.0, -3.0), (96.0, -9.0)]
[(45.0, 362.0), (37.0, 369.0), (52.0, 369.0), (1.0, 312.0), (81.0, 317.0), (17.0, 192.0), (64.0, 192.0), (6.0, 102.0), (73.0, 103.0), (-7.0, 18.0), (79.0, 17.0), (0, 0), (75.0, 7.0), (-38.0, -3.0), (92.0, -9.0)]
[(45.0, 361.0), (37.0, 369.0), (52.0, 369.0), (1.0, 312.0), (81.0, 317.0), (17.0, 192.0), (64.0, 191.0), (6.0, 102.0), (73.0, 103.0), (-7.0, 18.0), (80.0, 17.0), (0, 0), (76.0, 7.0), (-40.0, -2.0), (93.0, -9.0)]
[(45.0, 361.0), (37.0, 369.0), (53.0, 369.0), (1.0, 312.0), (81.0, 316.0), (17.0, 192.0), (64.0, 191.0), (6.0, 101.0), (74.0, 102.0), (-7.0, 18.0), (80.0, 17.0), (0, 0), (76.0, 7.0), (-39.0, -3.0), (93.0, -9.0)]
[(45.0, 361.0), (37.0, 369.0), (52.0, 369.0), (1.0, 313.0), (82.0, 317.0), (18.0, 192.0), (65.0, 192.0), (6.0, 102.0), (75.0, 103.0), (-7.0, 19.0), (80.0, 18.0), (0, 0), (76.0, 8.0), (-38.0, -2.0), (93.0, -8.0)]
[(45.0, 361.0), (37.0, 369.0), (52.0, 369.0), (2.0, 313.0), (82.0, 317.0), (18.0, 192.0), (66.0, 191.0), (6.0, 102.0), (75.0, 103.0), (-7.0, 19.0), (80.0, 18.0), (0, 0), (77.0, 8.0), (-36.0, -2.0), (92.0, -9.0)]
[(45.0, 361.0), (37.0, 369.0), (52.0, 369.0), (2.0, 313.0), (83.0, 317.0), (19.0, 192.0), (66.0, 191.0), (6.0, 102.0), (75.0, 102.0), (-7.0, 19.0), (80.0, 17.0), (0, 0), (75.0, 8.0), (-35.0, -2.0), (91.0, -10.0)]
[(45.0, 361.0), (37.0, 369.0), (52.0, 370.0), (2.0, 313.0), (83.0, 317.0), (20.0, 192.0), (67.0, 191.0), (7.0, 102.0), (76.0, 102.0), (-7.0, 18.0), (79.0, 17.0), (0, 0), (74.0, 8.0), (-34.0, -2.0), (88.0, -10.0)]
[(46.0, 360.0), (38.0, 368.0), (54.0, 369.0), (3.0, 312.0), (85.0, 316.0), (21.0, 191.0), (69.0, 190.0), (9.0, 100.0), (77.0, 101.0), (-6.0, 17.0), (80.0, 16.0), (0, 0), (74.0, 6.0), (-27.0, -6.0), (87.0, -12.0)]
[(45.0, 361.0), (37.0, 369.0), (53.0, 370.0), (3.0, 313.0), (84.0, 317.0), (20.0, 191.0), (68.0, 191.0), (8.0, 100.0), (76.0, 101.0), (-6.0, 16.0), (79.0, 17.0), (0, 0), (73.0, 7.0), (-24.0, -8.0), (86.0, -12.0)]
[(45.0, 361.0), (37.0, 369.0), (53.0, 370.0), (3.0, 313.0), (84.0, 317.0), (20.0, 191.0), (68.0, 191.0), (8.0, 100.0), (76.0, 101.0), (-6.0, 16.0), (78.0, 16.0), (0, 0), (73.0, 7.0), (-22.0, -9.0), (86.0, -13.0)]
[(45.0, 362.0), (37.0, 371.0), (53.0, 371.0), (3.0, 314.0), (84.0, 318.0), (20.0, 192.0), (69.0, 192.0), (8.0, 100.0), (76.0, 101.0), (-5.0, 16.0), (78.0, 17.0), (0, 0), (73.0, 8.0), (-22.0, -8.0), (84.0, -12.0)]
[(45.0, 363.0), (37.0, 371.0), (53.0, 371.0), (3.0, 314.0), (84.0, 318.0), (20.0, 192.0), (69.0, 192.0), (8.0, 100.0), (77.0, 101.0), (-5.0, 16.0), (78.0, 17.0), (0, 0), (72.0, 7.0), (-17.0, -11.0), (85.0, -13.0)]
[(45.0, 363.0), (37.0, 371.0), (53.0, 371.0), (3.0, 314.0), (84.0, 319.0), (20.0, 192.0), (69.0, 191.0), (9.0, 99.0), (77.0, 101.0), (-5.0, 16.0), (78.0, 17.0), (0, 0), (71.0, 7.0), (-16.0, -12.0), (85.0, -13.0)]
[(45.0, 363.0), (37.0, 371.0), (53.0, 371.0), (3.0, 314.0), (84.0, 319.0), (20.0, 192.0), (69.0, 191.0), (9.0, 99.0), (77.0, 101.0), (-5.0, 15.0), (78.0, 17.0), (0, 0), (71.0, 7.0), (-15.0, -12.0), (85.0, -13.0)]
[(45.0, 363.0), (37.0, 371.0), (53.0, 372.0), (3.0, 315.0), (84.0, 319.0), (20.0, 192.0), (69.0, 191.0), (9.0, 99.0), (77.0, 101.0), (-5.0, 15.0), (78.0, 17.0), (0, 0), (71.0, 7.0), (-15.0, -13.0), (84.0, -13.0)]
[(45.0, 363.0), (37.0, 371.0), (53.0, 372.0), (2.0, 315.0), (84.0, 319.0), (20.0, 192.0), (69.0, 191.0), (9.0, 99.0), (77.0, 101.0), (-4.0, 15.0), (77.0, 17.0), (0, 0), (70.0, 7.0), (-15.0, -13.0), (84.0, -14.0)]
[(45.0, 363.0), (36.0, 372.0), (53.0, 372.0), (2.0, 315.0), (84.0, 319.0), (20.0, 192.0), (69.0, 192.0), (9.0, 99.0), (77.0, 101.0), (-4.0, 15.0), (77.0, 17.0), (0, 0), (70.0, 7.0), (-14.0, -15.0), (84.0, -14.0)]
[(45.0, 364.0), (36.0, 372.0), (52.0, 372.0), (2.0, 315.0), (84.0, 319.0), (20.0, 192.0), (68.0, 192.0), (9.0, 99.0), (77.0, 100.0), (-4.0, 15.0), (77.0, 17.0), (0, 0), (70.0, 7.0), (-15.0, -15.0), (83.0, -14.0)]
[(44.0, 365.0), (36.0, 374.0), (52.0, 373.0), (-0.0, 316.0), (83.0, 320.0), (19.0, 193.0), (68.0, 193.0), (9.0, 100.0), (77.0, 101.0), (-4.0, 15.0), (77.0, 18.0), (0, 0), (69.0, 8.0), (-15.0, -14.0), (83.0, -14.0)]
[(44.0, 366.0), (36.0, 374.0), (52.0, 374.0), (-0.0, 316.0), (83.0, 320.0), (19.0, 193.0), (68.0, 193.0), (9.0, 100.0), (77.0, 102.0), (-4.0, 15.0), (77.0, 18.0), (0, 0), (70.0, 9.0), (-15.0, -14.0), (82.0, -14.0)]
[(44.0, 366.0), (36.0, 375.0), (52.0, 375.0), (-1.0, 315.0), (82.0, 320.0), (18.0, 192.0), (68.0, 192.0), (8.0, 99.0), (77.0, 101.0), (-4.0, 14.0), (77.0, 18.0), (0, 0), (70.0, 9.0), (-14.0, -16.0), (82.0, -15.0)]
[(43.0, 371.0), (35.0, 379.0), (51.0, 379.0), (-3.0, 318.0), (81.0, 322.0), (17.0, 194.0), (67.0, 194.0), (8.0, 100.0), (76.0, 102.0), (-4.0, 15.0), (77.0, 20.0), (0, 0), (70.0, 11.0), (-14.0, -15.0), (82.0, -13.0)]
[(43.0, 371.0), (34.0, 380.0), (51.0, 380.0), (-4.0, 318.0), (80.0, 322.0), (16.0, 194.0), (67.0, 194.0), (8.0, 99.0), (76.0, 102.0), (-4.0, 15.0), (76.0, 20.0), (0, 0), (70.0, 11.0), (-14.0, -16.0), (82.0, -13.0)]
[(42.0, 372.0), (34.0, 380.0), (50.0, 380.0), (-5.0, 318.0), (79.0, 322.0), (16.0, 194.0), (67.0, 194.0), (8.0, 99.0), (76.0, 101.0), (-4.0, 15.0), (76.0, 20.0), (0, 0), (70.0, 11.0), (-14.0, -16.0), (82.0, -13.0)]
[(42.0, 372.0), (33.0, 381.0), (50.0, 381.0), (-5.0, 318.0), (79.0, 322.0), (16.0, 194.0), (66.0, 195.0), (8.0, 99.0), (76.0, 102.0), (-4.0, 14.0), (77.0, 20.0), (0, 0), (70.0, 11.0), (-14.0, -16.0), (82.0, -13.0)]
[(40.0, 371.0), (32.0, 380.0), (48.0, 380.0), (-5.0, 319.0), (78.0, 321.0), (16.0, 193.0), (65.0, 194.0), (6.0, 98.0), (76.0, 101.0), (-4.0, 13.0), (77.0, 19.0), (0, 0), (70.0, 10.0), (-13.0, -17.0), (82.0, -15.0)]
[(40.0, 370.0), (31.0, 379.0), (48.0, 379.0), (-6.0, 318.0), (77.0, 320.0), (15.0, 192.0), (64.0, 193.0), (6.0, 96.0), (76.0, 100.0), (-4.0, 12.0), (77.0, 18.0), (0, 0), (70.0, 9.0), (-13.0, -18.0), (82.0, -15.0)]
[(40.0, 370.0), (31.0, 378.0), (47.0, 378.0), (-7.0, 317.0), (77.0, 319.0), (14.0, 191.0), (63.0, 192.0), (5.0, 95.0), (76.0, 99.0), (-4.0, 12.0), (76.0, 17.0), (0, 0), (70.0, 8.0), (-13.0, -19.0), (82.0, -16.0)]
[(38.0, 371.0), (29.0, 380.0), (46.0, 380.0), (-8.0, 319.0), (75.0, 321.0), (12.0, 192.0), (61.0, 193.0), (3.0, 96.0), (75.0, 100.0), (-5.0, 12.0), (75.0, 18.0), (0, 0), (68.0, 9.0), (-14.0, -18.0), (81.0, -15.0)]
[(38.0, 371.0), (29.0, 379.0), (46.0, 379.0), (-8.0, 318.0), (75.0, 320.0), (12.0, 191.0), (61.0, 192.0), (3.0, 95.0), (75.0, 100.0), (-5.0, 11.0), (75.0, 17.0), (0, 0), (68.0, 8.0), (-14.0, -19.0), (82.0, -16.0)]
[(37.0, 371.0), (28.0, 379.0), (45.0, 380.0), (-9.0, 318.0), (75.0, 320.0), (12.0, 191.0), (61.0, 192.0), (3.0, 95.0), (75.0, 100.0), (-5.0, 11.0), (75.0, 17.0), (0, 0), (68.0, 8.0), (-14.0, -19.0), (82.0, -16.0)]
[(36.0, 371.0), (27.0, 380.0), (44.0, 380.0), (-9.0, 318.0), (74.0, 320.0), (12.0, 191.0), (61.0, 191.0), (3.0, 95.0), (75.0, 99.0), (-5.0, 11.0), (75.0, 17.0), (0, 0), (68.0, 8.0), (-14.0, -19.0), (82.0, -16.0)]
[(35.0, 370.0), (25.0, 379.0), (43.0, 379.0), (-10.0, 317.0), (73.0, 319.0), (11.0, 190.0), (60.0, 190.0), (1.0, 94.0), (74.0, 98.0), (-6.0, 10.0), (74.0, 17.0), (0, 0), (67.0, 8.0), (-15.0, -20.0), (81.0, -17.0)]
[(34.0, 370.0), (24.0, 378.0), (41.0, 378.0), (-11.0, 316.0), (72.0, 318.0), (10.0, 189.0), (59.0, 189.0), (1.0, 93.0), (74.0, 98.0), (-6.0, 10.0), (74.0, 16.0), (0, 0), (67.0, 7.0), (-15.0, -21.0), (81.0, -18.0)]
[(33.0, 370.0), (23.0, 378.0), (40.0, 378.0), (-11.0, 316.0), (72.0, 318.0), (9.0, 189.0), (59.0, 189.0), (1.0, 93.0), (74.0, 97.0), (-6.0, 10.0), (74.0, 16.0), (0, 0), (67.0, 7.0), (-15.0, -21.0), (81.0, -18.0)]
[(31.0, 370.0), (22.0, 378.0), (39.0, 378.0), (-12.0, 316.0), (71.0, 318.0), (9.0, 189.0), (59.0, 190.0), (1.0, 93.0), (73.0, 97.0), (-6.0, 10.0), (74.0, 16.0), (0, 0), (67.0, 8.0), (-15.0, -21.0), (81.0, -18.0)]
[(30.0, 370.0), (21.0, 378.0), (38.0, 379.0), (-12.0, 316.0), (70.0, 318.0), (8.0, 190.0), (58.0, 190.0), (1.0, 93.0), (72.0, 97.0), (-6.0, 10.0), (74.0, 16.0), (0, 0), (67.0, 7.0), (-15.0, -21.0), (81.0, -19.0)]
[(28.0, 370.0), (19.0, 378.0), (36.0, 379.0), (-15.0, 316.0), (68.0, 318.0), (7.0, 189.0), (58.0, 190.0), (-0.0, 93.0), (72.0, 97.0), (-6.0, 10.0), (74.0, 15.0), (0, 0), (67.0, 7.0), (-15.0, -21.0), (81.0, -19.0)]
[(28.0, 370.0), (19.0, 377.0), (36.0, 378.0), (-15.0, 315.0), (68.0, 317.0), (8.0, 188.0), (59.0, 189.0), (1.0, 92.0), (72.0, 96.0), (-5.0, 10.0), (75.0, 14.0), (0, 0), (68.0, 5.0), (-14.0, -22.0), (81.0, -20.0)]
[(28.0, 370.0), (19.0, 378.0), (35.0, 378.0), (-15.0, 315.0), (67.0, 317.0), (8.0, 188.0), (59.0, 189.0), (1.0, 92.0), (71.0, 96.0), (-6.0, 10.0), (75.0, 14.0), (0, 0), (69.0, 5.0), (-15.0, -22.0), (81.0, -20.0)]
[(27.0, 370.0), (18.0, 378.0), (34.0, 378.0), (-15.0, 316.0), (68.0, 317.0), (8.0, 188.0), (58.0, 190.0), (-0.0, 92.0), (71.0, 96.0), (-6.0, 10.0), (76.0, 15.0), (0, 0), (70.0, 6.0), (-15.0, -22.0), (81.0, -21.0)]
[(28.0, 370.0), (19.0, 378.0), (36.0, 378.0), (-14.0, 316.0), (69.0, 317.0), (9.0, 188.0), (59.0, 190.0), (1.0, 92.0), (72.0, 96.0), (-5.0, 10.0), (77.0, 15.0), (0, 0), (72.0, 6.0), (-14.0, -22.0), (81.0, -21.0)]
[(28.0, 370.0), (19.0, 378.0), (36.0, 378.0), (-12.0, 316.0), (69.0, 317.0), (9.0, 188.0), (59.0, 189.0), (1.0, 92.0), (72.0, 96.0), (-5.0, 10.0), (77.0, 15.0), (0, 0), (72.0, 6.0), (-14.0, -22.0), (81.0, -21.0)]
[(28.0, 370.0), (19.0, 378.0), (37.0, 379.0), (-11.0, 316.0), (70.0, 317.0), (8.0, 188.0), (58.0, 189.0), (1.0, 92.0), (72.0, 96.0), (-5.0, 10.0), (77.0, 15.0), (0, 0), (72.0, 6.0), (-14.0, -22.0), (81.0, -21.0)]
[(29.0, 370.0), (20.0, 378.0), (38.0, 379.0), (-10.0, 316.0), (71.0, 317.0), (8.0, 188.0), (58.0, 188.0), (1.0, 93.0), (72.0, 96.0), (-5.0, 10.0), (77.0, 15.0), (0, 0), (73.0, 6.0), (-14.0, -22.0), (81.0, -21.0)]
[(32.0, 372.0), (23.0, 379.0), (40.0, 380.0), (-9.0, 317.0), (73.0, 318.0), (9.0, 189.0), (59.0, 189.0), (1.0, 93.0), (72.0, 97.0), (-5.0, 11.0), (77.0, 15.0), (0, 0), (72.0, 7.0), (-14.0, -21.0), (81.0, -20.0)]
[(33.0, 372.0), (23.0, 379.0), (41.0, 380.0), (-9.0, 317.0), (74.0, 318.0), (8.0, 189.0), (58.0, 189.0), (1.0, 94.0), (71.0, 96.0), (-6.0, 11.0), (76.0, 15.0), (0, 0), (73.0, 6.0), (-15.0, -22.0), (80.0, -20.0)]
[(35.0, 372.0), (26.0, 379.0), (43.0, 380.0), (-8.0, 317.0), (76.0, 318.0), (9.0, 190.0), (59.0, 189.0), (2.0, 94.0), (72.0, 96.0), (-5.0, 11.0), (78.0, 14.0), (0, 0), (75.0, 6.0), (-15.0, -22.0), (81.0, -21.0)]
[(35.0, 372.0), (25.0, 379.0), (43.0, 380.0), (-8.0, 317.0), (76.0, 318.0), (9.0, 190.0), (59.0, 189.0), (1.0, 94.0), (71.0, 97.0), (-6.0, 11.0), (77.0, 14.0), (0, 0), (75.0, 6.0), (-17.0, -22.0), (80.0, -21.0)]
[(35.0, 372.0), (26.0, 379.0), (43.0, 380.0), (-8.0, 317.0), (76.0, 318.0), (9.0, 189.0), (59.0, 188.0), (1.0, 94.0), (71.0, 96.0), (-6.0, 11.0), (77.0, 14.0), (0, 0), (75.0, 6.0), (-19.0, -22.0), (80.0, -21.0)]
[(36.0, 372.0), (26.0, 379.0), (44.0, 380.0), (-8.0, 317.0), (76.0, 318.0), (9.0, 189.0), (59.0, 188.0), (2.0, 94.0), (71.0, 96.0), (-6.0, 11.0), (77.0, 14.0), (0, 0), (75.0, 6.0), (-21.0, -21.0), (80.0, -21.0)]
[(36.0, 372.0), (27.0, 380.0), (44.0, 380.0), (-8.0, 317.0), (76.0, 318.0), (10.0, 189.0), (59.0, 188.0), (2.0, 94.0), (71.0, 96.0), (-6.0, 11.0), (77.0, 14.0), (0, 0), (75.0, 6.0), (-21.0, -21.0), (80.0, -21.0)]
[(36.0, 372.0), (26.0, 380.0), (44.0, 380.0), (-9.0, 317.0), (75.0, 319.0), (9.0, 189.0), (59.0, 188.0), (1.0, 93.0), (70.0, 95.0), (-7.0, 11.0), (77.0, 14.0), (0, 0), (74.0, 6.0), (-22.0, -21.0), (79.0, -21.0)]
[(36.0, 371.0), (26.0, 379.0), (44.0, 379.0), (-9.0, 316.0), (75.0, 318.0), (8.0, 188.0), (59.0, 186.0), (1.0, 92.0), (71.0, 94.0), (-6.0, 11.0), (77.0, 13.0), (0, 0), (75.0, 5.0), (-22.0, -22.0), (79.0, -22.0)]
[(36.0, 371.0), (26.0, 379.0), (44.0, 379.0), (-10.0, 316.0), (75.0, 318.0), (8.0, 188.0), (59.0, 186.0), (1.0, 92.0), (71.0, 95.0), (-6.0, 11.0), (77.0, 13.0), (0, 0), (75.0, 6.0), (-22.0, -22.0), (79.0, -21.0)]
[(34.0, 371.0), (25.0, 379.0), (43.0, 379.0), (-12.0, 316.0), (74.0, 318.0), (7.0, 187.0), (58.0, 186.0), (1.0, 92.0), (70.0, 96.0), (-7.0, 11.0), (76.0, 16.0), (0, 0), (74.0, 8.0), (-23.0, -21.0), (78.0, -19.0)]
[(34.0, 371.0), (24.0, 379.0), (42.0, 379.0), (-12.0, 316.0), (73.0, 318.0), (7.0, 187.0), (58.0, 186.0), (-0.0, 92.0), (70.0, 97.0), (-7.0, 11.0), (76.0, 16.0), (0, 0), (74.0, 8.0), (-23.0, -21.0), (79.0, -19.0)]
[(33.0, 371.0), (23.0, 379.0), (41.0, 379.0), (-14.0, 316.0), (71.0, 318.0), (6.0, 187.0), (57.0, 187.0), (-1.0, 93.0), (69.0, 98.0), (-8.0, 12.0), (75.0, 17.0), (0, 0), (73.0, 10.0), (-24.0, -21.0), (79.0, -18.0)]
[(33.0, 371.0), (24.0, 379.0), (42.0, 379.0), (-13.0, 316.0), (72.0, 318.0), (7.0, 187.0), (58.0, 187.0), (-0.0, 93.0), (70.0, 99.0), (-7.0, 12.0), (76.0, 17.0), (0, 0), (74.0, 10.0), (-23.0, -21.0), (81.0, -18.0)]
[(33.0, 371.0), (24.0, 379.0), (42.0, 379.0), (-13.0, 316.0), (72.0, 318.0), (7.0, 187.0), (58.0, 187.0), (-0.0, 92.0), (70.0, 98.0), (-7.0, 11.0), (76.0, 17.0), (0, 0), (74.0, 10.0), (-23.0, -21.0), (82.0, -18.0)]
[(33.0, 371.0), (24.0, 379.0), (42.0, 379.0), (-13.0, 316.0), (72.0, 318.0), (7.0, 187.0), (58.0, 187.0), (-0.0, 92.0), (70.0, 99.0), (-7.0, 11.0), (76.0, 18.0), (0, 0), (74.0, 10.0), (-23.0, -22.0), (82.0, -17.0)]
[(33.0, 371.0), (24.0, 379.0), (41.0, 379.0), (-13.0, 316.0), (72.0, 318.0), (7.0, 187.0), (58.0, 187.0), (-0.0, 92.0), (70.0, 99.0), (-7.0, 11.0), (76.0, 17.0), (0, 0), (73.0, 10.0), (-23.0, -22.0), (83.0, -17.0)]
[(33.0, 372.0), (24.0, 380.0), (41.0, 380.0), (-13.0, 317.0), (72.0, 319.0), (7.0, 188.0), (57.0, 188.0), (-0.0, 93.0), (70.0, 100.0), (-7.0, 11.0), (76.0, 18.0), (0, 0), (74.0, 11.0), (-23.0, -21.0), (83.0, -16.0)]
[(34.0, 371.0), (25.0, 379.0), (42.0, 379.0), (-12.0, 316.0), (73.0, 318.0), (8.0, 187.0), (58.0, 187.0), (-0.0, 92.0), (72.0, 99.0), (-6.0, 11.0), (78.0, 17.0), (0, 0), (75.0, 10.0), (-22.0, -22.0), (84.0, -17.0)]
[(34.0, 371.0), (25.0, 379.0), (42.0, 379.0), (-12.0, 316.0), (73.0, 318.0), (8.0, 187.0), (58.0, 187.0), (-0.0, 92.0), (72.0, 99.0), (-7.0, 10.0), (78.0, 17.0), (0, 0), (75.0, 10.0), (-22.0, -22.0), (84.0, -17.0)]
[(34.0, 372.0), (25.0, 380.0), (43.0, 380.0), (-12.0, 317.0), (73.0, 319.0), (8.0, 188.0), (59.0, 188.0), (-0.0, 93.0), (72.0, 99.0), (-7.0, 11.0), (78.0, 18.0), (0, 0), (75.0, 10.0), (-22.0, -21.0), (84.0, -16.0)]
[(35.0, 372.0), (25.0, 380.0), (43.0, 380.0), (-12.0, 317.0), (73.0, 319.0), (8.0, 188.0), (59.0, 188.0), (-0.0, 92.0), (72.0, 99.0), (-7.0, 11.0), (77.0, 18.0), (0, 0), (74.0, 11.0), (-22.0, -21.0), (84.0, -16.0)]
[(36.0, 372.0), (26.0, 380.0), (44.0, 380.0), (-10.0, 317.0), (75.0, 319.0), (10.0, 188.0), (60.0, 188.0), (1.0, 93.0), (72.0, 99.0), (-6.0, 11.0), (78.0, 18.0), (0, 0), (75.0, 11.0), (-21.0, -21.0), (85.0, -16.0)]
[(36.0, 372.0), (26.0, 380.0), (44.0, 380.0), (-10.0, 318.0), (75.0, 319.0), (9.0, 188.0), (59.0, 188.0), (-0.0, 93.0), (72.0, 99.0), (-7.0, 10.0), (77.0, 18.0), (0, 0), (74.0, 11.0), (-22.0, -21.0), (83.0, -17.0)]
[(36.0, 373.0), (26.0, 381.0), (44.0, 381.0), (-10.0, 319.0), (75.0, 319.0), (9.0, 189.0), (59.0, 189.0), (-0.0, 94.0), (72.0, 100.0), (-6.0, 11.0), (77.0, 19.0), (0, 0), (74.0, 12.0), (-23.0, -20.0), (83.0, -16.0)]
[(36.0, 373.0), (26.0, 381.0), (44.0, 381.0), (-9.0, 319.0), (75.0, 319.0), (10.0, 189.0), (60.0, 189.0), (-0.0, 94.0), (72.0, 100.0), (-6.0, 11.0), (77.0, 19.0), (0, 0), (74.0, 12.0), (-23.0, -20.0), (83.0, -16.0)]
[(36.0, 373.0), (26.0, 381.0), (44.0, 381.0), (-9.0, 320.0), (76.0, 319.0), (10.0, 189.0), (60.0, 189.0), (1.0, 94.0), (72.0, 100.0), (-6.0, 12.0), (77.0, 20.0), (0, 0), (75.0, 13.0), (-23.0, -20.0), (83.0, -15.0)]
[(36.0, 373.0), (26.0, 381.0), (44.0, 381.0), (-9.0, 320.0), (75.0, 319.0), (9.0, 189.0), (60.0, 189.0), (-0.0, 94.0), (71.0, 100.0), (-7.0, 12.0), (76.0, 21.0), (0, 0), (74.0, 14.0), (-24.0, -20.0), (82.0, -15.0)]
[(37.0, 373.0), (27.0, 380.0), (45.0, 380.0), (-9.0, 319.0), (77.0, 319.0), (11.0, 187.0), (62.0, 187.0), (1.0, 92.0), (75.0, 98.0), (-7.0, 11.0), (76.0, 20.0), (0, 0), (73.0, 13.0), (-25.0, -21.0), (84.0, -17.0)]
[(37.0, 373.0), (27.0, 380.0), (45.0, 381.0), (-9.0, 319.0), (77.0, 319.0), (11.0, 187.0), (62.0, 187.0), (1.0, 92.0), (76.0, 98.0), (-7.0, 11.0), (77.0, 19.0), (0, 0), (73.0, 12.0), (-25.0, -21.0), (84.0, -17.0)]
[(37.0, 373.0), (27.0, 380.0), (45.0, 381.0), (-9.0, 319.0), (77.0, 319.0), (11.0, 187.0), (62.0, 187.0), (-0.0, 92.0), (76.0, 98.0), (-7.0, 11.0), (77.0, 19.0), (0, 0), (73.0, 11.0), (-25.0, -21.0), (86.0, -17.0)]
[(38.0, 373.0), (28.0, 380.0), (46.0, 381.0), (-8.0, 319.0), (78.0, 320.0), (12.0, 187.0), (63.0, 187.0), (1.0, 92.0), (78.0, 98.0), (-6.0, 11.0), (78.0, 18.0), (0, 0), (74.0, 11.0), (-24.0, -21.0), (88.0, -17.0)]
[(38.0, 373.0), (28.0, 381.0), (46.0, 381.0), (-8.0, 319.0), (78.0, 320.0), (11.0, 188.0), (62.0, 189.0), (1.0, 92.0), (78.0, 98.0), (-6.0, 11.0), (78.0, 19.0), (0, 0), (74.0, 11.0), (-24.0, -21.0), (88.0, -17.0)]
[(38.0, 374.0), (28.0, 381.0), (46.0, 381.0), (-8.0, 319.0), (77.0, 320.0), (11.0, 189.0), (60.0, 190.0), (1.0, 93.0), (78.0, 99.0), (-6.0, 11.0), (79.0, 19.0), (0, 0), (74.0, 12.0), (-24.0, -21.0), (87.0, -17.0)]
[(37.0, 374.0), (27.0, 381.0), (46.0, 381.0), (-8.0, 319.0), (77.0, 320.0), (11.0, 189.0), (59.0, 190.0), (-0.0, 93.0), (78.0, 99.0), (-6.0, 11.0), (79.0, 19.0), (0, 0), (74.0, 12.0), (-24.0, -21.0), (87.0, -16.0)]
[(37.0, 374.0), (27.0, 381.0), (46.0, 381.0), (-8.0, 320.0), (77.0, 319.0), (10.0, 189.0), (58.0, 190.0), (-0.0, 94.0), (78.0, 99.0), (-6.0, 11.0), (79.0, 19.0), (0, 0), (75.0, 12.0), (-24.0, -21.0), (87.0, -16.0)]
[(37.0, 374.0), (27.0, 381.0), (45.0, 381.0), (-8.0, 321.0), (77.0, 319.0), (9.0, 189.0), (58.0, 190.0), (-0.0, 94.0), (77.0, 99.0), (-6.0, 11.0), (78.0, 19.0), (0, 0), (75.0, 11.0), (-24.0, -20.0), (87.0, -16.0)]
[(36.0, 374.0), (27.0, 381.0), (45.0, 381.0), (-8.0, 321.0), (77.0, 319.0), (9.0, 189.0), (58.0, 190.0), (-0.0, 94.0), (77.0, 99.0), (-6.0, 11.0), (78.0, 19.0), (0, 0), (75.0, 11.0), (-24.0, -20.0), (86.0, -16.0)]
[(36.0, 374.0), (27.0, 381.0), (45.0, 381.0), (-8.0, 321.0), (76.0, 319.0), (8.0, 189.0), (58.0, 190.0), (-1.0, 94.0), (77.0, 99.0), (-6.0, 11.0), (78.0, 20.0), (0, 0), (76.0, 12.0), (-24.0, -20.0), (86.0, -16.0)]
[(35.0, 374.0), (27.0, 381.0), (44.0, 381.0), (-8.0, 321.0), (76.0, 319.0), (7.0, 189.0), (58.0, 190.0), (-1.0, 94.0), (77.0, 99.0), (-6.0, 11.0), (78.0, 20.0), (0, 0), (77.0, 12.0), (-24.0, -21.0), (86.0, -16.0)]
[(35.0, 373.0), (27.0, 381.0), (44.0, 381.0), (-8.0, 321.0), (76.0, 320.0), (7.0, 189.0), (58.0, 190.0), (-2.0, 95.0), (77.0, 99.0), (-6.0, 12.0), (78.0, 20.0), (0, 0), (77.0, 12.0), (-24.0, -21.0), (86.0, -17.0)]
[(34.0, 373.0), (25.0, 381.0), (43.0, 381.0), (-9.0, 322.0), (75.0, 320.0), (6.0, 189.0), (57.0, 190.0), (-3.0, 95.0), (76.0, 99.0), (-7.0, 12.0), (78.0, 19.0), (0, 0), (76.0, 11.0), (-25.0, -21.0), (85.0, -17.0)]
[(34.0, 374.0), (25.0, 382.0), (43.0, 382.0), (-8.0, 324.0), (74.0, 321.0), (7.0, 190.0), (57.0, 191.0), (-4.0, 95.0), (76.0, 99.0), (-7.0, 13.0), (78.0, 20.0), (0, 0), (76.0, 12.0), (-25.0, -19.0), (85.0, -16.0)]
[(34.0, 374.0), (25.0, 382.0), (43.0, 382.0), (-7.0, 325.0), (74.0, 322.0), (7.0, 190.0), (58.0, 191.0), (-4.0, 96.0), (76.0, 99.0), (-7.0, 13.0), (78.0, 20.0), (0, 0), (76.0, 12.0), (-25.0, -19.0), (85.0, -15.0)]
[(34.0, 374.0), (25.0, 381.0), (43.0, 382.0), (-7.0, 325.0), (74.0, 322.0), (7.0, 191.0), (58.0, 191.0), (-4.0, 96.0), (76.0, 99.0), (-7.0, 12.0), (78.0, 20.0), (0, 0), (76.0, 12.0), (-25.0, -19.0), (85.0, -15.0)]
[(34.0, 373.0), (25.0, 381.0), (43.0, 382.0), (-6.0, 326.0), (74.0, 323.0), (7.0, 192.0), (58.0, 192.0), (-4.0, 96.0), (76.0, 99.0), (-7.0, 12.0), (78.0, 20.0), (0, 0), (77.0, 12.0), (-24.0, -19.0), (85.0, -15.0)]
[(34.0, 373.0), (25.0, 381.0), (43.0, 381.0), (-6.0, 326.0), (72.0, 324.0), (7.0, 192.0), (58.0, 192.0), (-4.0, 96.0), (76.0, 99.0), (-7.0, 12.0), (79.0, 20.0), (0, 0), (77.0, 12.0), (-25.0, -19.0), (84.0, -15.0)]
[(34.0, 373.0), (25.0, 381.0), (43.0, 381.0), (-6.0, 326.0), (72.0, 325.0), (7.0, 193.0), (58.0, 192.0), (-4.0, 96.0), (76.0, 99.0), (-7.0, 12.0), (79.0, 20.0), (0, 0), (78.0, 13.0), (-25.0, -20.0), (84.0, -15.0)]
[(34.0, 373.0), (25.0, 382.0), (43.0, 382.0), (-6.0, 327.0), (71.0, 327.0), (8.0, 194.0), (58.0, 193.0), (-3.0, 96.0), (75.0, 99.0), (-7.0, 13.0), (79.0, 21.0), (0, 0), (78.0, 14.0), (-24.0, -19.0), (84.0, -14.0)]
[(35.0, 372.0), (26.0, 381.0), (44.0, 381.0), (-5.0, 327.0), (72.0, 327.0), (9.0, 194.0), (59.0, 194.0), (-1.0, 96.0), (76.0, 100.0), (-6.0, 13.0), (80.0, 21.0), (0, 0), (79.0, 13.0), (-23.0, -19.0), (85.0, -14.0)]
[(35.0, 372.0), (26.0, 380.0), (44.0, 380.0), (-5.0, 327.0), (72.0, 327.0), (10.0, 194.0), (59.0, 194.0), (-1.0, 96.0), (76.0, 100.0), (-6.0, 12.0), (80.0, 21.0), (0, 0), (79.0, 13.0), (-23.0, -19.0), (85.0, -14.0)]
[(35.0, 372.0), (26.0, 380.0), (44.0, 380.0), (-4.0, 327.0), (72.0, 327.0), (10.0, 194.0), (59.0, 194.0), (-0.0, 96.0), (76.0, 100.0), (-6.0, 12.0), (80.0, 20.0), (0, 0), (78.0, 12.0), (-23.0, -19.0), (85.0, -14.0)]
[(36.0, 372.0), (26.0, 380.0), (44.0, 380.0), (-5.0, 327.0), (72.0, 328.0), (10.0, 195.0), (59.0, 195.0), (-0.0, 96.0), (76.0, 101.0), (-6.0, 12.0), (80.0, 21.0), (0, 0), (79.0, 13.0), (-23.0, -19.0), (85.0, -14.0)]
[(36.0, 372.0), (26.0, 381.0), (44.0, 380.0), (-5.0, 327.0), (73.0, 327.0), (10.0, 195.0), (59.0, 195.0), (-1.0, 96.0), (76.0, 100.0), (-6.0, 12.0), (80.0, 21.0), (0, 0), (79.0, 14.0), (-23.0, -19.0), (84.0, -14.0)]
[(35.0, 372.0), (25.0, 381.0), (43.0, 381.0), (-7.0, 327.0), (73.0, 325.0), (8.0, 193.0), (58.0, 194.0), (-3.0, 95.0), (75.0, 98.0), (-6.0, 12.0), (79.0, 22.0), (0, 0), (78.0, 14.0), (-24.0, -19.0), (83.0, -13.0)]
[(35.0, 372.0), (25.0, 380.0), (43.0, 380.0), (-9.0, 323.0), (74.0, 322.0), (7.0, 190.0), (57.0, 192.0), (-4.0, 93.0), (75.0, 96.0), (-6.0, 12.0), (79.0, 21.0), (0, 0), (78.0, 14.0), (-25.0, -20.0), (82.0, -14.0)]
[(35.0, 372.0), (26.0, 381.0), (44.0, 381.0), (-10.0, 321.0), (74.0, 321.0), (6.0, 190.0), (57.0, 191.0), (-4.0, 93.0), (75.0, 95.0), (-7.0, 12.0), (79.0, 21.0), (0, 0), (77.0, 14.0), (-25.0, -20.0), (83.0, -14.0)]
[(36.0, 373.0), (26.0, 382.0), (44.0, 382.0), (-11.0, 320.0), (74.0, 321.0), (6.0, 190.0), (57.0, 191.0), (-4.0, 94.0), (74.0, 97.0), (-7.0, 12.0), (78.0, 21.0), (0, 0), (77.0, 14.0), (-25.0, -20.0), (83.0, -14.0)]
[(37.0, 374.0), (26.0, 383.0), (44.0, 383.0), (-11.0, 320.0), (74.0, 321.0), (6.0, 190.0), (57.0, 191.0), (-4.0, 94.0), (74.0, 98.0), (-7.0, 12.0), (78.0, 21.0), (0, 0), (76.0, 14.0), (-26.0, -20.0), (83.0, -14.0)]
[(37.0, 374.0), (27.0, 383.0), (45.0, 383.0), (-11.0, 320.0), (75.0, 320.0), (6.0, 190.0), (57.0, 190.0), (-3.0, 94.0), (74.0, 97.0), (-6.0, 11.0), (78.0, 21.0), (0, 0), (75.0, 13.0), (-26.0, -21.0), (83.0, -14.0)]
[(37.0, 376.0), (27.0, 384.0), (45.0, 384.0), (-11.0, 320.0), (75.0, 320.0), (6.0, 190.0), (57.0, 190.0), (-3.0, 95.0), (74.0, 97.0), (-6.0, 12.0), (78.0, 20.0), (0, 0), (75.0, 12.0), (-26.0, -20.0), (83.0, -14.0)]
[(37.0, 376.0), (27.0, 384.0), (45.0, 384.0), (-11.0, 320.0), (75.0, 319.0), (6.0, 189.0), (57.0, 190.0), (-3.0, 94.0), (74.0, 97.0), (-6.0, 12.0), (78.0, 20.0), (0, 0), (75.0, 12.0), (-26.0, -21.0), (83.0, -14.0)]
[(37.0, 376.0), (27.0, 384.0), (45.0, 384.0), (-11.0, 320.0), (75.0, 319.0), (6.0, 189.0), (58.0, 190.0), (-3.0, 94.0), (74.0, 97.0), (-6.0, 12.0), (78.0, 20.0), (0, 0), (75.0, 12.0), (-26.0, -21.0), (84.0, -14.0)]
[(37.0, 376.0), (27.0, 384.0), (45.0, 385.0), (-11.0, 320.0), (75.0, 319.0), (6.0, 189.0), (58.0, 190.0), (-3.0, 94.0), (74.0, 97.0), (-6.0, 11.0), (78.0, 20.0), (0, 0), (75.0, 12.0), (-27.0, -21.0), (84.0, -14.0)]
[(37.0, 377.0), (27.0, 386.0), (45.0, 386.0), (-11.0, 321.0), (75.0, 320.0), (6.0, 190.0), (58.0, 191.0), (-3.0, 95.0), (74.0, 98.0), (-6.0, 12.0), (78.0, 20.0), (0, 0), (75.0, 13.0), (-27.0, -20.0), (84.0, -13.0)]
[(36.0, 377.0), (27.0, 386.0), (45.0, 386.0), (-11.0, 321.0), (75.0, 320.0), (6.0, 190.0), (58.0, 191.0), (-3.0, 94.0), (74.0, 98.0), (-6.0, 12.0), (78.0, 20.0), (0, 0), (75.0, 12.0), (-27.0, -20.0), (84.0, -13.0)]
[(36.0, 377.0), (27.0, 386.0), (45.0, 386.0), (-11.0, 321.0), (76.0, 320.0), (6.0, 190.0), (58.0, 191.0), (-3.0, 95.0), (74.0, 98.0), (-6.0, 12.0), (78.0, 20.0), (0, 0), (75.0, 13.0), (-27.0, -20.0), (84.0, -13.0)]
[(36.0, 377.0), (26.0, 386.0), (44.0, 386.0), (-11.0, 321.0), (75.0, 320.0), (6.0, 190.0), (58.0, 191.0), (-3.0, 95.0), (74.0, 98.0), (-7.0, 12.0), (78.0, 20.0), (0, 0), (74.0, 13.0), (-27.0, -20.0), (84.0, -13.0)]
[(35.0, 376.0), (26.0, 385.0), (44.0, 385.0), (-11.0, 320.0), (75.0, 319.0), (6.0, 190.0), (58.0, 190.0), (-3.0, 94.0), (74.0, 97.0), (-6.0, 11.0), (77.0, 18.0), (0, 0), (74.0, 10.0), (-27.0, -21.0), (84.0, -15.0)]
[(34.0, 376.0), (25.0, 385.0), (42.0, 385.0), (-12.0, 320.0), (74.0, 319.0), (5.0, 190.0), (57.0, 190.0), (-5.0, 94.0), (73.0, 97.0), (-7.0, 11.0), (76.0, 18.0), (0, 0), (73.0, 9.0), (-28.0, -21.0), (84.0, -15.0)]
[(33.0, 376.0), (25.0, 385.0), (42.0, 385.0), (-12.0, 320.0), (74.0, 319.0), (5.0, 190.0), (57.0, 190.0), (-5.0, 94.0), (72.0, 97.0), (-7.0, 11.0), (76.0, 18.0), (0, 0), (73.0, 10.0), (-28.0, -21.0), (84.0, -15.0)]
[(33.0, 377.0), (24.0, 386.0), (42.0, 386.0), (-12.0, 321.0), (74.0, 320.0), (5.0, 191.0), (56.0, 191.0), (-5.0, 95.0), (72.0, 99.0), (-7.0, 12.0), (77.0, 19.0), (0, 0), (74.0, 11.0), (-29.0, -20.0), (84.0, -14.0)]
[(33.0, 377.0), (24.0, 386.0), (42.0, 386.0), (-12.0, 321.0), (74.0, 320.0), (4.0, 191.0), (56.0, 191.0), (-5.0, 95.0), (73.0, 99.0), (-7.0, 12.0), (77.0, 19.0), (0, 0), (75.0, 12.0), (-29.0, -20.0), (84.0, -14.0)]
[(33.0, 377.0), (24.0, 386.0), (42.0, 386.0), (-12.0, 321.0), (74.0, 321.0), (4.0, 191.0), (56.0, 191.0), (-5.0, 95.0), (73.0, 99.0), (-7.0, 12.0), (77.0, 21.0), (0, 0), (75.0, 13.0), (-29.0, -20.0), (84.0, -13.0)]
[(34.0, 377.0), (25.0, 386.0), (43.0, 386.0), (-11.0, 321.0), (74.0, 322.0), (5.0, 191.0), (57.0, 191.0), (-4.0, 95.0), (74.0, 98.0), (-6.0, 12.0), (78.0, 21.0), (0, 0), (76.0, 13.0), (-27.0, -20.0), (85.0, -13.0)]
[(33.0, 376.0), (24.0, 384.0), (42.0, 385.0), (-11.0, 320.0), (74.0, 322.0), (6.0, 189.0), (57.0, 190.0), (-5.0, 94.0), (74.0, 97.0), (-6.0, 11.0), (78.0, 20.0), (0, 0), (76.0, 13.0), (-27.0, -21.0), (84.0, -14.0)]
[(33.0, 376.0), (24.0, 384.0), (42.0, 384.0), (-12.0, 320.0), (73.0, 322.0), (6.0, 189.0), (57.0, 191.0), (-5.0, 94.0), (74.0, 98.0), (-6.0, 12.0), (78.0, 20.0), (0, 0), (75.0, 13.0), (-27.0, -20.0), (84.0, -15.0)]
[(32.0, 376.0), (23.0, 384.0), (41.0, 384.0), (-13.0, 320.0), (72.0, 322.0), (5.0, 189.0), (56.0, 191.0), (-6.0, 94.0), (73.0, 98.0), (-7.0, 12.0), (77.0, 20.0), (0, 0), (74.0, 12.0), (-28.0, -20.0), (83.0, -15.0)]
[(33.0, 374.0), (24.0, 382.0), (42.0, 382.0), (-12.0, 320.0), (73.0, 322.0), (6.0, 189.0), (56.0, 191.0), (-5.0, 94.0), (75.0, 97.0), (-6.0, 12.0), (78.0, 20.0), (0, 0), (75.0, 12.0), (-26.0, -20.0), (84.0, -15.0)]
[(32.0, 370.0), (23.0, 378.0), (41.0, 379.0), (-12.0, 320.0), (73.0, 321.0), (7.0, 188.0), (57.0, 190.0), (-5.0, 93.0), (75.0, 96.0), (-6.0, 12.0), (78.0, 20.0), (0, 0), (76.0, 13.0), (-26.0, -21.0), (83.0, -15.0)]
[(32.0, 369.0), (23.0, 377.0), (41.0, 378.0), (-11.0, 321.0), (73.0, 321.0), (7.0, 188.0), (57.0, 190.0), (-5.0, 93.0), (75.0, 95.0), (-6.0, 12.0), (78.0, 20.0), (0, 0), (76.0, 13.0), (-26.0, -20.0), (84.0, -15.0)]
[(33.0, 367.0), (24.0, 375.0), (41.0, 375.0), (-11.0, 321.0), (72.0, 321.0), (9.0, 186.0), (59.0, 187.0), (-6.0, 92.0), (75.0, 93.0), (-6.0, 12.0), (78.0, 20.0), (0, 0), (76.0, 13.0), (-26.0, -20.0), (84.0, -15.0)]
[(34.0, 366.0), (25.0, 374.0), (42.0, 374.0), (-9.0, 321.0), (73.0, 321.0), (10.0, 185.0), (61.0, 186.0), (-5.0, 92.0), (76.0, 92.0), (-5.0, 12.0), (79.0, 20.0), (0, 0), (77.0, 13.0), (-25.0, -19.0), (85.0, -15.0)]
[(34.0, 361.0), (25.0, 370.0), (42.0, 369.0), (-9.0, 320.0), (72.0, 320.0), (10.0, 184.0), (61.0, 184.0), (-6.0, 91.0), (76.0, 90.0), (-6.0, 12.0), (79.0, 19.0), (0, 0), (77.0, 13.0), (-25.0, -19.0), (84.0, -15.0)]
[(35.0, 358.0), (26.0, 367.0), (43.0, 366.0), (-8.0, 318.0), (72.0, 318.0), (10.0, 182.0), (62.0, 181.0), (-7.0, 89.0), (77.0, 88.0), (-6.0, 12.0), (80.0, 17.0), (0, 0), (77.0, 11.0), (-24.0, -20.0), (85.0, -16.0)]
[(34.0, 356.0), (25.0, 365.0), (42.0, 364.0), (-9.0, 315.0), (71.0, 315.0), (9.0, 179.0), (61.0, 178.0), (-9.0, 89.0), (76.0, 88.0), (-7.0, 12.0), (79.0, 17.0), (0, 0), (77.0, 11.0), (-25.0, -20.0), (84.0, -16.0)]
[(32.0, 350.0), (24.0, 359.0), (41.0, 358.0), (-10.0, 311.0), (70.0, 312.0), (8.0, 177.0), (60.0, 175.0), (-11.0, 89.0), (75.0, 87.0), (-8.0, 12.0), (78.0, 16.0), (0, 0), (76.0, 10.0), (-26.0, -20.0), (84.0, -16.0)]
[(32.0, 346.0), (24.0, 355.0), (41.0, 354.0), (-10.0, 307.0), (69.0, 309.0), (8.0, 175.0), (60.0, 174.0), (-11.0, 89.0), (76.0, 87.0), (-8.0, 12.0), (78.0, 16.0), (0, 0), (77.0, 10.0), (-26.0, -20.0), (85.0, -16.0)]
[(32.0, 341.0), (24.0, 349.0), (41.0, 348.0), (-9.0, 302.0), (69.0, 305.0), (8.0, 173.0), (60.0, 172.0), (-11.0, 89.0), (76.0, 87.0), (-8.0, 12.0), (78.0, 16.0), (0, 0), (76.0, 10.0), (-26.0, -19.0), (85.0, -16.0)]
[(32.0, 335.0), (24.0, 343.0), (41.0, 343.0), (-9.0, 299.0), (69.0, 301.0), (9.0, 171.0), (61.0, 170.0), (-12.0, 90.0), (78.0, 87.0), (-8.0, 13.0), (78.0, 18.0), (0, 0), (76.0, 12.0), (-27.0, -18.0), (85.0, -15.0)]
[(33.0, 332.0), (24.0, 340.0), (41.0, 340.0), (-8.0, 293.0), (69.0, 296.0), (9.0, 168.0), (61.0, 166.0), (-13.0, 88.0), (78.0, 85.0), (-8.0, 13.0), (78.0, 17.0), (0, 0), (75.0, 12.0), (-27.0, -18.0), (86.0, -15.0)]
[(33.0, 322.0), (25.0, 330.0), (42.0, 330.0), (-7.0, 287.0), (70.0, 290.0), (10.0, 165.0), (62.0, 164.0), (-12.0, 86.0), (80.0, 83.0), (-7.0, 12.0), (79.0, 17.0), (0, 0), (75.0, 12.0), (-26.0, -18.0), (87.0, -15.0)]
[(34.0, 317.0), (25.0, 324.0), (42.0, 324.0), (-6.0, 281.0), (70.0, 286.0), (10.0, 163.0), (62.0, 161.0), (-15.0, 85.0), (82.0, 83.0), (-8.0, 12.0), (79.0, 17.0), (0, 0), (74.0, 12.0), (-26.0, -18.0), (87.0, -15.0)]
[(35.0, 307.0), (26.0, 315.0), (42.0, 315.0), (-5.0, 276.0), (70.0, 280.0), (10.0, 161.0), (62.0, 160.0), (-18.0, 84.0), (83.0, 83.0), (-8.0, 12.0), (79.0, 18.0), (0, 0), (74.0, 12.0), (-26.0, -18.0), (86.0, -15.0)]
[(35.0, 300.0), (26.0, 308.0), (42.0, 307.0), (-6.0, 268.0), (69.0, 272.0), (9.0, 158.0), (61.0, 157.0), (-23.0, 83.0), (82.0, 83.0), (-9.0, 12.0), (78.0, 17.0), (0, 0), (73.0, 9.0), (-28.0, -18.0), (85.0, -15.0)]
[(37.0, 293.0), (27.0, 300.0), (44.0, 299.0), (-4.0, 260.0), (70.0, 262.0), (10.0, 152.0), (61.0, 151.0), (-23.0, 83.0), (84.0, 82.0), (-8.0, 12.0), (79.0, 16.0), (0, 0), (74.0, 8.0), (-28.0, -18.0), (86.0, -16.0)]
[(37.0, 285.0), (28.0, 292.0), (44.0, 291.0), (-4.0, 253.0), (70.0, 253.0), (10.0, 147.0), (61.0, 147.0), (-23.0, 83.0), (84.0, 83.0), (-8.0, 12.0), (79.0, 15.0), (0, 0), (73.0, 7.0), (-28.0, -18.0), (86.0, -16.0)]
[(37.0, 277.0), (28.0, 285.0), (45.0, 283.0), (-4.0, 245.0), (70.0, 246.0), (10.0, 143.0), (61.0, 144.0), (-25.0, 82.0), (86.0, 82.0), (-8.0, 12.0), (78.0, 15.0), (0, 0), (72.0, 7.0), (-28.0, -18.0), (86.0, -16.0)]
[(37.0, 268.0), (28.0, 275.0), (45.0, 275.0), (-4.0, 238.0), (71.0, 240.0), (10.0, 139.0), (61.0, 139.0), (-25.0, 79.0), (87.0, 81.0), (-8.0, 13.0), (78.0, 16.0), (0, 0), (72.0, 8.0), (-28.0, -17.0), (86.0, -15.0)]
[(37.0, 259.0), (28.0, 267.0), (45.0, 266.0), (-4.0, 230.0), (71.0, 233.0), (10.0, 136.0), (60.0, 135.0), (-26.0, 80.0), (89.0, 78.0), (-8.0, 12.0), (78.0, 16.0), (0, 0), (72.0, 8.0), (-28.0, -18.0), (86.0, -16.0)]
[(36.0, 225.0), (27.0, 233.0), (43.0, 233.0), (-4.0, 199.0), (70.0, 202.0), (9.0, 114.0), (59.0, 115.0), (-32.0, 80.0), (93.0, 76.0), (-8.0, 12.0), (77.0, 15.0), (0, 0), (70.0, 8.0), (-29.0, -18.0), (85.0, -16.0)]
[(36.0, 216.0), (27.0, 225.0), (44.0, 226.0), (-4.0, 192.0), (71.0, 191.0), (10.0, 111.0), (59.0, 110.0), (-33.0, 80.0), (94.0, 77.0), (-9.0, 12.0), (77.0, 15.0), (0, 0), (69.0, 6.0), (-29.0, -17.0), (85.0, -15.0)]
[(35.0, 213.0), (26.0, 221.0), (43.0, 221.0), (-4.0, 190.0), (71.0, 187.0), (9.0, 108.0), (58.0, 108.0), (-34.0, 80.0), (94.0, 79.0), (-10.0, 12.0), (76.0, 14.0), (0, 0), (68.0, 5.0), (-30.0, -16.0), (84.0, -15.0)]
[(35.0, 209.0), (26.0, 218.0), (43.0, 218.0), (-3.0, 188.0), (71.0, 183.0), (9.0, 106.0), (58.0, 105.0), (-34.0, 81.0), (94.0, 80.0), (-9.0, 12.0), (76.0, 14.0), (0, 0), (68.0, 5.0), (-30.0, -16.0), (86.0, -14.0)]
[(34.0, 205.0), (26.0, 214.0), (42.0, 213.0), (-4.0, 183.0), (71.0, 178.0), (8.0, 103.0), (57.0, 102.0), (-35.0, 80.0), (94.0, 78.0), (-9.0, 11.0), (75.0, 13.0), (0, 0), (67.0, 4.0), (-30.0, -17.0), (85.0, -16.0)]
[(35.0, 204.0), (26.0, 213.0), (43.0, 212.0), (-4.0, 181.0), (72.0, 176.0), (8.0, 101.0), (57.0, 99.0), (-35.0, 80.0), (95.0, 79.0), (-9.0, 11.0), (74.0, 14.0), (0, 0), (66.0, 5.0), (-29.0, -18.0), (86.0, -16.0)]
[(34.0, 204.0), (25.0, 212.0), (43.0, 212.0), (-5.0, 180.0), (71.0, 177.0), (7.0, 101.0), (55.0, 100.0), (-36.0, 80.0), (94.0, 80.0), (-10.0, 11.0), (73.0, 14.0), (0, 0), (65.0, 5.0), (-30.0, -19.0), (85.0, -16.0)]
[(34.0, 206.0), (25.0, 213.0), (43.0, 214.0), (-5.0, 181.0), (71.0, 179.0), (7.0, 101.0), (56.0, 100.0), (-36.0, 81.0), (93.0, 81.0), (-10.0, 11.0), (72.0, 14.0), (0, 0), (65.0, 5.0), (-30.0, -19.0), (85.0, -16.0)]
[(34.0, 208.0), (26.0, 216.0), (43.0, 216.0), (-5.0, 184.0), (71.0, 182.0), (7.0, 103.0), (55.0, 102.0), (-36.0, 81.0), (93.0, 82.0), (-9.0, 11.0), (72.0, 15.0), (0, 0), (65.0, 6.0), (-30.0, -19.0), (85.0, -16.0)]
[(36.0, 211.0), (27.0, 219.0), (44.0, 220.0), (-4.0, 186.0), (72.0, 185.0), (8.0, 106.0), (57.0, 105.0), (-33.0, 82.0), (91.0, 81.0), (-8.0, 11.0), (74.0, 15.0), (0, 0), (67.0, 6.0), (-28.0, -19.0), (86.0, -16.0)]
[(35.0, 213.0), (27.0, 221.0), (44.0, 221.0), (-4.0, 189.0), (72.0, 187.0), (8.0, 111.0), (57.0, 110.0), (-31.0, 83.0), (88.0, 82.0), (-8.0, 11.0), (74.0, 15.0), (0, 0), (67.0, 6.0), (-28.0, -19.0), (86.0, -16.0)]
[(36.0, 224.0), (27.0, 231.0), (44.0, 231.0), (-4.0, 198.0), (72.0, 196.0), (8.0, 121.0), (57.0, 121.0), (-28.0, 84.0), (83.0, 84.0), (-8.0, 11.0), (75.0, 15.0), (0, 0), (69.0, 6.0), (-28.0, -19.0), (85.0, -16.0)]
[(36.0, 234.0), (27.0, 241.0), (44.0, 241.0), (-4.0, 205.0), (72.0, 205.0), (8.0, 126.0), (57.0, 125.0), (-26.0, 85.0), (81.0, 87.0), (-8.0, 12.0), (75.0, 15.0), (0, 0), (69.0, 6.0), (-28.0, -17.0), (84.0, -15.0)]
[(36.0, 243.0), (27.0, 251.0), (44.0, 251.0), (-3.0, 212.0), (72.0, 214.0), (9.0, 130.0), (58.0, 130.0), (-22.0, 86.0), (80.0, 86.0), (-8.0, 12.0), (75.0, 15.0), (0, 0), (70.0, 5.0), (-28.0, -18.0), (83.0, -16.0)]
[(37.0, 253.0), (28.0, 261.0), (45.0, 261.0), (-2.0, 221.0), (73.0, 221.0), (10.0, 137.0), (59.0, 137.0), (-18.0, 89.0), (77.0, 88.0), (-8.0, 12.0), (75.0, 14.0), (0, 0), (70.0, 4.0), (-28.0, -17.0), (83.0, -16.0)]
[(37.0, 265.0), (29.0, 272.0), (45.0, 272.0), (-1.0, 232.0), (73.0, 231.0), (11.0, 145.0), (60.0, 145.0), (-15.0, 90.0), (75.0, 90.0), (-8.0, 12.0), (75.0, 14.0), (0, 0), (70.0, 5.0), (-28.0, -17.0), (83.0, -16.0)]
[(38.0, 277.0), (30.0, 284.0), (46.0, 285.0), (1.0, 241.0), (75.0, 241.0), (13.0, 152.0), (62.0, 152.0), (-12.0, 91.0), (75.0, 90.0), (-7.0, 12.0), (76.0, 14.0), (0, 0), (71.0, 5.0), (-27.0, -17.0), (83.0, -15.0)]
[(38.0, 286.0), (30.0, 294.0), (46.0, 294.0), (1.0, 250.0), (75.0, 251.0), (14.0, 157.0), (62.0, 156.0), (-11.0, 93.0), (74.0, 91.0), (-7.0, 12.0), (76.0, 15.0), (0, 0), (71.0, 6.0), (-27.0, -17.0), (82.0, -15.0)]
[(39.0, 297.0), (31.0, 305.0), (46.0, 305.0), (-0.0, 261.0), (76.0, 261.0), (14.0, 163.0), (62.0, 162.0), (-9.0, 94.0), (73.0, 89.0), (-8.0, 12.0), (75.0, 14.0), (0, 0), (70.0, 6.0), (-27.0, -17.0), (82.0, -15.0)]
[(40.0, 311.0), (32.0, 318.0), (46.0, 318.0), (-0.0, 270.0), (77.0, 268.0), (13.0, 168.0), (62.0, 167.0), (-7.0, 94.0), (73.0, 90.0), (-7.0, 13.0), (75.0, 14.0), (0, 0), (70.0, 6.0), (-27.0, -17.0), (82.0, -15.0)]
[(42.0, 318.0), (34.0, 326.0), (48.0, 326.0), (-0.0, 278.0), (78.0, 275.0), (14.0, 172.0), (63.0, 171.0), (-4.0, 95.0), (73.0, 91.0), (-7.0, 13.0), (76.0, 15.0), (0, 0), (73.0, 8.0), (-27.0, -16.0), (83.0, -15.0)]
[(42.0, 326.0), (34.0, 334.0), (48.0, 335.0), (-2.0, 284.0), (79.0, 282.0), (14.0, 176.0), (63.0, 176.0), (-2.0, 96.0), (73.0, 93.0), (-7.0, 13.0), (76.0, 15.0), (0, 0), (74.0, 7.0), (-28.0, -16.0), (83.0, -14.0)]
[(42.0, 337.0), (33.0, 345.0), (48.0, 346.0), (-2.0, 292.0), (80.0, 290.0), (14.0, 180.0), (63.0, 180.0), (-1.0, 96.0), (74.0, 94.0), (-7.0, 13.0), (76.0, 16.0), (0, 0), (73.0, 8.0), (-28.0, -16.0), (83.0, -14.0)]