[(38.0, 396.0), (27.0, 404.0), (44.0, 404.0), (-9.0, 347.0), (80.0, 345.0), (12.0, 212.0), (63.0, 212.0), (2.0, 108.0), (82.0, 110.0), (-7.0, 13.0), (95.0, 12.0), (0, 0), (89.0, -1.0), (-27.0, -18.0), (118.0, -15.0)]
[(37.0, 399.0), (26.0, 408.0), (44.0, 408.0), (-10.0, 345.0), (80.0, 345.0), (13.0, 212.0), (63.0, 212.0), (4.0, 108.0), (78.0, 109.0), (-7.0, 13.0), (95.0, 13.0), (0, 0), (89.0, 0.0), (-27.0, -19.0), (117.0, -15.0)]
[(36.0, 399.0), (26.0, 407.0), (44.0, 408.0), (-11.0, 345.0), (80.0, 344.0), (12.0, 211.0), (63.0, 211.0), (3.0, 108.0), (77.0, 110.0), (-7.0, 13.0), (94.0, 13.0), (0, 0), (89.0, 1.0), (-27.0, -20.0), (117.0, -15.0)]
[(36.0, 401.0), (25.0, 409.0), (44.0, 410.0), (-10.0, 345.0), (80.0, 344.0), (12.0, 211.0), (63.0, 212.0), (4.0, 108.0), (78.0, 109.0), (-7.0, 13.0), (94.0, 13.0), (0, 0), (89.0, 1.0), (-27.0, -22.0), (117.0, -15.0)]
[(35.0, 401.0), (25.0, 410.0), (44.0, 410.0), (-9.0, 346.0), (79.0, 347.0), (12.0, 211.0), (63.0, 212.0), (5.0, 108.0), (78.0, 109.0), (-6.0, 13.0), (94.0, 13.0), (0, 0), (89.0, 3.0), (-27.0, -22.0), (116.0, -15.0)]
[(35.0, 401.0), (25.0, 409.0), (44.0, 409.0), (-9.0, 346.0), (78.0, 348.0), (12.0, 211.0), (63.0, 212.0), (5.0, 108.0), (77.0, 109.0), (-6.0, 13.0), (94.0, 13.0), (0, 0), (89.0, 3.0), (-27.0, -22.0), (116.0, -15.0)]
[(34.0, 402.0), (24.0, 410.0), (43.0, 410.0), (-10.0, 346.0), (78.0, 348.0), (12.0, 210.0), (62.0, 212.0), (4.0, 108.0), (77.0, 109.0), (-7.0, 13.0), (93.0, 13.0), (0, 0), (88.0, 3.0), (-29.0, -22.0), (115.0, -16.0)]
[(34.0, 401.0), (24.0, 409.0), (43.0, 409.0), (-10.0, 346.0), (78.0, 348.0), (12.0, 212.0), (62.0, 212.0), (3.0, 108.0), (76.0, 109.0), (-7.0, 13.0), (93.0, 13.0), (0, 0), (88.0, 3.0), (-29.0, -22.0), (115.0, -16.0)]
[(35.0, 398.0), (24.0, 406.0), (43.0, 406.0), (-10.0, 344.0), (78.0, 344.0), (12.0, 211.0), (62.0, 211.0), (3.0, 107.0), (76.0, 108.0), (-7.0, 12.0), (92.0, 12.0), (0, 0), (88.0, 2.0), (-29.0, -23.0), (115.0, -17.0)]
[(35.0, 396.0), (24.0, 405.0), (43.0, 404.0), (-10.0, 343.0), (78.0, 341.0), (12.0, 210.0), (62.0, 210.0), (2.0, 107.0), (77.0, 108.0), (-7.0, 12.0), (92.0, 12.0), (0, 0), (88.0, 2.0), (-29.0, -23.0), (115.0, -17.0)]
[(34.0, 395.0), (24.0, 404.0), (42.0, 404.0), (-11.0, 343.0), (78.0, 341.0), (11.0, 209.0), (61.0, 209.0), (1.0, 107.0), (76.0, 108.0), (-8.0, 12.0), (91.0, 12.0), (0, 0), (87.0, 2.0), (-30.0, -23.0), (114.0, -17.0)]
[(34.0, 394.0), (24.0, 402.0), (42.0, 402.0), (-11.0, 341.0), (78.0, 340.0), (10.0, 208.0), (60.0, 208.0), (-0.0, 106.0), (77.0, 108.0), (-8.0, 12.0), (91.0, 12.0), (0, 0), (87.0, 2.0), (-30.0, -23.0), (114.0, -17.0)]
[(35.0, 381.0), (25.0, 391.0), (42.0, 391.0), (-11.0, 333.0), (79.0, 333.0), (10.0, 202.0), (61.0, 204.0), (-6.0, 106.0), (84.0, 107.0), (-8.0, 13.0), (91.0, 13.0), (0, 0), (87.0, 2.0), (-30.0, -22.0), (113.0, -16.0)]
[(36.0, 353.0), (26.0, 362.0), (43.0, 362.0), (-11.0, 311.0), (79.0, 310.0), (10.0, 184.0), (63.0, 185.0), (-11.0, 100.0), (94.0, 100.0), (-8.0, 13.0), (91.0, 12.0), (0, 0), (86.0, 0.0), (-30.0, -22.0), (113.0, -16.0)]
[(36.0, 337.0), (27.0, 346.0), (43.0, 346.0), (-11.0, 297.0), (79.0, 294.0), (11.0, 170.0), (63.0, 172.0), (-14.0, 98.0), (98.0, 101.0), (-8.0, 13.0), (92.0, 12.0), (0, 0), (86.0, 0.0), (-31.0, -22.0), (113.0, -16.0)]
[(38.0, 323.0), (29.0, 331.0), (45.0, 330.0), (-7.0, 281.0), (81.0, 278.0), (13.0, 158.0), (66.0, 160.0), (-16.0, 95.0), (102.0, 96.0), (-7.0, 12.0), (94.0, 11.0), (0, 0), (87.0, -1.0), (-30.0, -22.0), (115.0, -17.0)]
[(38.0, 283.0), (29.0, 292.0), (45.0, 292.0), (-3.0, 256.0), (81.0, 253.0), (13.0, 144.0), (66.0, 145.0), (-19.0, 90.0), (108.0, 90.0), (-7.0, 12.0), (95.0, 12.0), (0, 0), (87.0, 0.0), (-30.0, -21.0), (117.0, -16.0)]
[(38.0, 280.0), (30.0, 290.0), (46.0, 289.0), (-2.0, 252.0), (82.0, 248.0), (14.0, 143.0), (66.0, 144.0), (-19.0, 91.0), (108.0, 92.0), (-7.0, 11.0), (95.0, 12.0), (0, 0), (87.0, -1.0), (-30.0, -21.0), (117.0, -16.0)]
[(41.0, 266.0), (32.0, 275.0), (48.0, 275.0), (-1.0, 239.0), (82.0, 238.0), (15.0, 137.0), (66.0, 139.0), (-20.0, 91.0), (108.0, 92.0), (-7.0, 11.0), (95.0, 12.0), (0, 0), (87.0, 0.0), (-30.0, -20.0), (117.0, -16.0)]
[(42.0, 240.0), (33.0, 248.0), (49.0, 248.0), (1.0, 216.0), (82.0, 215.0), (20.0, 120.0), (67.0, 120.0), (-24.0, 90.0), (110.0, 93.0), (-7.0, 11.0), (95.0, 12.0), (0, 0), (87.0, 0.0), (-30.0, -19.0), (117.0, -16.0)]
[(43.0, 227.0), (34.0, 236.0), (51.0, 236.0), (1.0, 205.0), (82.0, 205.0), (20.0, 111.0), (67.0, 111.0), (-25.0, 90.0), (111.0, 94.0), (-8.0, 11.0), (95.0, 12.0), (0, 0), (87.0, 0.0), (-29.0, -19.0), (117.0, -15.0)]
[(43.0, 228.0), (34.0, 237.0), (51.0, 237.0), (1.0, 206.0), (82.0, 204.0), (21.0, 111.0), (68.0, 110.0), (-25.0, 91.0), (113.0, 94.0), (-8.0, 11.0), (95.0, 13.0), (0, 0), (87.0, 1.0), (-30.0, -18.0), (116.0, -14.0)]
[(43.0, 213.0), (34.0, 223.0), (51.0, 223.0), (1.0, 196.0), (83.0, 193.0), (22.0, 101.0), (68.0, 101.0), (-27.0, 90.0), (114.0, 94.0), (-8.0, 11.0), (95.0, 13.0), (0, 0), (86.0, 2.0), (-30.0, -18.0), (115.0, -14.0)]
[(43.0, 210.0), (34.0, 221.0), (51.0, 220.0), (1.0, 193.0), (83.0, 191.0), (23.0, 96.0), (68.0, 96.0), (-27.0, 90.0), (114.0, 94.0), (-8.0, 11.0), (95.0, 13.0), (0, 0), (86.0, 2.0), (-30.0, -18.0), (115.0, -14.0)]
[(42.0, 210.0), (33.0, 220.0), (50.0, 220.0), (-0.0, 193.0), (82.0, 191.0), (22.0, 97.0), (67.0, 96.0), (-29.0, 90.0), (113.0, 95.0), (-9.0, 11.0), (94.0, 14.0), (0, 0), (84.0, 3.0), (-30.0, -18.0), (114.0, -15.0)]
[(42.0, 211.0), (33.0, 221.0), (50.0, 221.0), (-0.0, 194.0), (81.0, 192.0), (22.0, 99.0), (67.0, 99.0), (-29.0, 90.0), (114.0, 95.0), (-9.0, 11.0), (94.0, 14.0), (0, 0), (84.0, 3.0), (-30.0, -18.0), (114.0, -15.0)]
[(42.0, 222.0), (33.0, 230.0), (49.0, 231.0), (-0.0, 203.0), (81.0, 201.0), (21.0, 107.0), (67.0, 107.0), (-29.0, 90.0), (113.0, 94.0), (-9.0, 11.0), (93.0, 13.0), (0, 0), (84.0, 2.0), (-30.0, -18.0), (114.0, -15.0)]
[(41.0, 243.0), (32.0, 251.0), (47.0, 251.0), (-0.0, 218.0), (79.0, 215.0), (18.0, 126.0), (66.0, 130.0), (-28.0, 90.0), (112.0, 94.0), (-9.0, 12.0), (93.0, 13.0), (0, 0), (84.0, 2.0), (-30.0, -19.0), (115.0, -15.0)]
[(40.0, 262.0), (31.0, 270.0), (47.0, 270.0), (-0.0, 235.0), (79.0, 232.0), (15.0, 137.0), (64.0, 139.0), (-25.0, 89.0), (110.0, 93.0), (-9.0, 11.0), (93.0, 12.0), (0, 0), (85.0, 1.0), (-29.0, -20.0), (115.0, -16.0)]
[(40.0, 264.0), (31.0, 272.0), (47.0, 273.0), (-0.0, 237.0), (78.0, 234.0), (15.0, 140.0), (64.0, 141.0), (-22.0, 90.0), (109.0, 93.0), (-9.0, 12.0), (94.0, 12.0), (0, 0), (85.0, 1.0), (-30.0, -19.0), (115.0, -16.0)]
[(40.0, 282.0), (32.0, 291.0), (48.0, 291.0), (-0.0, 252.0), (79.0, 250.0), (15.0, 150.0), (65.0, 150.0), (-19.0, 91.0), (109.0, 93.0), (-8.0, 11.0), (95.0, 11.0), (0, 0), (86.0, 0.0), (-29.0, -19.0), (116.0, -17.0)]
[(39.0, 323.0), (30.0, 330.0), (47.0, 329.0), (-1.0, 283.0), (79.0, 283.0), (15.0, 174.0), (65.0, 175.0), (-15.0, 97.0), (105.0, 97.0), (-8.0, 11.0), (95.0, 11.0), (0, 0), (86.0, 0.0), (-27.0, -19.0), (115.0, -17.0)]
[(39.0, 344.0), (30.0, 352.0), (46.0, 352.0), (-3.0, 302.0), (79.0, 300.0), (15.0, 186.0), (64.0, 186.0), (-13.0, 102.0), (101.0, 102.0), (-8.0, 12.0), (95.0, 12.0), (0, 0), (87.0, 1.0), (-27.0, -19.0), (116.0, -17.0)]
[(40.0, 346.0), (31.0, 355.0), (47.0, 355.0), (-3.0, 302.0), (80.0, 302.0), (15.0, 189.0), (65.0, 189.0), (-11.0, 104.0), (99.0, 106.0), (-7.0, 12.0), (96.0, 12.0), (0, 0), (89.0, -1.0), (-26.0, -19.0), (117.0, -17.0)]
[(40.0, 387.0), (31.0, 396.0), (47.0, 396.0), (-7.0, 340.0), (81.0, 336.0), (13.0, 209.0), (64.0, 209.0), (-0.0, 108.0), (88.0, 110.0), (-7.0, 13.0), (96.0, 13.0), (0, 0), (89.0, 0.0), (-27.0, -18.0), (117.0, -15.0)]