[(37.0, 341.0), (29.0, 349.0), (44.0, 349.0), (-4.0, 306.0), (71.0, 310.0), (13.0, 178.0), (65.0, 179.0), (-2.0, 90.0), (80.0, 88.0), (-6.0, 14.0), (80.0, 16.0), (0, 0), (73.0, 6.0), (-20.0, -13.0), (90.0, -15.0)]
[(37.0, 350.0), (29.0, 357.0), (44.0, 357.0), (-4.0, 311.0), (71.0, 314.0), (13.0, 182.0), (65.0, 183.0), (-2.0, 92.0), (81.0, 89.0), (-5.0, 13.0), (80.0, 15.0), (0, 0), (73.0, 5.0), (-20.0, -13.0), (92.0, -15.0)]
[(38.0, 360.0), (29.0, 368.0), (44.0, 368.0), (-5.0, 322.0), (71.0, 326.0), (13.0, 190.0), (65.0, 191.0), (-1.0, 97.0), (79.0, 92.0), (-6.0, 14.0), (79.0, 15.0), (0, 0), (72.0, 5.0), (-22.0, -11.0), (92.0, -15.0)]
[(39.0, 364.0), (30.0, 371.0), (45.0, 372.0), (-4.0, 325.0), (72.0, 328.0), (14.0, 193.0), (66.0, 194.0), (-1.0, 98.0), (80.0, 94.0), (-5.0, 14.0), (79.0, 14.0), (0, 0), (71.0, 4.0), (-18.0, -13.0), (92.0, -17.0)]
[(40.0, 368.0), (31.0, 375.0), (46.0, 376.0), (-3.0, 328.0), (73.0, 330.0), (15.0, 196.0), (67.0, 197.0), (-0.0, 99.0), (81.0, 96.0), (-5.0, 14.0), (80.0, 15.0), (0, 0), (73.0, 5.0), (-17.0, -15.0), (92.0, -18.0)]
[(40.0, 372.0), (31.0, 380.0), (47.0, 380.0), (-3.0, 330.0), (73.0, 332.0), (15.0, 198.0), (66.0, 199.0), (-0.0, 101.0), (80.0, 98.0), (-5.0, 14.0), (80.0, 15.0), (0, 0), (73.0, 4.0), (-17.0, -16.0), (92.0, -19.0)]
[(39.0, 375.0), (30.0, 383.0), (46.0, 383.0), (-4.0, 331.0), (72.0, 333.0), (14.0, 199.0), (65.0, 200.0), (-0.0, 101.0), (79.0, 99.0), (-6.0, 14.0), (79.0, 14.0), (0, 0), (72.0, 4.0), (-18.0, -17.0), (90.0, -20.0)]
[(39.0, 376.0), (30.0, 384.0), (46.0, 384.0), (-5.0, 332.0), (72.0, 334.0), (14.0, 199.0), (65.0, 200.0), (-0.0, 102.0), (79.0, 102.0), (-6.0, 15.0), (80.0, 15.0), (0, 0), (73.0, 4.0), (-18.0, -17.0), (90.0, -19.0)]
[(38.0, 373.0), (30.0, 382.0), (46.0, 382.0), (-5.0, 329.0), (72.0, 330.0), (14.0, 197.0), (65.0, 198.0), (2.0, 103.0), (81.0, 102.0), (-6.0, 14.0), (82.0, 14.0), (0, 0), (75.0, 4.0), (-19.0, -19.0), (90.0, -20.0)]
[(38.0, 374.0), (30.0, 382.0), (46.0, 382.0), (-6.0, 328.0), (72.0, 330.0), (14.0, 196.0), (64.0, 197.0), (2.0, 102.0), (81.0, 102.0), (-6.0, 14.0), (82.0, 14.0), (0, 0), (75.0, 4.0), (-18.0, -19.0), (90.0, -20.0)]
[(38.0, 373.0), (30.0, 381.0), (46.0, 382.0), (-6.0, 327.0), (72.0, 329.0), (13.0, 196.0), (64.0, 196.0), (3.0, 102.0), (80.0, 101.0), (-6.0, 14.0), (82.0, 13.0), (0, 0), (75.0, 3.0), (-18.0, -20.0), (90.0, -21.0)]
[(38.0, 373.0), (30.0, 381.0), (46.0, 382.0), (-6.0, 328.0), (72.0, 329.0), (13.0, 198.0), (64.0, 199.0), (3.0, 103.0), (80.0, 104.0), (-6.0, 14.0), (82.0, 14.0), (0, 0), (75.0, 3.0), (-18.0, -20.0), (91.0, -20.0)]
[(38.0, 374.0), (30.0, 382.0), (46.0, 382.0), (-6.0, 328.0), (72.0, 329.0), (13.0, 197.0), (64.0, 198.0), (2.0, 102.0), (78.0, 103.0), (-6.0, 14.0), (81.0, 13.0), (0, 0), (74.0, 3.0), (-18.0, -20.0), (91.0, -20.0)]
[(38.0, 375.0), (30.0, 383.0), (46.0, 384.0), (-6.0, 329.0), (72.0, 330.0), (12.0, 197.0), (63.0, 198.0), (1.0, 103.0), (76.0, 103.0), (-6.0, 14.0), (81.0, 14.0), (0, 0), (75.0, 4.0), (-18.0, -20.0), (91.0, -19.0)]
[(39.0, 374.0), (31.0, 383.0), (47.0, 383.0), (-5.0, 329.0), (73.0, 331.0), (13.0, 196.0), (64.0, 197.0), (-0.0, 102.0), (77.0, 103.0), (-6.0, 14.0), (82.0, 14.0), (0, 0), (76.0, 3.0), (-17.0, -20.0), (92.0, -19.0)]
[(39.0, 376.0), (30.0, 384.0), (46.0, 385.0), (-5.0, 331.0), (73.0, 333.0), (12.0, 198.0), (63.0, 199.0), (-1.0, 102.0), (77.0, 103.0), (-6.0, 14.0), (82.0, 15.0), (0, 0), (76.0, 4.0), (-18.0, -19.0), (92.0, -17.0)]
[(39.0, 375.0), (30.0, 383.0), (46.0, 383.0), (-5.0, 330.0), (73.0, 332.0), (12.0, 197.0), (63.0, 197.0), (-1.0, 99.0), (77.0, 100.0), (-6.0, 13.0), (82.0, 14.0), (0, 0), (75.0, 3.0), (-18.0, -20.0), (93.0, -18.0)]
[(39.0, 376.0), (30.0, 384.0), (46.0, 384.0), (-5.0, 332.0), (73.0, 334.0), (12.0, 198.0), (63.0, 198.0), (-3.0, 98.0), (77.0, 97.0), (-6.0, 13.0), (81.0, 14.0), (0, 0), (74.0, 3.0), (-20.0, -19.0), (93.0, -17.0)]
[(38.0, 377.0), (29.0, 385.0), (45.0, 385.0), (-6.0, 332.0), (72.0, 335.0), (11.0, 198.0), (62.0, 198.0), (-5.0, 97.0), (76.0, 96.0), (-7.0, 13.0), (80.0, 13.0), (0, 0), (73.0, 3.0), (-23.0, -19.0), (92.0, -17.0)]
[(38.0, 377.0), (29.0, 385.0), (45.0, 386.0), (-6.0, 333.0), (72.0, 336.0), (11.0, 197.0), (62.0, 198.0), (-5.0, 97.0), (76.0, 95.0), (-7.0, 13.0), (80.0, 13.0), (0, 0), (73.0, 3.0), (-23.0, -19.0), (93.0, -17.0)]
[(38.0, 377.0), (29.0, 385.0), (45.0, 385.0), (-6.0, 333.0), (72.0, 335.0), (11.0, 197.0), (62.0, 198.0), (-5.0, 97.0), (76.0, 96.0), (-7.0, 13.0), (80.0, 13.0), (0, 0), (73.0, 3.0), (-23.0, -19.0), (92.0, -17.0)]
[(39.0, 378.0), (30.0, 386.0), (46.0, 386.0), (-6.0, 333.0), (73.0, 335.0), (12.0, 197.0), (63.0, 198.0), (-4.0, 96.0), (77.0, 95.0), (-7.0, 13.0), (81.0, 13.0), (0, 0), (75.0, 3.0), (-22.0, -19.0), (93.0, -17.0)]
[(39.0, 378.0), (30.0, 385.0), (46.0, 386.0), (-6.0, 333.0), (73.0, 335.0), (12.0, 197.0), (63.0, 198.0), (-4.0, 97.0), (77.0, 96.0), (-7.0, 13.0), (81.0, 13.0), (0, 0), (75.0, 3.0), (-22.0, -19.0), (93.0, -17.0)]
[(39.0, 378.0), (30.0, 386.0), (46.0, 386.0), (-6.0, 333.0), (73.0, 335.0), (12.0, 197.0), (63.0, 198.0), (-4.0, 97.0), (77.0, 96.0), (-7.0, 13.0), (81.0, 13.0), (0, 0), (74.0, 3.0), (-22.0, -19.0), (93.0, -17.0)]
[(39.0, 378.0), (30.0, 386.0), (46.0, 386.0), (-5.0, 333.0), (73.0, 336.0), (12.0, 198.0), (63.0, 198.0), (-4.0, 97.0), (77.0, 96.0), (-7.0, 13.0), (81.0, 13.0), (0, 0), (74.0, 3.0), (-22.0, -20.0), (93.0, -17.0)]
[(39.0, 378.0), (30.0, 386.0), (46.0, 386.0), (-5.0, 333.0), (73.0, 336.0), (12.0, 197.0), (63.0, 198.0), (-4.0, 97.0), (77.0, 97.0), (-7.0, 12.0), (81.0, 13.0), (0, 0), (74.0, 3.0), (-22.0, -21.0), (93.0, -17.0)]
[(39.0, 378.0), (30.0, 386.0), (46.0, 386.0), (-5.0, 333.0), (73.0, 336.0), (12.0, 198.0), (63.0, 198.0), (-4.0, 97.0), (77.0, 97.0), (-7.0, 12.0), (81.0, 14.0), (0, 0), (74.0, 3.0), (-21.0, -21.0), (94.0, -16.0)]
[(39.0, 378.0), (30.0, 386.0), (46.0, 386.0), (-5.0, 333.0), (73.0, 336.0), (12.0, 198.0), (63.0, 198.0), (-3.0, 97.0), (77.0, 97.0), (-7.0, 12.0), (81.0, 14.0), (0, 0), (74.0, 3.0), (-21.0, -21.0), (93.0, -16.0)]
[(39.0, 377.0), (30.0, 386.0), (46.0, 386.0), (-5.0, 333.0), (73.0, 336.0), (12.0, 198.0), (63.0, 198.0), (-3.0, 97.0), (77.0, 98.0), (-7.0, 12.0), (81.0, 14.0), (0, 0), (74.0, 3.0), (-20.0, -21.0), (93.0, -16.0)]
[(39.0, 377.0), (30.0, 385.0), (46.0, 386.0), (-5.0, 333.0), (73.0, 336.0), (13.0, 198.0), (63.0, 198.0), (-2.0, 97.0), (77.0, 98.0), (-7.0, 12.0), (81.0, 15.0), (0, 0), (74.0, 4.0), (-20.0, -22.0), (93.0, -16.0)]
[(39.0, 378.0), (30.0, 386.0), (46.0, 387.0), (-5.0, 334.0), (73.0, 337.0), (13.0, 198.0), (63.0, 199.0), (-3.0, 98.0), (77.0, 99.0), (-7.0, 13.0), (81.0, 15.0), (0, 0), (74.0, 5.0), (-20.0, -23.0), (93.0, -15.0)]
[(39.0, 378.0), (30.0, 386.0), (46.0, 387.0), (-5.0, 334.0), (73.0, 337.0), (13.0, 198.0), (63.0, 198.0), (-3.0, 98.0), (78.0, 99.0), (-7.0, 13.0), (81.0, 15.0), (0, 0), (74.0, 5.0), (-21.0, -23.0), (93.0, -15.0)]
[(39.0, 377.0), (30.0, 385.0), (46.0, 385.0), (-5.0, 333.0), (73.0, 336.0), (13.0, 196.0), (63.0, 197.0), (-3.0, 97.0), (79.0, 98.0), (-7.0, 13.0), (81.0, 14.0), (0, 0), (74.0, 4.0), (-21.0, -23.0), (93.0, -17.0)]
[(39.0, 375.0), (30.0, 383.0), (46.0, 384.0), (-6.0, 332.0), (73.0, 336.0), (13.0, 195.0), (64.0, 195.0), (-3.0, 97.0), (79.0, 97.0), (-7.0, 13.0), (81.0, 14.0), (0, 0), (74.0, 4.0), (-20.0, -23.0), (93.0, -17.0)]
[(39.0, 372.0), (30.0, 381.0), (47.0, 382.0), (-6.0, 331.0), (74.0, 334.0), (14.0, 194.0), (65.0, 193.0), (-2.0, 96.0), (81.0, 95.0), (-7.0, 13.0), (82.0, 13.0), (0, 0), (75.0, 3.0), (-18.0, -23.0), (94.0, -18.0)]
[(39.0, 371.0), (30.0, 380.0), (47.0, 381.0), (-6.0, 329.0), (74.0, 333.0), (14.0, 192.0), (65.0, 192.0), (-2.0, 95.0), (81.0, 94.0), (-6.0, 13.0), (82.0, 13.0), (0, 0), (75.0, 3.0), (-17.0, -23.0), (94.0, -18.0)]
[(37.0, 368.0), (29.0, 376.0), (45.0, 377.0), (-7.0, 327.0), (73.0, 331.0), (13.0, 189.0), (65.0, 189.0), (-4.0, 92.0), (80.0, 91.0), (-6.0, 13.0), (81.0, 12.0), (0, 0), (74.0, 3.0), (-17.0, -23.0), (92.0, -20.0)]
[(37.0, 363.0), (29.0, 372.0), (45.0, 372.0), (-7.0, 324.0), (73.0, 327.0), (12.0, 185.0), (65.0, 186.0), (-5.0, 90.0), (82.0, 88.0), (-6.0, 13.0), (82.0, 11.0), (0, 0), (75.0, 2.0), (-17.0, -22.0), (92.0, -21.0)]
[(37.0, 361.0), (28.0, 370.0), (44.0, 369.0), (-8.0, 322.0), (73.0, 326.0), (12.0, 183.0), (65.0, 184.0), (-5.0, 89.0), (82.0, 87.0), (-6.0, 13.0), (82.0, 10.0), (0, 0), (75.0, 1.0), (-17.0, -22.0), (92.0, -22.0)]
[(36.0, 359.0), (27.0, 367.0), (43.0, 367.0), (-9.0, 321.0), (72.0, 323.0), (11.0, 179.0), (64.0, 181.0), (-9.0, 88.0), (81.0, 86.0), (-7.0, 13.0), (81.0, 10.0), (0, 0), (74.0, 1.0), (-18.0, -22.0), (91.0, -22.0)]
[(36.0, 355.0), (27.0, 364.0), (43.0, 364.0), (-9.0, 318.0), (72.0, 320.0), (11.0, 177.0), (64.0, 179.0), (-10.0, 88.0), (82.0, 86.0), (-6.0, 13.0), (81.0, 12.0), (0, 0), (74.0, 2.0), (-18.0, -21.0), (91.0, -21.0)]
[(36.0, 350.0), (27.0, 359.0), (43.0, 359.0), (-9.0, 315.0), (71.0, 317.0), (11.0, 175.0), (64.0, 177.0), (-13.0, 87.0), (82.0, 86.0), (-7.0, 13.0), (81.0, 13.0), (0, 0), (74.0, 4.0), (-20.0, -20.0), (91.0, -20.0)]
[(35.0, 349.0), (25.0, 357.0), (42.0, 357.0), (-10.0, 312.0), (71.0, 316.0), (9.0, 174.0), (63.0, 175.0), (-14.0, 87.0), (82.0, 86.0), (-8.0, 13.0), (80.0, 14.0), (0, 0), (73.0, 5.0), (-21.0, -19.0), (90.0, -19.0)]
[(34.0, 343.0), (25.0, 351.0), (41.0, 351.0), (-10.0, 310.0), (70.0, 313.0), (9.0, 171.0), (63.0, 173.0), (-14.0, 86.0), (83.0, 83.0), (-8.0, 11.0), (80.0, 13.0), (0, 0), (73.0, 3.0), (-21.0, -19.0), (91.0, -19.0)]
[(33.0, 330.0), (24.0, 338.0), (40.0, 337.0), (-9.0, 296.0), (69.0, 302.0), (8.0, 166.0), (62.0, 167.0), (-17.0, 87.0), (84.0, 81.0), (-9.0, 12.0), (79.0, 14.0), (0, 0), (71.0, 5.0), (-24.0, -18.0), (90.0, -19.0)]
[(33.0, 324.0), (24.0, 333.0), (40.0, 332.0), (-9.0, 295.0), (68.0, 298.0), (9.0, 165.0), (62.0, 165.0), (-18.0, 87.0), (86.0, 82.0), (-9.0, 12.0), (80.0, 15.0), (0, 0), (73.0, 7.0), (-24.0, -16.0), (91.0, -17.0)]
[(31.0, 317.0), (22.0, 325.0), (38.0, 325.0), (-10.0, 287.0), (67.0, 293.0), (8.0, 160.0), (61.0, 161.0), (-23.0, 84.0), (85.0, 78.0), (-10.0, 12.0), (79.0, 12.0), (0, 0), (72.0, 5.0), (-28.0, -17.0), (90.0, -19.0)]
[(32.0, 309.0), (23.0, 317.0), (39.0, 317.0), (-7.0, 280.0), (68.0, 286.0), (10.0, 156.0), (63.0, 156.0), (-23.0, 83.0), (87.0, 78.0), (-11.0, 12.0), (80.0, 11.0), (0, 0), (73.0, 4.0), (-27.0, -17.0), (91.0, -20.0)]
[(32.0, 300.0), (23.0, 309.0), (39.0, 309.0), (-6.0, 273.0), (69.0, 279.0), (10.0, 150.0), (63.0, 151.0), (-25.0, 80.0), (88.0, 77.0), (-11.0, 12.0), (80.0, 10.0), (0, 0), (72.0, 3.0), (-28.0, -20.0), (91.0, -22.0)]
[(31.0, 299.0), (22.0, 307.0), (38.0, 306.0), (-4.0, 270.0), (69.0, 277.0), (10.0, 150.0), (63.0, 151.0), (-27.0, 79.0), (88.0, 77.0), (-11.0, 11.0), (80.0, 9.0), (0, 0), (72.0, 2.0), (-27.0, -22.0), (91.0, -23.0)]
[(32.0, 292.0), (23.0, 300.0), (40.0, 299.0), (-4.0, 265.0), (69.0, 270.0), (10.0, 148.0), (63.0, 148.0), (-28.0, 79.0), (88.0, 77.0), (-11.0, 10.0), (80.0, 10.0), (0, 0), (72.0, 2.0), (-28.0, -23.0), (91.0, -23.0)]
[(31.0, 286.0), (23.0, 295.0), (39.0, 294.0), (-4.0, 261.0), (69.0, 265.0), (9.0, 146.0), (62.0, 146.0), (-29.0, 78.0), (88.0, 75.0), (-12.0, 10.0), (79.0, 10.0), (0, 0), (71.0, 2.0), (-30.0, -23.0), (90.0, -23.0)]
[(31.0, 256.0), (23.0, 265.0), (39.0, 264.0), (-5.0, 234.0), (68.0, 236.0), (10.0, 133.0), (61.0, 134.0), (-32.0, 79.0), (88.0, 74.0), (-11.0, 11.0), (78.0, 10.0), (0, 0), (70.0, 2.0), (-31.0, -21.0), (88.0, -21.0)]
[(31.0, 237.0), (23.0, 246.0), (39.0, 246.0), (-5.0, 217.0), (68.0, 221.0), (10.0, 123.0), (61.0, 124.0), (-33.0, 78.0), (91.0, 74.0), (-11.0, 11.0), (77.0, 9.0), (0, 0), (68.0, 2.0), (-30.0, -20.0), (88.0, -21.0)]
[(32.0, 236.0), (23.0, 246.0), (40.0, 246.0), (-5.0, 214.0), (68.0, 219.0), (10.0, 123.0), (61.0, 123.0), (-34.0, 81.0), (93.0, 78.0), (-11.0, 13.0), (76.0, 12.0), (0, 0), (68.0, 4.0), (-30.0, -18.0), (87.0, -18.0)]
[(33.0, 231.0), (24.0, 240.0), (41.0, 240.0), (-3.0, 211.0), (70.0, 214.0), (11.0, 120.0), (62.0, 120.0), (-33.0, 82.0), (95.0, 79.0), (-10.0, 13.0), (77.0, 13.0), (0, 0), (69.0, 5.0), (-29.0, -17.0), (87.0, -17.0)]
[(33.0, 225.0), (25.0, 233.0), (41.0, 234.0), (-2.0, 207.0), (70.0, 209.0), (11.0, 117.0), (62.0, 116.0), (-33.0, 82.0), (96.0, 80.0), (-10.0, 13.0), (76.0, 13.0), (0, 0), (68.0, 4.0), (-29.0, -16.0), (86.0, -17.0)]
[(33.0, 223.0), (25.0, 232.0), (41.0, 232.0), (-1.0, 205.0), (69.0, 206.0), (11.0, 117.0), (61.0, 115.0), (-32.0, 81.0), (95.0, 79.0), (-9.0, 12.0), (76.0, 12.0), (0, 0), (68.0, 3.0), (-28.0, -16.0), (88.0, -17.0)]
[(35.0, 221.0), (26.0, 229.0), (43.0, 230.0), (-0.0, 203.0), (70.0, 204.0), (11.0, 119.0), (61.0, 117.0), (-32.0, 82.0), (95.0, 80.0), (-9.0, 13.0), (76.0, 13.0), (0, 0), (68.0, 3.0), (-28.0, -16.0), (88.0, -16.0)]
[(36.0, 217.0), (27.0, 225.0), (44.0, 226.0), (1.0, 200.0), (70.0, 200.0), (11.0, 116.0), (61.0, 114.0), (-32.0, 83.0), (95.0, 80.0), (-9.0, 13.0), (76.0, 13.0), (0, 0), (68.0, 3.0), (-28.0, -15.0), (88.0, -16.0)]
[(37.0, 215.0), (27.0, 223.0), (45.0, 224.0), (-0.0, 197.0), (70.0, 198.0), (12.0, 115.0), (61.0, 114.0), (-32.0, 84.0), (96.0, 81.0), (-9.0, 13.0), (76.0, 13.0), (0, 0), (68.0, 3.0), (-28.0, -14.0), (88.0, -15.0)]
[(36.0, 211.0), (27.0, 220.0), (44.0, 220.0), (-0.0, 196.0), (69.0, 195.0), (11.0, 114.0), (60.0, 112.0), (-32.0, 83.0), (95.0, 81.0), (-10.0, 13.0), (75.0, 14.0), (0, 0), (68.0, 3.0), (-30.0, -14.0), (87.0, -15.0)]
[(36.0, 211.0), (27.0, 218.0), (44.0, 219.0), (-0.0, 195.0), (69.0, 194.0), (11.0, 112.0), (60.0, 111.0), (-32.0, 83.0), (95.0, 81.0), (-9.0, 13.0), (75.0, 14.0), (0, 0), (68.0, 3.0), (-30.0, -14.0), (88.0, -14.0)]
[(36.0, 210.0), (27.0, 218.0), (45.0, 219.0), (-0.0, 194.0), (70.0, 193.0), (11.0, 111.0), (60.0, 110.0), (-32.0, 84.0), (95.0, 81.0), (-9.0, 13.0), (75.0, 14.0), (0, 0), (67.0, 2.0), (-30.0, -14.0), (89.0, -14.0)]
[(36.0, 212.0), (28.0, 219.0), (45.0, 220.0), (-0.0, 195.0), (70.0, 193.0), (11.0, 111.0), (60.0, 109.0), (-32.0, 84.0), (96.0, 81.0), (-9.0, 13.0), (75.0, 14.0), (0, 0), (67.0, 3.0), (-30.0, -15.0), (90.0, -15.0)]
[(36.0, 215.0), (27.0, 223.0), (45.0, 224.0), (-0.0, 197.0), (71.0, 195.0), (11.0, 113.0), (61.0, 111.0), (-32.0, 83.0), (96.0, 81.0), (-9.0, 13.0), (76.0, 14.0), (0, 0), (69.0, 3.0), (-30.0, -15.0), (89.0, -15.0)]
[(36.0, 217.0), (27.0, 225.0), (45.0, 226.0), (-0.0, 198.0), (71.0, 198.0), (11.0, 113.0), (61.0, 111.0), (-30.0, 83.0), (94.0, 82.0), (-8.0, 13.0), (76.0, 14.0), (0, 0), (70.0, 4.0), (-29.0, -15.0), (88.0, -15.0)]
[(36.0, 222.0), (27.0, 229.0), (44.0, 230.0), (-1.0, 199.0), (70.0, 201.0), (10.0, 116.0), (61.0, 115.0), (-31.0, 83.0), (91.0, 82.0), (-9.0, 13.0), (75.0, 15.0), (0, 0), (69.0, 4.0), (-30.0, -15.0), (87.0, -15.0)]
[(36.0, 224.0), (27.0, 231.0), (44.0, 232.0), (-1.0, 200.0), (70.0, 203.0), (11.0, 117.0), (61.0, 117.0), (-30.0, 83.0), (91.0, 83.0), (-9.0, 13.0), (76.0, 15.0), (0, 0), (70.0, 5.0), (-30.0, -14.0), (87.0, -15.0)]
[(36.0, 228.0), (27.0, 235.0), (44.0, 236.0), (-1.0, 204.0), (69.0, 207.0), (11.0, 121.0), (61.0, 121.0), (-30.0, 83.0), (89.0, 82.0), (-9.0, 13.0), (77.0, 16.0), (0, 0), (70.0, 6.0), (-29.0, -15.0), (87.0, -16.0)]
[(37.0, 233.0), (28.0, 240.0), (45.0, 242.0), (1.0, 210.0), (69.0, 212.0), (11.0, 126.0), (61.0, 126.0), (-27.0, 82.0), (88.0, 81.0), (-8.0, 13.0), (77.0, 15.0), (0, 0), (71.0, 5.0), (-28.0, -16.0), (87.0, -17.0)]
[(38.0, 240.0), (29.0, 248.0), (46.0, 248.0), (2.0, 217.0), (71.0, 219.0), (12.0, 131.0), (62.0, 131.0), (-23.0, 82.0), (88.0, 81.0), (-8.0, 13.0), (78.0, 14.0), (0, 0), (71.0, 3.0), (-27.0, -16.0), (88.0, -17.0)]
[(38.0, 250.0), (29.0, 257.0), (46.0, 258.0), (2.0, 225.0), (71.0, 226.0), (12.0, 136.0), (62.0, 137.0), (-21.0, 83.0), (86.0, 82.0), (-8.0, 14.0), (78.0, 15.0), (0, 0), (72.0, 4.0), (-27.0, -14.0), (88.0, -16.0)]
[(39.0, 261.0), (30.0, 268.0), (46.0, 268.0), (3.0, 234.0), (72.0, 233.0), (13.0, 141.0), (62.0, 142.0), (-20.0, 85.0), (85.0, 87.0), (-8.0, 15.0), (78.0, 16.0), (0, 0), (72.0, 5.0), (-27.0, -13.0), (88.0, -15.0)]
[(39.0, 272.0), (30.0, 279.0), (46.0, 279.0), (3.0, 243.0), (73.0, 242.0), (13.0, 149.0), (63.0, 150.0), (-18.0, 88.0), (84.0, 93.0), (-8.0, 15.0), (78.0, 16.0), (0, 0), (72.0, 6.0), (-28.0, -12.0), (88.0, -14.0)]
[(39.0, 280.0), (30.0, 288.0), (46.0, 287.0), (3.0, 251.0), (73.0, 251.0), (14.0, 154.0), (63.0, 155.0), (-15.0, 92.0), (82.0, 94.0), (-8.0, 14.0), (78.0, 16.0), (0, 0), (72.0, 6.0), (-28.0, -12.0), (86.0, -14.0)]
[(39.0, 291.0), (30.0, 297.0), (46.0, 298.0), (3.0, 258.0), (74.0, 259.0), (15.0, 159.0), (63.0, 160.0), (-14.0, 93.0), (80.0, 96.0), (-8.0, 14.0), (78.0, 17.0), (0, 0), (72.0, 7.0), (-27.0, -13.0), (86.0, -14.0)]
[(40.0, 310.0), (31.0, 317.0), (47.0, 317.0), (4.0, 277.0), (75.0, 276.0), (16.0, 166.0), (65.0, 166.0), (-9.0, 94.0), (80.0, 93.0), (-8.0, 13.0), (78.0, 16.0), (0, 0), (72.0, 6.0), (-25.0, -14.0), (87.0, -15.0)]
[(40.0, 336.0), (32.0, 343.0), (48.0, 343.0), (3.0, 298.0), (77.0, 297.0), (16.0, 179.0), (65.0, 178.0), (-5.0, 93.0), (79.0, 91.0), (-7.0, 13.0), (77.0, 15.0), (0, 0), (71.0, 5.0), (-25.0, -16.0), (87.0, -16.0)]
[(41.0, 345.0), (32.0, 353.0), (49.0, 351.0), (2.0, 308.0), (77.0, 305.0), (16.0, 182.0), (66.0, 182.0), (-4.0, 92.0), (79.0, 89.0), (-7.0, 13.0), (77.0, 14.0), (0, 0), (71.0, 4.0), (-23.0, -17.0), (87.0, -16.0)]