[(26.0, 348.0), (18.0, 357.0), (33.0, 357.0), (-18.0, 307.0), (63.0, 307.0), (2.0, 180.0), (50.0, 181.0), (-14.0, 92.0), (60.0, 87.0), (-9.0, 13.0), (58.0, 14.0), (0, 0), (50.0, 6.0), (-29.0, -19.0), (64.0, -18.0)]
[(26.0, 357.0), (18.0, 365.0), (33.0, 365.0), (-20.0, 313.0), (63.0, 313.0), (1.0, 184.0), (51.0, 185.0), (-13.0, 93.0), (60.0, 90.0), (-9.0, 13.0), (58.0, 15.0), (0, 0), (51.0, 7.0), (-29.0, -19.0), (65.0, -18.0)]
[(26.0, 363.0), (17.0, 371.0), (33.0, 371.0), (-21.0, 318.0), (63.0, 315.0), (1.0, 185.0), (51.0, 187.0), (-13.0, 93.0), (61.0, 93.0), (-9.0, 13.0), (60.0, 15.0), (0, 0), (53.0, 6.0), (-30.0, -19.0), (65.0, -18.0)]
[(27.0, 367.0), (18.0, 375.0), (34.0, 376.0), (-20.0, 318.0), (65.0, 316.0), (1.0, 188.0), (52.0, 189.0), (-12.0, 93.0), (63.0, 94.0), (-9.0, 13.0), (61.0, 15.0), (0, 0), (54.0, 6.0), (-30.0, -18.0), (67.0, -18.0)]
[(26.0, 370.0), (17.0, 378.0), (33.0, 379.0), (-21.0, 317.0), (65.0, 317.0), (-1.0, 188.0), (49.0, 190.0), (-13.0, 94.0), (62.0, 95.0), (-9.0, 14.0), (60.0, 15.0), (0, 0), (53.0, 6.0), (-32.0, -18.0), (66.0, -18.0)]
[(26.0, 372.0), (17.0, 380.0), (34.0, 380.0), (-21.0, 316.0), (66.0, 319.0), (-0.0, 187.0), (50.0, 190.0), (-11.0, 95.0), (62.0, 95.0), (-9.0, 14.0), (61.0, 15.0), (0, 0), (54.0, 6.0), (-31.0, -18.0), (66.0, -18.0)]
[(26.0, 373.0), (17.0, 381.0), (34.0, 381.0), (-20.0, 316.0), (66.0, 319.0), (-0.0, 188.0), (50.0, 191.0), (-9.0, 96.0), (61.0, 98.0), (-9.0, 14.0), (61.0, 16.0), (0, 0), (55.0, 7.0), (-30.0, -18.0), (66.0, -17.0)]
[(26.0, 373.0), (17.0, 380.0), (34.0, 381.0), (-20.0, 316.0), (67.0, 319.0), (1.0, 188.0), (50.0, 191.0), (-5.0, 97.0), (60.0, 101.0), (-9.0, 14.0), (61.0, 18.0), (0, 0), (55.0, 8.0), (-30.0, -19.0), (66.0, -16.0)]
[(26.0, 373.0), (17.0, 381.0), (34.0, 381.0), (-20.0, 317.0), (67.0, 319.0), (1.0, 190.0), (50.0, 192.0), (-4.0, 99.0), (59.0, 102.0), (-8.0, 14.0), (61.0, 19.0), (0, 0), (55.0, 9.0), (-29.0, -18.0), (66.0, -15.0)]
[(26.0, 373.0), (17.0, 381.0), (34.0, 382.0), (-20.0, 317.0), (67.0, 318.0), (-1.0, 191.0), (49.0, 192.0), (-5.0, 99.0), (59.0, 103.0), (-8.0, 14.0), (61.0, 19.0), (0, 0), (56.0, 10.0), (-29.0, -19.0), (66.0, -15.0)]
[(26.0, 372.0), (17.0, 380.0), (34.0, 381.0), (-20.0, 317.0), (67.0, 316.0), (-2.0, 189.0), (48.0, 191.0), (-6.0, 98.0), (59.0, 103.0), (-7.0, 13.0), (61.0, 18.0), (0, 0), (56.0, 10.0), (-28.0, -21.0), (66.0, -16.0)]
[(25.0, 372.0), (16.0, 380.0), (33.0, 381.0), (-21.0, 316.0), (66.0, 316.0), (-3.0, 189.0), (46.0, 190.0), (-8.0, 98.0), (58.0, 103.0), (-8.0, 13.0), (60.0, 19.0), (0, 0), (55.0, 10.0), (-29.0, -21.0), (64.0, -16.0)]
[(25.0, 372.0), (16.0, 381.0), (33.0, 381.0), (-21.0, 315.0), (66.0, 315.0), (-3.0, 188.0), (46.0, 190.0), (-9.0, 97.0), (57.0, 102.0), (-8.0, 13.0), (60.0, 18.0), (0, 0), (55.0, 10.0), (-30.0, -21.0), (64.0, -17.0)]
[(25.0, 373.0), (16.0, 381.0), (33.0, 381.0), (-21.0, 316.0), (66.0, 315.0), (-3.0, 188.0), (46.0, 190.0), (-10.0, 96.0), (57.0, 101.0), (-8.0, 12.0), (58.0, 18.0), (0, 0), (54.0, 9.0), (-30.0, -21.0), (64.0, -17.0)]
[(24.0, 372.0), (16.0, 381.0), (33.0, 381.0), (-21.0, 315.0), (66.0, 315.0), (-4.0, 188.0), (46.0, 190.0), (-11.0, 96.0), (57.0, 100.0), (-8.0, 12.0), (58.0, 18.0), (0, 0), (54.0, 9.0), (-30.0, -21.0), (64.0, -17.0)]
[(25.0, 374.0), (17.0, 382.0), (34.0, 382.0), (-20.0, 316.0), (67.0, 316.0), (-3.0, 188.0), (47.0, 191.0), (-10.0, 96.0), (58.0, 99.0), (-8.0, 12.0), (59.0, 18.0), (0, 0), (54.0, 9.0), (-29.0, -21.0), (65.0, -17.0)]
[(25.0, 373.0), (17.0, 382.0), (34.0, 382.0), (-20.0, 316.0), (67.0, 316.0), (-3.0, 188.0), (47.0, 190.0), (-12.0, 94.0), (59.0, 97.0), (-8.0, 11.0), (59.0, 17.0), (0, 0), (54.0, 8.0), (-29.0, -21.0), (66.0, -18.0)]
[(24.0, 373.0), (16.0, 381.0), (33.0, 382.0), (-20.0, 317.0), (67.0, 316.0), (-3.0, 188.0), (47.0, 190.0), (-12.0, 94.0), (59.0, 97.0), (-8.0, 11.0), (59.0, 17.0), (0, 0), (53.0, 7.0), (-29.0, -21.0), (66.0, -18.0)]
[(24.0, 373.0), (16.0, 382.0), (33.0, 382.0), (-20.0, 317.0), (67.0, 316.0), (-3.0, 188.0), (46.0, 190.0), (-13.0, 94.0), (59.0, 96.0), (-8.0, 11.0), (59.0, 17.0), (0, 0), (53.0, 7.0), (-29.0, -21.0), (66.0, -18.0)]
[(24.0, 373.0), (16.0, 382.0), (33.0, 382.0), (-20.0, 316.0), (67.0, 316.0), (-3.0, 188.0), (46.0, 190.0), (-12.0, 94.0), (59.0, 97.0), (-8.0, 11.0), (59.0, 16.0), (0, 0), (53.0, 7.0), (-28.0, -21.0), (66.0, -18.0)]
[(24.0, 373.0), (16.0, 382.0), (33.0, 382.0), (-20.0, 316.0), (66.0, 316.0), (-3.0, 188.0), (46.0, 190.0), (-12.0, 94.0), (56.0, 97.0), (-8.0, 11.0), (58.0, 16.0), (0, 0), (52.0, 7.0), (-28.0, -21.0), (66.0, -18.0)]
[(24.0, 374.0), (16.0, 382.0), (33.0, 382.0), (-20.0, 316.0), (66.0, 317.0), (-3.0, 188.0), (46.0, 190.0), (-12.0, 94.0), (56.0, 97.0), (-8.0, 11.0), (57.0, 16.0), (0, 0), (52.0, 7.0), (-28.0, -21.0), (66.0, -18.0)]
[(24.0, 373.0), (16.0, 382.0), (33.0, 382.0), (-21.0, 316.0), (66.0, 318.0), (-3.0, 186.0), (46.0, 189.0), (-12.0, 93.0), (56.0, 96.0), (-8.0, 10.0), (57.0, 16.0), (0, 0), (52.0, 7.0), (-28.0, -21.0), (66.0, -18.0)]
[(23.0, 375.0), (15.0, 383.0), (32.0, 383.0), (-21.0, 317.0), (65.0, 320.0), (-3.0, 187.0), (46.0, 190.0), (-12.0, 93.0), (57.0, 96.0), (-8.0, 11.0), (58.0, 17.0), (0, 0), (52.0, 8.0), (-28.0, -20.0), (66.0, -17.0)]
[(23.0, 375.0), (15.0, 383.0), (32.0, 383.0), (-22.0, 317.0), (65.0, 321.0), (-3.0, 187.0), (46.0, 190.0), (-13.0, 93.0), (58.0, 96.0), (-8.0, 11.0), (58.0, 17.0), (0, 0), (52.0, 8.0), (-28.0, -20.0), (66.0, -17.0)]
[(22.0, 375.0), (14.0, 383.0), (31.0, 383.0), (-23.0, 317.0), (64.0, 321.0), (-4.0, 187.0), (45.0, 190.0), (-15.0, 93.0), (58.0, 96.0), (-9.0, 11.0), (57.0, 17.0), (0, 0), (51.0, 8.0), (-30.0, -20.0), (65.0, -17.0)]
[(22.0, 374.0), (14.0, 382.0), (31.0, 383.0), (-23.0, 320.0), (63.0, 322.0), (-5.0, 188.0), (45.0, 190.0), (-14.0, 93.0), (58.0, 96.0), (-9.0, 12.0), (58.0, 17.0), (0, 0), (52.0, 8.0), (-30.0, -20.0), (65.0, -18.0)]
[(22.0, 373.0), (13.0, 382.0), (31.0, 382.0), (-23.0, 323.0), (60.0, 322.0), (-4.0, 188.0), (45.0, 190.0), (-14.0, 94.0), (59.0, 97.0), (-9.0, 12.0), (58.0, 18.0), (0, 0), (53.0, 8.0), (-30.0, -20.0), (65.0, -17.0)]
[(21.0, 371.0), (13.0, 380.0), (30.0, 381.0), (-23.0, 324.0), (58.0, 324.0), (-4.0, 189.0), (45.0, 190.0), (-14.0, 94.0), (59.0, 97.0), (-9.0, 12.0), (59.0, 18.0), (0, 0), (54.0, 8.0), (-30.0, -20.0), (65.0, -17.0)]
[(21.0, 369.0), (12.0, 378.0), (30.0, 378.0), (-23.0, 324.0), (57.0, 324.0), (-4.0, 189.0), (46.0, 189.0), (-15.0, 94.0), (60.0, 95.0), (-9.0, 12.0), (59.0, 17.0), (0, 0), (53.0, 8.0), (-30.0, -19.0), (65.0, -18.0)]
[(21.0, 364.0), (12.0, 373.0), (29.0, 372.0), (-23.0, 322.0), (57.0, 323.0), (-4.0, 187.0), (46.0, 187.0), (-16.0, 92.0), (60.0, 91.0), (-9.0, 12.0), (58.0, 16.0), (0, 0), (52.0, 7.0), (-30.0, -20.0), (65.0, -19.0)]
[(21.0, 360.0), (12.0, 369.0), (29.0, 369.0), (-23.0, 321.0), (57.0, 321.0), (-4.0, 185.0), (46.0, 184.0), (-17.0, 90.0), (60.0, 87.0), (-9.0, 11.0), (58.0, 14.0), (0, 0), (51.0, 6.0), (-30.0, -21.0), (65.0, -20.0)]
[(22.0, 357.0), (13.0, 365.0), (30.0, 365.0), (-22.0, 317.0), (58.0, 316.0), (-3.0, 182.0), (47.0, 181.0), (-18.0, 88.0), (61.0, 85.0), (-9.0, 11.0), (58.0, 13.0), (0, 0), (51.0, 6.0), (-29.0, -22.0), (66.0, -20.0)]
[(22.0, 352.0), (14.0, 360.0), (30.0, 359.0), (-21.0, 313.0), (60.0, 311.0), (-3.0, 177.0), (48.0, 177.0), (-19.0, 87.0), (62.0, 83.0), (-10.0, 11.0), (59.0, 12.0), (0, 0), (51.0, 4.0), (-29.0, -23.0), (67.0, -21.0)]
[(22.0, 337.0), (14.0, 345.0), (30.0, 345.0), (-21.0, 299.0), (59.0, 299.0), (-3.0, 167.0), (48.0, 167.0), (-22.0, 84.0), (64.0, 80.0), (-10.0, 12.0), (59.0, 12.0), (0, 0), (51.0, 5.0), (-29.0, -22.0), (67.0, -21.0)]
[(23.0, 317.0), (14.0, 327.0), (31.0, 327.0), (-19.0, 283.0), (58.0, 286.0), (-2.0, 159.0), (49.0, 160.0), (-22.0, 80.0), (67.0, 77.0), (-10.0, 11.0), (60.0, 11.0), (0, 0), (52.0, 3.0), (-28.0, -22.0), (69.0, -21.0)]
[(22.0, 308.0), (14.0, 317.0), (30.0, 318.0), (-18.0, 278.0), (59.0, 280.0), (-2.0, 159.0), (49.0, 158.0), (-23.0, 80.0), (67.0, 76.0), (-10.0, 10.0), (60.0, 11.0), (0, 0), (52.0, 3.0), (-28.0, -22.0), (69.0, -22.0)]
[(22.0, 300.0), (14.0, 309.0), (30.0, 309.0), (-17.0, 271.0), (59.0, 273.0), (-2.0, 156.0), (49.0, 156.0), (-26.0, 77.0), (68.0, 77.0), (-9.0, 10.0), (60.0, 11.0), (0, 0), (52.0, 4.0), (-28.0, -22.0), (69.0, -22.0)]
[(20.0, 286.0), (12.0, 295.0), (27.0, 295.0), (-18.0, 264.0), (57.0, 266.0), (-2.0, 151.0), (48.0, 152.0), (-29.0, 75.0), (67.0, 76.0), (-10.0, 10.0), (59.0, 11.0), (0, 0), (51.0, 4.0), (-28.0, -22.0), (68.0, -22.0)]
[(19.0, 280.0), (12.0, 289.0), (27.0, 288.0), (-18.0, 257.0), (57.0, 258.0), (-2.0, 145.0), (48.0, 146.0), (-32.0, 72.0), (68.0, 72.0), (-10.0, 10.0), (59.0, 9.0), (0, 0), (51.0, 1.0), (-29.0, -23.0), (67.0, -23.0)]
[(17.0, 273.0), (10.0, 281.0), (24.0, 281.0), (-19.0, 250.0), (55.0, 251.0), (-4.0, 142.0), (46.0, 143.0), (-37.0, 74.0), (66.0, 73.0), (-12.0, 11.0), (57.0, 9.0), (0, 0), (49.0, 1.0), (-31.0, -21.0), (65.0, -22.0)]
[(17.0, 262.0), (10.0, 271.0), (24.0, 271.0), (-19.0, 241.0), (55.0, 243.0), (-4.0, 140.0), (46.0, 141.0), (-38.0, 75.0), (66.0, 73.0), (-12.0, 11.0), (57.0, 9.0), (0, 0), (49.0, 1.0), (-31.0, -21.0), (65.0, -22.0)]
[(17.0, 254.0), (10.0, 262.0), (24.0, 262.0), (-18.0, 236.0), (54.0, 236.0), (-4.0, 135.0), (45.0, 136.0), (-38.0, 75.0), (66.0, 74.0), (-12.0, 11.0), (58.0, 8.0), (0, 0), (50.0, 0.0), (-30.0, -21.0), (64.0, -21.0)]
[(17.0, 246.0), (10.0, 254.0), (24.0, 254.0), (-18.0, 224.0), (54.0, 227.0), (-3.0, 132.0), (45.0, 133.0), (-40.0, 75.0), (66.0, 74.0), (-12.0, 11.0), (57.0, 8.0), (0, 0), (49.0, -2.0), (-30.0, -21.0), (64.0, -22.0)]
[(16.0, 236.0), (9.0, 244.0), (23.0, 245.0), (-18.0, 218.0), (53.0, 221.0), (-4.0, 127.0), (44.0, 128.0), (-41.0, 75.0), (65.0, 71.0), (-12.0, 10.0), (56.0, 8.0), (0, 0), (48.0, -2.0), (-30.0, -21.0), (62.0, -22.0)]
[(18.0, 236.0), (10.0, 244.0), (25.0, 246.0), (-17.0, 218.0), (53.0, 219.0), (-4.0, 128.0), (44.0, 128.0), (-41.0, 75.0), (65.0, 71.0), (-11.0, 10.0), (55.0, 8.0), (0, 0), (48.0, -1.0), (-30.0, -21.0), (61.0, -22.0)]
[(18.0, 229.0), (10.0, 237.0), (25.0, 237.0), (-17.0, 211.0), (52.0, 213.0), (-3.0, 123.0), (44.0, 124.0), (-42.0, 75.0), (67.0, 71.0), (-11.0, 10.0), (55.0, 8.0), (0, 0), (48.0, 0.0), (-30.0, -21.0), (61.0, -21.0)]
[(20.0, 216.0), (12.0, 224.0), (28.0, 224.0), (-15.0, 199.0), (55.0, 199.0), (-1.0, 116.0), (46.0, 116.0), (-42.0, 75.0), (72.0, 72.0), (-10.0, 10.0), (57.0, 8.0), (0, 0), (49.0, 0.0), (-28.0, -21.0), (64.0, -22.0)]
[(22.0, 212.0), (14.0, 220.0), (29.0, 221.0), (-14.0, 194.0), (56.0, 193.0), (-0.0, 113.0), (47.0, 112.0), (-42.0, 75.0), (76.0, 74.0), (-9.0, 10.0), (58.0, 8.0), (0, 0), (50.0, 0.0), (-28.0, -21.0), (66.0, -22.0)]
[(21.0, 206.0), (14.0, 214.0), (29.0, 215.0), (-13.0, 191.0), (55.0, 190.0), (-0.0, 110.0), (47.0, 109.0), (-42.0, 77.0), (76.0, 77.0), (-10.0, 11.0), (58.0, 10.0), (0, 0), (50.0, 2.0), (-28.0, -20.0), (66.0, -20.0)]
[(21.0, 206.0), (14.0, 213.0), (30.0, 214.0), (-13.0, 190.0), (55.0, 188.0), (-0.0, 109.0), (46.0, 108.0), (-42.0, 77.0), (76.0, 77.0), (-10.0, 11.0), (58.0, 10.0), (0, 0), (50.0, 2.0), (-29.0, -20.0), (65.0, -19.0)]
[(22.0, 205.0), (14.0, 213.0), (30.0, 213.0), (-13.0, 188.0), (55.0, 185.0), (-1.0, 108.0), (46.0, 107.0), (-41.0, 77.0), (76.0, 77.0), (-10.0, 11.0), (58.0, 10.0), (0, 0), (50.0, 2.0), (-29.0, -20.0), (65.0, -19.0)]
[(22.0, 208.0), (14.0, 215.0), (30.0, 215.0), (-13.0, 190.0), (55.0, 187.0), (-1.0, 109.0), (46.0, 110.0), (-41.0, 79.0), (75.0, 78.0), (-10.0, 12.0), (58.0, 12.0), (0, 0), (50.0, 4.0), (-29.0, -18.0), (65.0, -17.0)]
[(22.0, 209.0), (14.0, 216.0), (30.0, 217.0), (-13.0, 191.0), (56.0, 188.0), (-1.0, 110.0), (46.0, 110.0), (-40.0, 79.0), (74.0, 78.0), (-10.0, 11.0), (58.0, 12.0), (0, 0), (51.0, 3.0), (-29.0, -18.0), (65.0, -17.0)]
[(20.0, 216.0), (12.0, 221.0), (28.0, 223.0), (-14.0, 193.0), (54.0, 191.0), (-1.0, 118.0), (45.0, 119.0), (-35.0, 80.0), (67.0, 79.0), (-10.0, 11.0), (56.0, 12.0), (0, 0), (50.0, 3.0), (-30.0, -17.0), (63.0, -17.0)]
[(20.0, 228.0), (13.0, 235.0), (29.0, 236.0), (-14.0, 203.0), (54.0, 206.0), (-0.0, 127.0), (45.0, 128.0), (-31.0, 85.0), (63.0, 86.0), (-10.0, 11.0), (56.0, 13.0), (0, 0), (50.0, 3.0), (-30.0, -17.0), (64.0, -17.0)]
[(21.0, 248.0), (13.0, 255.0), (29.0, 255.0), (-13.0, 226.0), (54.0, 225.0), (-0.0, 139.0), (47.0, 141.0), (-26.0, 85.0), (58.0, 87.0), (-10.0, 11.0), (56.0, 13.0), (0, 0), (51.0, 3.0), (-30.0, -17.0), (64.0, -17.0)]
[(21.0, 259.0), (14.0, 266.0), (29.0, 266.0), (-13.0, 234.0), (55.0, 233.0), (-0.0, 145.0), (47.0, 146.0), (-22.0, 90.0), (54.0, 94.0), (-10.0, 11.0), (56.0, 12.0), (0, 0), (51.0, 3.0), (-30.0, -17.0), (64.0, -16.0)]
[(22.0, 270.0), (14.0, 277.0), (29.0, 277.0), (-12.0, 242.0), (56.0, 240.0), (-0.0, 149.0), (47.0, 150.0), (-21.0, 91.0), (55.0, 92.0), (-10.0, 11.0), (56.0, 13.0), (0, 0), (51.0, 3.0), (-30.0, -17.0), (63.0, -16.0)]
[(22.0, 285.0), (14.0, 291.0), (30.0, 291.0), (-12.0, 252.0), (57.0, 249.0), (1.0, 154.0), (48.0, 155.0), (-18.0, 92.0), (55.0, 90.0), (-10.0, 11.0), (56.0, 13.0), (0, 0), (51.0, 3.0), (-29.0, -17.0), (64.0, -16.0)]
[(23.0, 294.0), (15.0, 300.0), (30.0, 301.0), (-11.0, 260.0), (58.0, 257.0), (1.0, 159.0), (48.0, 160.0), (-18.0, 91.0), (56.0, 90.0), (-10.0, 12.0), (56.0, 12.0), (0, 0), (52.0, 2.0), (-29.0, -18.0), (62.0, -17.0)]
[(24.0, 302.0), (16.0, 309.0), (31.0, 310.0), (-11.0, 268.0), (60.0, 265.0), (1.0, 162.0), (49.0, 164.0), (-16.0, 89.0), (57.0, 88.0), (-9.0, 12.0), (56.0, 11.0), (0, 0), (51.0, 2.0), (-29.0, -19.0), (62.0, -18.0)]
[(25.0, 311.0), (17.0, 318.0), (32.0, 319.0), (-11.0, 276.0), (61.0, 275.0), (1.0, 168.0), (49.0, 169.0), (-14.0, 91.0), (57.0, 88.0), (-9.0, 13.0), (56.0, 12.0), (0, 0), (51.0, 2.0), (-29.0, -20.0), (62.0, -18.0)]
[(25.0, 320.0), (17.0, 328.0), (32.0, 328.0), (-13.0, 284.0), (61.0, 285.0), (1.0, 172.0), (49.0, 173.0), (-14.0, 92.0), (57.0, 89.0), (-9.0, 12.0), (56.0, 12.0), (0, 0), (51.0, 2.0), (-29.0, -20.0), (63.0, -18.0)]
[(25.0, 320.0), (16.0, 328.0), (32.0, 328.0), (-14.0, 281.0), (61.0, 284.0), (1.0, 172.0), (49.0, 173.0), (-14.0, 91.0), (58.0, 89.0), (-9.0, 13.0), (56.0, 12.0), (0, 0), (51.0, 2.0), (-29.0, -20.0), (63.0, -18.0)]
[(25.0, 327.0), (16.0, 336.0), (32.0, 336.0), (-17.0, 287.0), (62.0, 291.0), (-0.0, 175.0), (49.0, 177.0), (-15.0, 91.0), (58.0, 89.0), (-9.0, 13.0), (56.0, 12.0), (0, 0), (49.0, 2.0), (-29.0, -19.0), (63.0, -18.0)]
[(25.0, 339.0), (16.0, 348.0), (32.0, 348.0), (-19.0, 298.0), (61.0, 299.0), (-1.0, 179.0), (49.0, 181.0), (-15.0, 91.0), (58.0, 88.0), (-9.0, 13.0), (56.0, 12.0), (0, 0), (49.0, 3.0), (-29.0, -19.0), (63.0, -18.0)]