[(44.0, 374.0), (33.0, 384.0), (52.0, 383.0), (-8.0, 333.0), (87.0, 328.0), (15.0, 182.0), (71.0, 184.0), (-4.0, 92.0), (97.0, 97.0), (-7.0, 11.0), (94.0, 11.0), (0, 0), (87.0, 3.0), (-33.0, -18.0), (118.0, -16.0)]
[(46.0, 374.0), (35.0, 384.0), (53.0, 383.0), (-8.0, 330.0), (88.0, 324.0), (15.0, 181.0), (72.0, 182.0), (-6.0, 90.0), (98.0, 97.0), (-8.0, 12.0), (94.0, 13.0), (0, 0), (87.0, 3.0), (-33.0, -18.0), (118.0, -15.0)]
[(45.0, 361.0), (35.0, 371.0), (53.0, 369.0), (-7.0, 317.0), (88.0, 311.0), (15.0, 177.0), (72.0, 178.0), (-10.0, 86.0), (99.0, 96.0), (-8.0, 11.0), (94.0, 14.0), (0, 0), (86.0, 3.0), (-33.0, -18.0), (117.0, -15.0)]
[(47.0, 321.0), (37.0, 332.0), (53.0, 330.0), (-7.0, 287.0), (88.0, 278.0), (14.0, 163.0), (72.0, 164.0), (-14.0, 83.0), (103.0, 92.0), (-8.0, 11.0), (95.0, 13.0), (0, 0), (86.0, 2.0), (-33.0, -20.0), (117.0, -17.0)]
[(46.0, 295.0), (36.0, 306.0), (52.0, 304.0), (-6.0, 266.0), (87.0, 259.0), (13.0, 150.0), (71.0, 152.0), (-16.0, 80.0), (104.0, 89.0), (-8.0, 11.0), (94.0, 12.0), (0, 0), (85.0, 1.0), (-33.0, -21.0), (115.0, -19.0)]
[(46.0, 295.0), (36.0, 306.0), (53.0, 304.0), (-4.0, 263.0), (88.0, 257.0), (14.0, 148.0), (71.0, 150.0), (-17.0, 81.0), (106.0, 88.0), (-8.0, 11.0), (94.0, 12.0), (0, 0), (85.0, 1.0), (-32.0, -21.0), (115.0, -19.0)]
[(45.0, 282.0), (35.0, 291.0), (52.0, 290.0), (-4.0, 250.0), (87.0, 242.0), (13.0, 142.0), (69.0, 143.0), (-19.0, 81.0), (105.0, 88.0), (-9.0, 11.0), (93.0, 12.0), (0, 0), (84.0, 1.0), (-33.0, -21.0), (114.0, -19.0)]
[(44.0, 244.0), (35.0, 254.0), (52.0, 253.0), (-2.0, 222.0), (85.0, 220.0), (14.0, 121.0), (69.0, 121.0), (-24.0, 83.0), (108.0, 89.0), (-9.0, 12.0), (93.0, 13.0), (0, 0), (84.0, 1.0), (-33.0, -20.0), (115.0, -18.0)]
[(43.0, 215.0), (35.0, 224.0), (51.0, 225.0), (-1.0, 197.0), (84.0, 196.0), (18.0, 99.0), (68.0, 99.0), (-27.0, 84.0), (112.0, 93.0), (-9.0, 11.0), (93.0, 14.0), (0, 0), (84.0, 2.0), (-33.0, -19.0), (114.0, -17.0)]
[(42.0, 207.0), (33.0, 216.0), (50.0, 216.0), (-1.0, 190.0), (83.0, 186.0), (18.0, 93.0), (67.0, 91.0), (-30.0, 84.0), (111.0, 93.0), (-10.0, 11.0), (92.0, 15.0), (0, 0), (83.0, 2.0), (-33.0, -19.0), (113.0, -17.0)]
[(41.0, 198.0), (32.0, 209.0), (49.0, 209.0), (-2.0, 184.0), (82.0, 179.0), (18.0, 88.0), (66.0, 86.0), (-32.0, 84.0), (112.0, 93.0), (-10.0, 11.0), (90.0, 14.0), (0, 0), (82.0, 2.0), (-34.0, -19.0), (112.0, -18.0)]
[(39.0, 200.0), (30.0, 210.0), (48.0, 210.0), (-3.0, 182.0), (81.0, 180.0), (18.0, 90.0), (65.0, 88.0), (-34.0, 85.0), (111.0, 93.0), (-11.0, 11.0), (89.0, 14.0), (0, 0), (81.0, 1.0), (-35.0, -19.0), (111.0, -18.0)]
[(39.0, 200.0), (30.0, 210.0), (49.0, 209.0), (-3.0, 183.0), (81.0, 180.0), (18.0, 91.0), (65.0, 90.0), (-34.0, 85.0), (110.0, 92.0), (-10.0, 11.0), (89.0, 14.0), (0, 0), (81.0, 1.0), (-34.0, -20.0), (111.0, -18.0)]
[(38.0, 204.0), (29.0, 213.0), (48.0, 213.0), (-3.0, 186.0), (81.0, 183.0), (18.0, 94.0), (65.0, 93.0), (-33.0, 85.0), (110.0, 93.0), (-10.0, 11.0), (89.0, 14.0), (0, 0), (81.0, 2.0), (-34.0, -21.0), (111.0, -18.0)]
[(38.0, 205.0), (29.0, 214.0), (48.0, 214.0), (-3.0, 186.0), (80.0, 183.0), (18.0, 93.0), (66.0, 92.0), (-33.0, 85.0), (110.0, 93.0), (-10.0, 11.0), (89.0, 14.0), (0, 0), (81.0, 2.0), (-34.0, -21.0), (111.0, -18.0)]
[(38.0, 217.0), (29.0, 226.0), (47.0, 226.0), (-4.0, 196.0), (80.0, 193.0), (16.0, 102.0), (64.0, 100.0), (-32.0, 85.0), (109.0, 95.0), (-10.0, 11.0), (89.0, 14.0), (0, 0), (81.0, 2.0), (-33.0, -21.0), (111.0, -18.0)]
[(38.0, 230.0), (30.0, 240.0), (47.0, 240.0), (-4.0, 210.0), (78.0, 210.0), (12.0, 120.0), (63.0, 121.0), (-32.0, 86.0), (106.0, 96.0), (-11.0, 11.0), (89.0, 14.0), (0, 0), (81.0, 2.0), (-32.0, -22.0), (111.0, -18.0)]
[(38.0, 256.0), (29.0, 265.0), (46.0, 264.0), (-4.0, 228.0), (79.0, 224.0), (11.0, 134.0), (63.0, 136.0), (-30.0, 86.0), (103.0, 96.0), (-11.0, 12.0), (89.0, 15.0), (0, 0), (81.0, 3.0), (-31.0, -22.0), (111.0, -18.0)]
[(39.0, 257.0), (30.0, 267.0), (47.0, 266.0), (-4.0, 230.0), (80.0, 227.0), (12.0, 138.0), (64.0, 138.0), (-26.0, 86.0), (104.0, 97.0), (-10.0, 12.0), (90.0, 15.0), (0, 0), (82.0, 3.0), (-29.0, -21.0), (112.0, -17.0)]
[(39.0, 300.0), (30.0, 308.0), (47.0, 308.0), (-6.0, 259.0), (80.0, 258.0), (12.0, 154.0), (64.0, 155.0), (-23.0, 86.0), (101.0, 93.0), (-10.0, 12.0), (90.0, 15.0), (0, 0), (82.0, 4.0), (-30.0, -21.0), (112.0, -17.0)]
[(38.0, 326.0), (30.0, 334.0), (46.0, 333.0), (-7.0, 283.0), (81.0, 278.0), (12.0, 165.0), (64.0, 165.0), (-19.0, 87.0), (98.0, 95.0), (-9.0, 12.0), (91.0, 15.0), (0, 0), (83.0, 4.0), (-31.0, -19.0), (113.0, -17.0)]
[(38.0, 327.0), (30.0, 335.0), (45.0, 334.0), (-8.0, 284.0), (80.0, 281.0), (11.0, 166.0), (63.0, 166.0), (-19.0, 87.0), (97.0, 95.0), (-9.0, 12.0), (91.0, 15.0), (0, 0), (83.0, 4.0), (-32.0, -19.0), (113.0, -17.0)]
[(38.0, 347.0), (30.0, 356.0), (45.0, 354.0), (-9.0, 302.0), (80.0, 299.0), (10.0, 177.0), (63.0, 177.0), (-14.0, 88.0), (93.0, 96.0), (-9.0, 11.0), (91.0, 15.0), (0, 0), (83.0, 4.0), (-32.0, -19.0), (113.0, -16.0)]
[(40.0, 386.0), (31.0, 394.0), (47.0, 393.0), (-9.0, 335.0), (82.0, 331.0), (12.0, 195.0), (65.0, 197.0), (-5.0, 95.0), (90.0, 98.0), (-8.0, 12.0), (94.0, 16.0), (0, 0), (86.0, 4.0), (-31.0, -18.0), (116.0, -15.0)]
[(41.0, 396.0), (31.0, 405.0), (48.0, 404.0), (-8.0, 346.0), (82.0, 342.0), (13.0, 205.0), (66.0, 205.0), (-0.0, 99.0), (86.0, 104.0), (-7.0, 12.0), (94.0, 16.0), (0, 0), (87.0, 4.0), (-30.0, -18.0), (117.0, -15.0)]
[(41.0, 397.0), (31.0, 407.0), (48.0, 406.0), (-9.0, 345.0), (81.0, 344.0), (13.0, 205.0), (66.0, 206.0), (-0.0, 102.0), (85.0, 106.0), (-7.0, 12.0), (94.0, 16.0), (0, 0), (87.0, 4.0), (-31.0, -18.0), (118.0, -15.0)]
[(40.0, 402.0), (30.0, 411.0), (48.0, 410.0), (-8.0, 348.0), (81.0, 349.0), (13.0, 208.0), (66.0, 209.0), (2.0, 104.0), (83.0, 105.0), (-7.0, 12.0), (94.0, 16.0), (0, 0), (87.0, 4.0), (-31.0, -18.0), (118.0, -15.0)]
[(39.0, 404.0), (28.0, 414.0), (47.0, 414.0), (-9.0, 349.0), (79.0, 351.0), (12.0, 210.0), (65.0, 211.0), (6.0, 102.0), (80.0, 105.0), (-8.0, 12.0), (94.0, 13.0), (0, 0), (87.0, 3.0), (-32.0, -18.0), (117.0, -15.0)]
[(38.0, 405.0), (28.0, 414.0), (46.0, 414.0), (-9.0, 350.0), (79.0, 352.0), (12.0, 208.0), (65.0, 210.0), (7.0, 102.0), (81.0, 104.0), (-8.0, 12.0), (94.0, 13.0), (0, 0), (87.0, 3.0), (-32.0, -18.0), (116.0, -15.0)]
[(37.0, 404.0), (27.0, 413.0), (46.0, 412.0), (-9.0, 350.0), (79.0, 352.0), (13.0, 208.0), (66.0, 210.0), (7.0, 102.0), (80.0, 104.0), (-8.0, 12.0), (93.0, 13.0), (0, 0), (88.0, 4.0), (-32.0, -19.0), (114.0, -15.0)]
[(37.0, 404.0), (27.0, 413.0), (46.0, 412.0), (-9.0, 350.0), (79.0, 352.0), (13.0, 207.0), (66.0, 209.0), (7.0, 102.0), (80.0, 104.0), (-8.0, 12.0), (93.0, 12.0), (0, 0), (88.0, 3.0), (-32.0, -19.0), (114.0, -15.0)]
[(37.0, 404.0), (27.0, 413.0), (46.0, 412.0), (-9.0, 350.0), (79.0, 351.0), (13.0, 207.0), (66.0, 208.0), (7.0, 102.0), (79.0, 104.0), (-7.0, 12.0), (93.0, 12.0), (0, 0), (88.0, 3.0), (-32.0, -19.0), (114.0, -15.0)]
[(37.0, 402.0), (28.0, 411.0), (46.0, 411.0), (-9.0, 350.0), (80.0, 349.0), (12.0, 207.0), (66.0, 208.0), (6.0, 102.0), (80.0, 104.0), (-7.0, 12.0), (93.0, 12.0), (0, 0), (88.0, 3.0), (-32.0, -19.0), (114.0, -15.0)]
[(37.0, 401.0), (28.0, 410.0), (46.0, 409.0), (-9.0, 350.0), (80.0, 349.0), (12.0, 207.0), (66.0, 207.0), (6.0, 101.0), (81.0, 104.0), (-7.0, 12.0), (93.0, 12.0), (0, 0), (88.0, 3.0), (-32.0, -19.0), (114.0, -15.0)]
[(36.0, 400.0), (27.0, 409.0), (45.0, 409.0), (-10.0, 350.0), (79.0, 349.0), (11.0, 206.0), (65.0, 206.0), (4.0, 101.0), (80.0, 104.0), (-8.0, 12.0), (92.0, 12.0), (0, 0), (87.0, 3.0), (-33.0, -18.0), (113.0, -15.0)]
[(38.0, 399.0), (27.0, 408.0), (46.0, 408.0), (-10.0, 348.0), (79.0, 347.0), (11.0, 205.0), (65.0, 205.0), (4.0, 100.0), (80.0, 101.0), (-8.0, 12.0), (92.0, 10.0), (0, 0), (86.0, 2.0), (-33.0, -19.0), (114.0, -16.0)]
[(42.0, 391.0), (31.0, 401.0), (49.0, 399.0), (-10.0, 347.0), (82.0, 339.0), (11.0, 193.0), (66.0, 195.0), (-1.0, 98.0), (84.0, 98.0), (-8.0, 12.0), (92.0, 11.0), (0, 0), (86.0, 2.0), (-34.0, -19.0), (114.0, -16.0)]