[(44.0, 386.0), (35.0, 395.0), (51.0, 394.0), (-6.0, 344.0), (82.0, 338.0), (15.0, 214.0), (65.0, 214.0), (1.0, 108.0), (89.0, 112.0), (-7.0, 13.0), (98.0, 15.0), (0, 0), (92.0, 2.0), (-27.0, -17.0), (120.0, -14.0)]
[(44.0, 388.0), (33.0, 398.0), (51.0, 397.0), (-7.0, 344.0), (83.0, 338.0), (16.0, 213.0), (65.0, 215.0), (2.0, 109.0), (88.0, 110.0), (-7.0, 13.0), (98.0, 15.0), (0, 0), (93.0, 1.0), (-27.0, -18.0), (120.0, -14.0)]
[(42.0, 400.0), (32.0, 409.0), (49.0, 409.0), (-8.0, 348.0), (82.0, 345.0), (15.0, 214.0), (64.0, 214.0), (5.0, 109.0), (82.0, 111.0), (-7.0, 14.0), (96.0, 16.0), (0, 0), (92.0, 3.0), (-27.0, -19.0), (118.0, -14.0)]
[(41.0, 400.0), (31.0, 411.0), (49.0, 409.0), (-8.0, 348.0), (82.0, 346.0), (15.0, 213.0), (64.0, 215.0), (7.0, 110.0), (80.0, 111.0), (-6.0, 14.0), (95.0, 16.0), (0, 0), (91.0, 3.0), (-26.0, -20.0), (117.0, -14.0)]
[(40.0, 400.0), (31.0, 410.0), (49.0, 409.0), (-8.0, 348.0), (82.0, 346.0), (15.0, 213.0), (64.0, 215.0), (7.0, 110.0), (79.0, 111.0), (-6.0, 14.0), (95.0, 16.0), (0, 0), (92.0, 4.0), (-26.0, -21.0), (116.0, -14.0)]
[(40.0, 400.0), (31.0, 409.0), (49.0, 408.0), (-8.0, 348.0), (82.0, 347.0), (16.0, 212.0), (64.0, 215.0), (7.0, 109.0), (79.0, 110.0), (-5.0, 13.0), (95.0, 15.0), (0, 0), (92.0, 3.0), (-25.0, -22.0), (115.0, -15.0)]
[(39.0, 401.0), (30.0, 410.0), (48.0, 410.0), (-9.0, 349.0), (81.0, 349.0), (15.0, 212.0), (64.0, 215.0), (6.0, 108.0), (79.0, 110.0), (-6.0, 13.0), (94.0, 15.0), (0, 0), (91.0, 3.0), (-26.0, -22.0), (114.0, -15.0)]
[(39.0, 400.0), (30.0, 409.0), (48.0, 409.0), (-9.0, 349.0), (81.0, 349.0), (16.0, 211.0), (64.0, 215.0), (5.0, 108.0), (79.0, 109.0), (-6.0, 13.0), (94.0, 15.0), (0, 0), (91.0, 3.0), (-26.0, -22.0), (114.0, -15.0)]
[(39.0, 400.0), (30.0, 409.0), (48.0, 409.0), (-9.0, 349.0), (81.0, 349.0), (16.0, 211.0), (64.0, 214.0), (5.0, 108.0), (79.0, 109.0), (-6.0, 13.0), (94.0, 15.0), (0, 0), (90.0, 3.0), (-26.0, -22.0), (113.0, -15.0)]
[(40.0, 398.0), (30.0, 407.0), (48.0, 406.0), (-9.0, 347.0), (81.0, 345.0), (16.0, 210.0), (64.0, 213.0), (4.0, 108.0), (80.0, 109.0), (-6.0, 13.0), (94.0, 14.0), (0, 0), (90.0, 3.0), (-26.0, -22.0), (114.0, -15.0)]
[(40.0, 393.0), (31.0, 403.0), (48.0, 402.0), (-9.0, 344.0), (82.0, 341.0), (16.0, 209.0), (65.0, 211.0), (3.0, 108.0), (80.0, 109.0), (-6.0, 13.0), (94.0, 14.0), (0, 0), (90.0, 3.0), (-26.0, -22.0), (114.0, -15.0)]
[(44.0, 384.0), (34.0, 395.0), (50.0, 393.0), (-9.0, 343.0), (84.0, 337.0), (16.0, 209.0), (65.0, 210.0), (-1.0, 108.0), (85.0, 108.0), (-7.0, 13.0), (94.0, 14.0), (0, 0), (90.0, 3.0), (-27.0, -22.0), (114.0, -15.0)]
[(45.0, 379.0), (34.0, 391.0), (51.0, 389.0), (-9.0, 343.0), (84.0, 334.0), (15.0, 209.0), (65.0, 209.0), (-3.0, 107.0), (87.0, 107.0), (-7.0, 13.0), (94.0, 14.0), (0, 0), (90.0, 3.0), (-27.0, -22.0), (114.0, -15.0)]
[(46.0, 344.0), (35.0, 355.0), (51.0, 355.0), (-7.0, 315.0), (86.0, 310.0), (16.0, 191.0), (66.0, 192.0), (-7.0, 106.0), (98.0, 107.0), (-6.0, 13.0), (95.0, 14.0), (0, 0), (89.0, 3.0), (-26.0, -22.0), (116.0, -15.0)]
[(43.0, 326.0), (35.0, 336.0), (50.0, 336.0), (-7.0, 296.0), (86.0, 290.0), (13.0, 179.0), (66.0, 178.0), (-10.0, 103.0), (103.0, 105.0), (-7.0, 13.0), (95.0, 14.0), (0, 0), (88.0, 3.0), (-26.0, -22.0), (117.0, -15.0)]
[(45.0, 303.0), (36.0, 314.0), (52.0, 314.0), (-5.0, 278.0), (88.0, 274.0), (14.0, 166.0), (67.0, 167.0), (-13.0, 99.0), (103.0, 105.0), (-7.0, 13.0), (96.0, 14.0), (0, 0), (89.0, 3.0), (-26.0, -22.0), (117.0, -16.0)]
[(45.0, 305.0), (36.0, 315.0), (52.0, 314.0), (-4.0, 276.0), (88.0, 272.0), (14.0, 164.0), (67.0, 166.0), (-15.0, 99.0), (104.0, 103.0), (-7.0, 13.0), (97.0, 14.0), (0, 0), (90.0, 3.0), (-26.0, -21.0), (117.0, -15.0)]
[(46.0, 270.0), (37.0, 280.0), (54.0, 279.0), (-2.0, 246.0), (88.0, 243.0), (16.0, 145.0), (69.0, 148.0), (-20.0, 93.0), (109.0, 93.0), (-8.0, 12.0), (97.0, 12.0), (0, 0), (90.0, 2.0), (-27.0, -22.0), (117.0, -17.0)]
[(46.0, 255.0), (37.0, 264.0), (54.0, 264.0), (-0.0, 230.0), (88.0, 227.0), (17.0, 135.0), (69.0, 136.0), (-22.0, 91.0), (110.0, 91.0), (-8.0, 12.0), (97.0, 12.0), (0, 0), (90.0, 1.0), (-28.0, -21.0), (118.0, -17.0)]
[(47.0, 253.0), (38.0, 263.0), (55.0, 262.0), (2.0, 229.0), (89.0, 226.0), (21.0, 134.0), (71.0, 135.0), (-21.0, 90.0), (112.0, 91.0), (-8.0, 12.0), (98.0, 11.0), (0, 0), (91.0, 1.0), (-28.0, -19.0), (119.0, -17.0)]
[(48.0, 240.0), (39.0, 250.0), (56.0, 249.0), (2.0, 217.0), (89.0, 218.0), (22.0, 125.0), (72.0, 126.0), (-23.0, 89.0), (115.0, 91.0), (-8.0, 11.0), (98.0, 11.0), (0, 0), (90.0, 1.0), (-29.0, -18.0), (119.0, -16.0)]
[(47.0, 220.0), (38.0, 229.0), (55.0, 229.0), (3.0, 200.0), (88.0, 200.0), (23.0, 109.0), (71.0, 108.0), (-25.0, 91.0), (117.0, 93.0), (-8.0, 12.0), (98.0, 13.0), (0, 0), (90.0, 3.0), (-29.0, -16.0), (119.0, -14.0)]
[(47.0, 211.0), (38.0, 221.0), (56.0, 222.0), (4.0, 192.0), (86.0, 193.0), (23.0, 99.0), (71.0, 98.0), (-26.0, 90.0), (120.0, 92.0), (-8.0, 11.0), (98.0, 11.0), (0, 0), (89.0, 1.0), (-28.0, -18.0), (118.0, -15.0)]
[(47.0, 211.0), (38.0, 221.0), (56.0, 221.0), (4.0, 192.0), (86.0, 193.0), (23.0, 99.0), (71.0, 97.0), (-27.0, 90.0), (120.0, 93.0), (-8.0, 11.0), (98.0, 11.0), (0, 0), (89.0, 1.0), (-28.0, -18.0), (118.0, -15.0)]
[(44.0, 210.0), (36.0, 220.0), (53.0, 221.0), (4.0, 192.0), (85.0, 191.0), (23.0, 99.0), (71.0, 96.0), (-29.0, 89.0), (119.0, 93.0), (-9.0, 11.0), (97.0, 12.0), (0, 0), (88.0, 2.0), (-29.0, -18.0), (117.0, -15.0)]
[(43.0, 211.0), (35.0, 222.0), (53.0, 222.0), (4.0, 192.0), (85.0, 192.0), (23.0, 99.0), (71.0, 97.0), (-29.0, 90.0), (119.0, 94.0), (-9.0, 12.0), (97.0, 13.0), (0, 0), (88.0, 3.0), (-29.0, -18.0), (117.0, -14.0)]
[(42.0, 215.0), (34.0, 224.0), (52.0, 224.0), (3.0, 196.0), (84.0, 195.0), (22.0, 104.0), (70.0, 103.0), (-29.0, 91.0), (118.0, 94.0), (-10.0, 12.0), (96.0, 13.0), (0, 0), (87.0, 3.0), (-29.0, -18.0), (116.0, -15.0)]
[(42.0, 224.0), (34.0, 235.0), (51.0, 235.0), (3.0, 202.0), (84.0, 199.0), (20.0, 113.0), (69.0, 113.0), (-29.0, 91.0), (117.0, 93.0), (-10.0, 12.0), (96.0, 13.0), (0, 0), (87.0, 3.0), (-29.0, -18.0), (116.0, -15.0)]
[(44.0, 243.0), (35.0, 252.0), (52.0, 252.0), (5.0, 222.0), (84.0, 219.0), (20.0, 127.0), (69.0, 128.0), (-27.0, 91.0), (116.0, 94.0), (-9.0, 12.0), (97.0, 14.0), (0, 0), (88.0, 3.0), (-28.0, -18.0), (118.0, -15.0)]
[(44.0, 246.0), (35.0, 254.0), (51.0, 256.0), (5.0, 225.0), (83.0, 223.0), (19.0, 130.0), (69.0, 131.0), (-27.0, 90.0), (115.0, 92.0), (-9.0, 11.0), (97.0, 12.0), (0, 0), (89.0, 2.0), (-28.0, -19.0), (119.0, -16.0)]
[(42.0, 284.0), (35.0, 291.0), (50.0, 292.0), (5.0, 256.0), (83.0, 257.0), (18.0, 151.0), (68.0, 153.0), (-24.0, 90.0), (111.0, 93.0), (-9.0, 12.0), (97.0, 13.0), (0, 0), (89.0, 2.0), (-28.0, -19.0), (119.0, -16.0)]
[(42.0, 310.0), (35.0, 317.0), (50.0, 317.0), (2.0, 276.0), (83.0, 270.0), (17.0, 160.0), (68.0, 161.0), (-22.0, 92.0), (107.0, 95.0), (-9.0, 12.0), (97.0, 12.0), (0, 0), (89.0, 0.0), (-28.0, -18.0), (119.0, -16.0)]
[(43.0, 330.0), (35.0, 338.0), (50.0, 338.0), (-1.0, 293.0), (83.0, 287.0), (17.0, 173.0), (68.0, 173.0), (-17.0, 95.0), (104.0, 97.0), (-8.0, 11.0), (98.0, 11.0), (0, 0), (90.0, -1.0), (-27.0, -19.0), (120.0, -17.0)]
[(44.0, 333.0), (36.0, 341.0), (51.0, 340.0), (-0.0, 296.0), (84.0, 290.0), (17.0, 177.0), (67.0, 176.0), (-14.0, 100.0), (104.0, 99.0), (-7.0, 12.0), (99.0, 12.0), (0, 0), (91.0, 1.0), (-26.0, -19.0), (121.0, -16.0)]
[(44.0, 350.0), (36.0, 359.0), (51.0, 358.0), (-3.0, 313.0), (84.0, 308.0), (16.0, 191.0), (66.0, 191.0), (-11.0, 100.0), (102.0, 103.0), (-7.0, 12.0), (99.0, 12.0), (0, 0), (92.0, 0.0), (-26.0, -19.0), (121.0, -16.0)]
[(44.0, 353.0), (35.0, 361.0), (51.0, 361.0), (-4.0, 314.0), (84.0, 309.0), (16.0, 192.0), (66.0, 193.0), (-9.0, 101.0), (100.0, 106.0), (-7.0, 12.0), (100.0, 12.0), (0, 0), (92.0, 0.0), (-26.0, -20.0), (121.0, -16.0)]
[(44.0, 376.0), (35.0, 384.0), (50.0, 383.0), (-5.0, 330.0), (84.0, 322.0), (16.0, 201.0), (66.0, 201.0), (-5.0, 105.0), (98.0, 107.0), (-7.0, 12.0), (100.0, 12.0), (0, 0), (92.0, 1.0), (-26.0, -20.0), (121.0, -16.0)]