[(42.0, 395.0), (33.0, 405.0), (50.0, 404.0), (-6.0, 348.0), (82.0, 343.0), (14.0, 213.0), (65.0, 213.0), (3.0, 108.0), (85.0, 113.0), (-7.0, 13.0), (95.0, 13.0), (0, 0), (89.0, 2.0), (-27.0, -20.0), (118.0, -15.0)]
[(41.0, 401.0), (32.0, 410.0), (50.0, 409.0), (-7.0, 347.0), (82.0, 343.0), (14.0, 210.0), (65.0, 211.0), (4.0, 107.0), (82.0, 112.0), (-7.0, 12.0), (95.0, 13.0), (0, 0), (89.0, 2.0), (-28.0, -21.0), (117.0, -15.0)]
[(40.0, 400.0), (31.0, 410.0), (49.0, 409.0), (-8.0, 347.0), (82.0, 344.0), (15.0, 210.0), (65.0, 212.0), (4.0, 107.0), (81.0, 111.0), (-6.0, 12.0), (95.0, 13.0), (0, 0), (89.0, 3.0), (-29.0, -21.0), (117.0, -15.0)]
[(40.0, 401.0), (31.0, 410.0), (49.0, 410.0), (-7.0, 347.0), (82.0, 343.0), (15.0, 212.0), (65.0, 213.0), (5.0, 107.0), (80.0, 111.0), (-6.0, 12.0), (94.0, 13.0), (0, 0), (89.0, 3.0), (-29.0, -21.0), (116.0, -15.0)]
[(40.0, 402.0), (31.0, 412.0), (49.0, 411.0), (-7.0, 347.0), (82.0, 345.0), (16.0, 212.0), (66.0, 213.0), (6.0, 108.0), (80.0, 111.0), (-6.0, 13.0), (94.0, 14.0), (0, 0), (89.0, 4.0), (-29.0, -21.0), (116.0, -15.0)]
[(40.0, 403.0), (31.0, 412.0), (49.0, 411.0), (-7.0, 348.0), (82.0, 347.0), (16.0, 211.0), (66.0, 212.0), (6.0, 107.0), (80.0, 110.0), (-6.0, 13.0), (94.0, 14.0), (0, 0), (89.0, 4.0), (-29.0, -21.0), (116.0, -15.0)]
[(40.0, 403.0), (31.0, 412.0), (49.0, 411.0), (-6.0, 348.0), (82.0, 347.0), (16.0, 212.0), (66.0, 213.0), (6.0, 107.0), (79.0, 110.0), (-6.0, 13.0), (94.0, 14.0), (0, 0), (89.0, 4.0), (-29.0, -21.0), (116.0, -15.0)]
[(40.0, 401.0), (31.0, 411.0), (50.0, 410.0), (-6.0, 347.0), (82.0, 346.0), (16.0, 211.0), (66.0, 211.0), (6.0, 106.0), (79.0, 109.0), (-6.0, 12.0), (94.0, 13.0), (0, 0), (89.0, 3.0), (-30.0, -22.0), (116.0, -16.0)]
[(41.0, 401.0), (31.0, 410.0), (50.0, 409.0), (-6.0, 346.0), (82.0, 344.0), (16.0, 211.0), (66.0, 210.0), (6.0, 106.0), (79.0, 109.0), (-6.0, 12.0), (94.0, 13.0), (0, 0), (89.0, 3.0), (-30.0, -22.0), (116.0, -16.0)]
[(41.0, 399.0), (32.0, 408.0), (50.0, 407.0), (-6.0, 345.0), (82.0, 343.0), (16.0, 212.0), (65.0, 212.0), (6.0, 106.0), (79.0, 109.0), (-6.0, 12.0), (94.0, 13.0), (0, 0), (89.0, 3.0), (-30.0, -23.0), (117.0, -16.0)]
[(42.0, 398.0), (32.0, 408.0), (50.0, 407.0), (-6.0, 345.0), (82.0, 343.0), (16.0, 212.0), (65.0, 212.0), (5.0, 106.0), (80.0, 108.0), (-6.0, 12.0), (94.0, 13.0), (0, 0), (89.0, 3.0), (-30.0, -23.0), (117.0, -16.0)]
[(42.0, 398.0), (32.0, 408.0), (51.0, 407.0), (-6.0, 345.0), (83.0, 342.0), (15.0, 212.0), (65.0, 212.0), (5.0, 107.0), (80.0, 108.0), (-6.0, 13.0), (94.0, 14.0), (0, 0), (89.0, 4.0), (-30.0, -22.0), (117.0, -15.0)]
[(45.0, 393.0), (34.0, 404.0), (52.0, 402.0), (-6.0, 342.0), (84.0, 339.0), (15.0, 212.0), (65.0, 211.0), (3.0, 107.0), (83.0, 108.0), (-6.0, 13.0), (94.0, 14.0), (0, 0), (89.0, 4.0), (-30.0, -22.0), (116.0, -16.0)]
[(45.0, 376.0), (35.0, 386.0), (53.0, 385.0), (-6.0, 332.0), (85.0, 328.0), (15.0, 206.0), (66.0, 206.0), (-1.0, 106.0), (88.0, 107.0), (-6.0, 13.0), (94.0, 14.0), (0, 0), (89.0, 3.0), (-30.0, -22.0), (116.0, -16.0)]
[(44.0, 344.0), (34.0, 354.0), (52.0, 352.0), (-6.0, 303.0), (85.0, 302.0), (15.0, 184.0), (67.0, 185.0), (-9.0, 103.0), (96.0, 105.0), (-7.0, 12.0), (93.0, 13.0), (0, 0), (87.0, 2.0), (-31.0, -23.0), (115.0, -17.0)]
[(45.0, 324.0), (35.0, 334.0), (53.0, 333.0), (-4.0, 286.0), (86.0, 283.0), (17.0, 168.0), (69.0, 168.0), (-13.0, 101.0), (103.0, 103.0), (-6.0, 12.0), (94.0, 13.0), (0, 0), (88.0, 1.0), (-30.0, -23.0), (116.0, -17.0)]
[(44.0, 321.0), (35.0, 330.0), (52.0, 329.0), (-4.0, 285.0), (86.0, 280.0), (16.0, 167.0), (68.0, 167.0), (-13.0, 101.0), (101.0, 103.0), (-7.0, 12.0), (95.0, 13.0), (0, 0), (88.0, 1.0), (-30.0, -23.0), (115.0, -17.0)]
[(44.0, 287.0), (35.0, 296.0), (52.0, 296.0), (-2.0, 257.0), (86.0, 254.0), (17.0, 150.0), (69.0, 150.0), (-17.0, 99.0), (107.0, 100.0), (-7.0, 11.0), (96.0, 13.0), (0, 0), (88.0, 1.0), (-30.0, -23.0), (116.0, -16.0)]
[(44.0, 271.0), (35.0, 280.0), (52.0, 280.0), (-0.0, 243.0), (86.0, 237.0), (17.0, 141.0), (69.0, 142.0), (-20.0, 96.0), (107.0, 97.0), (-8.0, 11.0), (96.0, 13.0), (0, 0), (88.0, 1.0), (-30.0, -21.0), (116.0, -17.0)]
[(43.0, 242.0), (35.0, 251.0), (51.0, 251.0), (1.0, 217.0), (86.0, 217.0), (19.0, 125.0), (69.0, 125.0), (-24.0, 91.0), (110.0, 96.0), (-7.0, 11.0), (97.0, 12.0), (0, 0), (89.0, 1.0), (-30.0, -20.0), (117.0, -17.0)]
[(44.0, 228.0), (35.0, 238.0), (52.0, 238.0), (1.0, 208.0), (85.0, 207.0), (19.0, 115.0), (69.0, 116.0), (-25.0, 90.0), (112.0, 96.0), (-8.0, 11.0), (96.0, 12.0), (0, 0), (88.0, 0.0), (-30.0, -20.0), (117.0, -17.0)]
[(44.0, 228.0), (35.0, 238.0), (53.0, 237.0), (1.0, 207.0), (85.0, 205.0), (21.0, 115.0), (70.0, 114.0), (-26.0, 89.0), (113.0, 96.0), (-8.0, 10.0), (96.0, 12.0), (0, 0), (88.0, 0.0), (-30.0, -20.0), (117.0, -17.0)]
[(43.0, 212.0), (34.0, 222.0), (52.0, 221.0), (-0.0, 194.0), (83.0, 193.0), (20.0, 101.0), (69.0, 100.0), (-27.0, 90.0), (113.0, 96.0), (-9.0, 10.0), (95.0, 13.0), (0, 0), (86.0, 1.0), (-31.0, -19.0), (115.0, -16.0)]
[(43.0, 205.0), (34.0, 216.0), (52.0, 215.0), (-0.0, 190.0), (83.0, 188.0), (22.0, 95.0), (70.0, 94.0), (-28.0, 89.0), (113.0, 96.0), (-9.0, 10.0), (95.0, 13.0), (0, 0), (86.0, 1.0), (-31.0, -19.0), (115.0, -16.0)]
[(43.0, 205.0), (34.0, 216.0), (52.0, 215.0), (-0.0, 188.0), (82.0, 187.0), (22.0, 92.0), (70.0, 91.0), (-29.0, 88.0), (114.0, 96.0), (-9.0, 10.0), (95.0, 13.0), (0, 0), (86.0, 1.0), (-30.0, -19.0), (115.0, -16.0)]
[(42.0, 206.0), (34.0, 216.0), (51.0, 216.0), (-0.0, 188.0), (82.0, 187.0), (22.0, 91.0), (70.0, 90.0), (-30.0, 88.0), (114.0, 96.0), (-9.0, 10.0), (95.0, 13.0), (0, 0), (85.0, 1.0), (-29.0, -20.0), (115.0, -16.0)]
[(42.0, 212.0), (33.0, 221.0), (51.0, 221.0), (-0.0, 194.0), (81.0, 192.0), (22.0, 99.0), (70.0, 99.0), (-29.0, 89.0), (113.0, 96.0), (-9.0, 10.0), (95.0, 13.0), (0, 0), (85.0, 1.0), (-29.0, -20.0), (115.0, -17.0)]
[(42.0, 218.0), (33.0, 227.0), (51.0, 227.0), (-0.0, 200.0), (81.0, 198.0), (21.0, 105.0), (69.0, 105.0), (-28.0, 89.0), (113.0, 96.0), (-9.0, 10.0), (95.0, 13.0), (0, 0), (85.0, 1.0), (-29.0, -20.0), (116.0, -17.0)]
[(42.0, 236.0), (33.0, 244.0), (50.0, 244.0), (1.0, 216.0), (81.0, 214.0), (20.0, 126.0), (68.0, 128.0), (-25.0, 91.0), (113.0, 96.0), (-9.0, 10.0), (95.0, 13.0), (0, 0), (86.0, 1.0), (-29.0, -21.0), (116.0, -17.0)]
[(42.0, 257.0), (33.0, 265.0), (50.0, 265.0), (1.0, 232.0), (80.0, 226.0), (17.0, 136.0), (66.0, 139.0), (-23.0, 91.0), (112.0, 95.0), (-9.0, 11.0), (95.0, 13.0), (0, 0), (86.0, 1.0), (-29.0, -20.0), (116.0, -16.0)]
[(41.0, 260.0), (33.0, 269.0), (49.0, 268.0), (-0.0, 234.0), (80.0, 231.0), (16.0, 139.0), (65.0, 141.0), (-22.0, 91.0), (111.0, 95.0), (-8.0, 11.0), (95.0, 13.0), (0, 0), (86.0, 1.0), (-29.0, -19.0), (116.0, -16.0)]
[(41.0, 276.0), (33.0, 284.0), (49.0, 284.0), (1.0, 247.0), (79.0, 243.0), (16.0, 146.0), (65.0, 147.0), (-20.0, 93.0), (110.0, 95.0), (-8.0, 11.0), (95.0, 13.0), (0, 0), (86.0, 1.0), (-29.0, -19.0), (117.0, -15.0)]
[(41.0, 316.0), (33.0, 326.0), (49.0, 324.0), (-1.0, 278.0), (79.0, 277.0), (16.0, 171.0), (65.0, 172.0), (-17.0, 97.0), (105.0, 102.0), (-8.0, 12.0), (95.0, 13.0), (0, 0), (87.0, 1.0), (-28.0, -18.0), (116.0, -15.0)]
[(41.0, 354.0), (33.0, 363.0), (49.0, 361.0), (-4.0, 309.0), (80.0, 309.0), (15.0, 192.0), (64.0, 192.0), (-12.0, 104.0), (98.0, 106.0), (-8.0, 11.0), (95.0, 12.0), (0, 0), (87.0, 0.0), (-28.0, -19.0), (116.0, -16.0)]
[(41.0, 373.0), (33.0, 381.0), (49.0, 380.0), (-6.0, 325.0), (81.0, 323.0), (14.0, 202.0), (64.0, 201.0), (-8.0, 107.0), (93.0, 109.0), (-8.0, 12.0), (95.0, 13.0), (0, 0), (88.0, 2.0), (-28.0, -20.0), (116.0, -15.0)]