[(41.0, 392.0), (32.0, 401.0), (48.0, 399.0), (-7.0, 344.0), (83.0, 335.0), (11.0, 212.0), (63.0, 211.0), (-0.0, 108.0), (83.0, 110.0), (-7.0, 12.0), (93.0, 13.0), (0, 0), (87.0, 1.0), (-29.0, -19.0), (115.0, -16.0)]
[(40.0, 392.0), (31.0, 401.0), (47.0, 400.0), (-8.0, 343.0), (82.0, 336.0), (11.0, 211.0), (62.0, 210.0), (-1.0, 109.0), (80.0, 110.0), (-7.0, 12.0), (91.0, 13.0), (0, 0), (86.0, 1.0), (-30.0, -20.0), (114.0, -16.0)]
[(40.0, 398.0), (31.0, 407.0), (48.0, 407.0), (-9.0, 347.0), (81.0, 342.0), (11.0, 212.0), (62.0, 212.0), (1.0, 109.0), (78.0, 111.0), (-6.0, 13.0), (91.0, 13.0), (0, 0), (86.0, 2.0), (-30.0, -20.0), (112.0, -16.0)]
[(39.0, 402.0), (30.0, 411.0), (47.0, 410.0), (-10.0, 346.0), (81.0, 343.0), (11.0, 210.0), (62.0, 211.0), (4.0, 108.0), (76.0, 110.0), (-5.0, 13.0), (90.0, 13.0), (0, 0), (86.0, 2.0), (-29.0, -21.0), (112.0, -16.0)]
[(38.0, 402.0), (29.0, 411.0), (47.0, 411.0), (-10.0, 346.0), (80.0, 343.0), (11.0, 211.0), (62.0, 212.0), (5.0, 108.0), (76.0, 110.0), (-5.0, 13.0), (90.0, 13.0), (0, 0), (86.0, 2.0), (-29.0, -21.0), (112.0, -16.0)]
[(38.0, 403.0), (29.0, 412.0), (47.0, 411.0), (-10.0, 347.0), (79.0, 345.0), (12.0, 213.0), (62.0, 213.0), (5.0, 108.0), (76.0, 109.0), (-5.0, 13.0), (90.0, 13.0), (0, 0), (86.0, 3.0), (-29.0, -21.0), (112.0, -16.0)]
[(37.0, 403.0), (28.0, 412.0), (47.0, 411.0), (-10.0, 347.0), (79.0, 346.0), (13.0, 212.0), (62.0, 213.0), (5.0, 108.0), (77.0, 109.0), (-5.0, 13.0), (90.0, 14.0), (0, 0), (86.0, 3.0), (-29.0, -21.0), (112.0, -16.0)]
[(37.0, 402.0), (28.0, 411.0), (46.0, 411.0), (-10.0, 347.0), (79.0, 346.0), (13.0, 211.0), (62.0, 212.0), (5.0, 108.0), (77.0, 110.0), (-5.0, 13.0), (90.0, 14.0), (0, 0), (86.0, 3.0), (-29.0, -21.0), (112.0, -16.0)]
[(37.0, 402.0), (28.0, 411.0), (46.0, 411.0), (-9.0, 347.0), (79.0, 345.0), (14.0, 211.0), (63.0, 212.0), (5.0, 108.0), (76.0, 109.0), (-5.0, 13.0), (90.0, 14.0), (0, 0), (86.0, 3.0), (-29.0, -21.0), (113.0, -16.0)]
[(37.0, 402.0), (28.0, 411.0), (46.0, 411.0), (-9.0, 347.0), (79.0, 343.0), (14.0, 211.0), (63.0, 211.0), (5.0, 109.0), (76.0, 109.0), (-5.0, 13.0), (90.0, 14.0), (0, 0), (86.0, 3.0), (-29.0, -21.0), (113.0, -16.0)]
[(37.0, 402.0), (28.0, 411.0), (46.0, 411.0), (-9.0, 346.0), (79.0, 342.0), (14.0, 211.0), (63.0, 211.0), (5.0, 109.0), (75.0, 109.0), (-5.0, 13.0), (90.0, 14.0), (0, 0), (86.0, 3.0), (-29.0, -21.0), (114.0, -16.0)]
[(37.0, 402.0), (28.0, 411.0), (46.0, 411.0), (-9.0, 346.0), (79.0, 342.0), (14.0, 211.0), (63.0, 211.0), (4.0, 109.0), (75.0, 109.0), (-5.0, 13.0), (90.0, 14.0), (0, 0), (86.0, 3.0), (-29.0, -21.0), (114.0, -16.0)]
[(38.0, 401.0), (28.0, 410.0), (47.0, 409.0), (-9.0, 346.0), (80.0, 341.0), (14.0, 211.0), (63.0, 211.0), (4.0, 109.0), (76.0, 109.0), (-5.0, 13.0), (90.0, 14.0), (0, 0), (86.0, 3.0), (-29.0, -21.0), (114.0, -16.0)]
[(38.0, 400.0), (28.0, 409.0), (47.0, 408.0), (-10.0, 346.0), (80.0, 341.0), (12.0, 211.0), (62.0, 212.0), (2.0, 110.0), (76.0, 110.0), (-6.0, 14.0), (89.0, 15.0), (0, 0), (85.0, 4.0), (-31.0, -20.0), (113.0, -16.0)]
[(39.0, 399.0), (29.0, 408.0), (47.0, 407.0), (-10.0, 345.0), (81.0, 341.0), (12.0, 211.0), (62.0, 211.0), (1.0, 110.0), (77.0, 110.0), (-6.0, 14.0), (89.0, 15.0), (0, 0), (85.0, 4.0), (-31.0, -21.0), (113.0, -16.0)]
[(40.0, 394.0), (30.0, 403.0), (48.0, 402.0), (-10.0, 342.0), (82.0, 339.0), (12.0, 210.0), (62.0, 211.0), (-1.0, 110.0), (79.0, 109.0), (-6.0, 14.0), (89.0, 15.0), (0, 0), (85.0, 3.0), (-31.0, -21.0), (113.0, -16.0)]
[(40.0, 380.0), (31.0, 390.0), (49.0, 389.0), (-10.0, 332.0), (83.0, 328.0), (12.0, 202.0), (63.0, 202.0), (-5.0, 110.0), (86.0, 106.0), (-7.0, 14.0), (89.0, 14.0), (0, 0), (85.0, 2.0), (-31.0, -20.0), (113.0, -16.0)]
[(41.0, 377.0), (32.0, 386.0), (49.0, 385.0), (-10.0, 328.0), (84.0, 324.0), (12.0, 199.0), (64.0, 199.0), (-7.0, 109.0), (88.0, 106.0), (-7.0, 14.0), (89.0, 14.0), (0, 0), (85.0, 2.0), (-32.0, -20.0), (112.0, -16.0)]
[(42.0, 345.0), (33.0, 354.0), (49.0, 353.0), (-9.0, 297.0), (84.0, 295.0), (13.0, 178.0), (65.0, 177.0), (-14.0, 103.0), (96.0, 100.0), (-7.0, 13.0), (89.0, 12.0), (0, 0), (83.0, -1.0), (-32.0, -22.0), (112.0, -18.0)]
[(45.0, 323.0), (36.0, 332.0), (51.0, 331.0), (-5.0, 281.0), (86.0, 274.0), (14.0, 165.0), (66.0, 164.0), (-17.0, 97.0), (100.0, 97.0), (-7.0, 12.0), (91.0, 12.0), (0, 0), (85.0, -1.0), (-32.0, -22.0), (114.0, -18.0)]
[(46.0, 299.0), (37.0, 308.0), (52.0, 307.0), (-2.0, 262.0), (86.0, 258.0), (15.0, 154.0), (67.0, 154.0), (-21.0, 96.0), (103.0, 94.0), (-7.0, 12.0), (92.0, 12.0), (0, 0), (85.0, -1.0), (-32.0, -22.0), (114.0, -17.0)]
[(46.0, 297.0), (37.0, 306.0), (53.0, 305.0), (-1.0, 262.0), (86.0, 256.0), (15.0, 151.0), (67.0, 151.0), (-21.0, 96.0), (103.0, 92.0), (-8.0, 12.0), (93.0, 12.0), (0, 0), (86.0, -1.0), (-31.0, -21.0), (114.0, -17.0)]
[(46.0, 261.0), (37.0, 269.0), (53.0, 269.0), (1.0, 231.0), (86.0, 224.0), (16.0, 134.0), (67.0, 134.0), (-23.0, 94.0), (106.0, 93.0), (-8.0, 11.0), (93.0, 12.0), (0, 0), (86.0, 0.0), (-32.0, -20.0), (115.0, -17.0)]
[(46.0, 242.0), (37.0, 252.0), (53.0, 251.0), (1.0, 217.0), (86.0, 213.0), (18.0, 123.0), (67.0, 123.0), (-24.0, 91.0), (108.0, 93.0), (-9.0, 11.0), (93.0, 12.0), (0, 0), (85.0, 0.0), (-32.0, -20.0), (114.0, -16.0)]
[(46.0, 229.0), (37.0, 239.0), (53.0, 239.0), (1.0, 206.0), (85.0, 203.0), (19.0, 112.0), (67.0, 113.0), (-26.0, 91.0), (110.0, 95.0), (-9.0, 12.0), (93.0, 13.0), (0, 0), (85.0, 1.0), (-32.0, -18.0), (114.0, -15.0)]
[(45.0, 229.0), (37.0, 238.0), (53.0, 238.0), (1.0, 204.0), (85.0, 200.0), (20.0, 110.0), (67.0, 108.0), (-26.0, 91.0), (111.0, 95.0), (-9.0, 11.0), (93.0, 12.0), (0, 0), (85.0, 0.0), (-31.0, -18.0), (114.0, -15.0)]
[(45.0, 220.0), (37.0, 230.0), (53.0, 229.0), (1.0, 197.0), (85.0, 192.0), (21.0, 103.0), (68.0, 101.0), (-27.0, 91.0), (111.0, 95.0), (-9.0, 11.0), (93.0, 12.0), (0, 0), (85.0, 0.0), (-30.0, -18.0), (113.0, -15.0)]
[(45.0, 221.0), (37.0, 229.0), (53.0, 229.0), (1.0, 197.0), (85.0, 193.0), (22.0, 102.0), (68.0, 101.0), (-28.0, 92.0), (111.0, 96.0), (-9.0, 12.0), (93.0, 14.0), (0, 0), (84.0, 2.0), (-31.0, -17.0), (113.0, -14.0)]
[(45.0, 211.0), (37.0, 221.0), (53.0, 220.0), (1.0, 192.0), (85.0, 189.0), (22.0, 96.0), (68.0, 94.0), (-29.0, 91.0), (111.0, 96.0), (-9.0, 12.0), (93.0, 14.0), (0, 0), (84.0, 2.0), (-31.0, -17.0), (113.0, -14.0)]
[(44.0, 212.0), (37.0, 221.0), (53.0, 220.0), (1.0, 191.0), (84.0, 188.0), (21.0, 95.0), (68.0, 95.0), (-29.0, 90.0), (111.0, 95.0), (-9.0, 11.0), (93.0, 13.0), (0, 0), (83.0, 2.0), (-30.0, -18.0), (113.0, -15.0)]
[(44.0, 212.0), (36.0, 221.0), (53.0, 220.0), (1.0, 192.0), (83.0, 188.0), (21.0, 96.0), (68.0, 96.0), (-30.0, 89.0), (111.0, 95.0), (-9.0, 11.0), (92.0, 13.0), (0, 0), (83.0, 2.0), (-30.0, -19.0), (113.0, -15.0)]
[(44.0, 216.0), (36.0, 225.0), (52.0, 225.0), (1.0, 195.0), (83.0, 192.0), (21.0, 102.0), (68.0, 101.0), (-29.0, 90.0), (110.0, 95.0), (-9.0, 11.0), (92.0, 13.0), (0, 0), (83.0, 2.0), (-30.0, -19.0), (114.0, -16.0)]
[(44.0, 228.0), (36.0, 234.0), (51.0, 236.0), (1.0, 206.0), (83.0, 205.0), (20.0, 120.0), (68.0, 121.0), (-28.0, 90.0), (110.0, 95.0), (-9.0, 11.0), (92.0, 13.0), (0, 0), (83.0, 1.0), (-30.0, -19.0), (114.0, -16.0)]
[(43.0, 253.0), (36.0, 262.0), (51.0, 261.0), (1.0, 224.0), (80.0, 220.0), (17.0, 133.0), (66.0, 136.0), (-26.0, 90.0), (108.0, 95.0), (-9.0, 12.0), (92.0, 13.0), (0, 0), (84.0, 1.0), (-30.0, -19.0), (115.0, -15.0)]
[(43.0, 256.0), (35.0, 265.0), (50.0, 264.0), (1.0, 227.0), (77.0, 224.0), (17.0, 136.0), (65.0, 137.0), (-24.0, 90.0), (107.0, 95.0), (-9.0, 12.0), (92.0, 13.0), (0, 0), (84.0, 1.0), (-30.0, -19.0), (115.0, -15.0)]
[(42.0, 276.0), (35.0, 284.0), (50.0, 283.0), (1.0, 244.0), (77.0, 239.0), (16.0, 145.0), (65.0, 146.0), (-22.0, 92.0), (105.0, 95.0), (-9.0, 12.0), (92.0, 13.0), (0, 0), (84.0, 1.0), (-31.0, -18.0), (115.0, -15.0)]
[(41.0, 279.0), (34.0, 287.0), (49.0, 286.0), (1.0, 245.0), (77.0, 242.0), (15.0, 148.0), (64.0, 148.0), (-21.0, 92.0), (105.0, 94.0), (-9.0, 12.0), (92.0, 13.0), (0, 0), (84.0, 1.0), (-30.0, -18.0), (115.0, -15.0)]
[(41.0, 321.0), (33.0, 330.0), (48.0, 328.0), (-1.0, 276.0), (78.0, 274.0), (15.0, 171.0), (64.0, 170.0), (-19.0, 97.0), (100.0, 97.0), (-9.0, 11.0), (92.0, 12.0), (0, 0), (84.0, 0.0), (-30.0, -19.0), (115.0, -16.0)]
[(41.0, 345.0), (34.0, 353.0), (49.0, 353.0), (-3.0, 298.0), (80.0, 296.0), (16.0, 185.0), (65.0, 185.0), (-15.0, 101.0), (98.0, 100.0), (-8.0, 11.0), (93.0, 12.0), (0, 0), (85.0, 0.0), (-29.0, -19.0), (116.0, -16.0)]
[(41.0, 365.0), (33.0, 374.0), (49.0, 373.0), (-6.0, 317.0), (82.0, 311.0), (13.0, 197.0), (64.0, 195.0), (-10.0, 107.0), (93.0, 105.0), (-8.0, 12.0), (93.0, 13.0), (0, 0), (86.0, 0.0), (-28.0, -19.0), (115.0, -15.0)]