[(43.0, 367.0), (34.0, 377.0), (50.0, 375.0), (-7.0, 326.0), (83.0, 319.0), (13.0, 204.0), (64.0, 204.0), (-6.0, 107.0), (90.0, 110.0), (-7.0, 12.0), (94.0, 13.0), (0, 0), (88.0, 1.0), (-29.0, -20.0), (114.0, -16.0)]
[(42.0, 391.0), (33.0, 401.0), (50.0, 400.0), (-8.0, 346.0), (82.0, 340.0), (13.0, 212.0), (64.0, 213.0), (1.0, 109.0), (82.0, 110.0), (-7.0, 13.0), (93.0, 14.0), (0, 0), (88.0, 2.0), (-29.0, -20.0), (113.0, -16.0)]
[(42.0, 399.0), (32.0, 409.0), (49.0, 409.0), (-10.0, 348.0), (82.0, 345.0), (13.0, 214.0), (64.0, 215.0), (4.0, 110.0), (78.0, 112.0), (-6.0, 14.0), (93.0, 15.0), (0, 0), (88.0, 3.0), (-29.0, -20.0), (113.0, -15.0)]
[(41.0, 399.0), (31.0, 408.0), (48.0, 407.0), (-11.0, 349.0), (81.0, 345.0), (13.0, 214.0), (63.0, 216.0), (4.0, 111.0), (77.0, 111.0), (-6.0, 14.0), (91.0, 15.0), (0, 0), (87.0, 3.0), (-30.0, -20.0), (112.0, -15.0)]
[(40.0, 400.0), (30.0, 409.0), (48.0, 409.0), (-11.0, 349.0), (80.0, 347.0), (13.0, 214.0), (63.0, 216.0), (5.0, 110.0), (77.0, 111.0), (-6.0, 14.0), (91.0, 15.0), (0, 0), (87.0, 3.0), (-30.0, -20.0), (111.0, -15.0)]
[(39.0, 401.0), (30.0, 410.0), (48.0, 409.0), (-10.0, 349.0), (80.0, 347.0), (13.0, 214.0), (63.0, 216.0), (5.0, 110.0), (77.0, 111.0), (-6.0, 14.0), (91.0, 15.0), (0, 0), (87.0, 4.0), (-30.0, -20.0), (111.0, -15.0)]
[(39.0, 401.0), (30.0, 410.0), (47.0, 410.0), (-10.0, 350.0), (80.0, 350.0), (13.0, 214.0), (63.0, 217.0), (5.0, 110.0), (76.0, 112.0), (-6.0, 14.0), (91.0, 15.0), (0, 0), (87.0, 4.0), (-30.0, -20.0), (111.0, -15.0)]
[(38.0, 402.0), (28.0, 411.0), (46.0, 410.0), (-11.0, 350.0), (78.0, 351.0), (13.0, 213.0), (62.0, 217.0), (4.0, 109.0), (74.0, 111.0), (-7.0, 14.0), (90.0, 15.0), (0, 0), (86.0, 4.0), (-32.0, -20.0), (110.0, -15.0)]
[(37.0, 402.0), (28.0, 411.0), (46.0, 410.0), (-11.0, 350.0), (78.0, 350.0), (13.0, 213.0), (62.0, 217.0), (4.0, 109.0), (75.0, 111.0), (-7.0, 14.0), (90.0, 15.0), (0, 0), (86.0, 4.0), (-32.0, -20.0), (110.0, -15.0)]
[(37.0, 402.0), (28.0, 411.0), (46.0, 410.0), (-11.0, 350.0), (78.0, 350.0), (13.0, 213.0), (62.0, 217.0), (4.0, 109.0), (75.0, 111.0), (-7.0, 14.0), (90.0, 15.0), (0, 0), (86.0, 4.0), (-32.0, -20.0), (110.0, -15.0)]
[(37.0, 402.0), (27.0, 411.0), (46.0, 410.0), (-11.0, 349.0), (77.0, 349.0), (13.0, 213.0), (62.0, 217.0), (4.0, 109.0), (75.0, 111.0), (-6.0, 15.0), (90.0, 15.0), (0, 0), (86.0, 4.0), (-32.0, -20.0), (110.0, -15.0)]
[(37.0, 401.0), (28.0, 410.0), (46.0, 409.0), (-11.0, 347.0), (78.0, 347.0), (13.0, 213.0), (63.0, 216.0), (3.0, 109.0), (76.0, 111.0), (-6.0, 15.0), (90.0, 15.0), (0, 0), (86.0, 4.0), (-32.0, -20.0), (110.0, -15.0)]
[(38.0, 398.0), (28.0, 407.0), (46.0, 406.0), (-11.0, 345.0), (78.0, 345.0), (13.0, 212.0), (63.0, 215.0), (3.0, 109.0), (76.0, 111.0), (-6.0, 14.0), (90.0, 15.0), (0, 0), (86.0, 4.0), (-32.0, -20.0), (110.0, -15.0)]
[(39.0, 397.0), (29.0, 406.0), (47.0, 405.0), (-11.0, 344.0), (79.0, 344.0), (13.0, 212.0), (63.0, 214.0), (2.0, 109.0), (76.0, 111.0), (-6.0, 14.0), (90.0, 16.0), (0, 0), (86.0, 4.0), (-32.0, -20.0), (110.0, -15.0)]
[(40.0, 395.0), (30.0, 405.0), (47.0, 403.0), (-11.0, 344.0), (80.0, 341.0), (13.0, 211.0), (63.0, 214.0), (-0.0, 109.0), (80.0, 110.0), (-6.0, 14.0), (90.0, 15.0), (0, 0), (86.0, 4.0), (-32.0, -20.0), (110.0, -15.0)]
[(42.0, 359.0), (33.0, 369.0), (48.0, 367.0), (-11.0, 320.0), (80.0, 317.0), (11.0, 194.0), (62.0, 196.0), (-6.0, 109.0), (90.0, 109.0), (-7.0, 14.0), (90.0, 15.0), (0, 0), (86.0, 4.0), (-32.0, -20.0), (111.0, -15.0)]
[(42.0, 336.0), (33.0, 346.0), (48.0, 345.0), (-10.0, 301.0), (80.0, 297.0), (11.0, 177.0), (62.0, 179.0), (-12.0, 102.0), (96.0, 107.0), (-7.0, 14.0), (90.0, 15.0), (0, 0), (85.0, 2.0), (-32.0, -20.0), (111.0, -15.0)]
[(43.0, 337.0), (34.0, 346.0), (49.0, 345.0), (-9.0, 296.0), (82.0, 292.0), (12.0, 171.0), (64.0, 173.0), (-12.0, 98.0), (98.0, 103.0), (-6.0, 13.0), (91.0, 13.0), (0, 0), (86.0, 1.0), (-31.0, -21.0), (112.0, -16.0)]
[(43.0, 318.0), (34.0, 326.0), (49.0, 325.0), (-7.0, 282.0), (84.0, 277.0), (12.0, 167.0), (64.0, 167.0), (-16.0, 97.0), (101.0, 101.0), (-7.0, 13.0), (92.0, 13.0), (0, 0), (86.0, 1.0), (-31.0, -21.0), (112.0, -16.0)]
[(43.0, 275.0), (34.0, 284.0), (50.0, 283.0), (-3.0, 248.0), (84.0, 248.0), (15.0, 144.0), (67.0, 145.0), (-22.0, 95.0), (107.0, 93.0), (-7.0, 12.0), (92.0, 12.0), (0, 0), (86.0, 1.0), (-32.0, -21.0), (113.0, -16.0)]
[(43.0, 255.0), (34.0, 265.0), (50.0, 265.0), (-1.0, 231.0), (84.0, 229.0), (17.0, 136.0), (68.0, 136.0), (-25.0, 94.0), (108.0, 95.0), (-9.0, 12.0), (93.0, 12.0), (0, 0), (85.0, 1.0), (-32.0, -20.0), (113.0, -16.0)]
[(43.0, 255.0), (35.0, 264.0), (51.0, 263.0), (-0.0, 230.0), (83.0, 228.0), (17.0, 134.0), (68.0, 134.0), (-25.0, 92.0), (109.0, 94.0), (-9.0, 11.0), (93.0, 12.0), (0, 0), (85.0, 0.0), (-33.0, -20.0), (113.0, -16.0)]
[(44.0, 236.0), (36.0, 247.0), (52.0, 246.0), (1.0, 216.0), (85.0, 216.0), (18.0, 124.0), (69.0, 125.0), (-25.0, 91.0), (112.0, 94.0), (-9.0, 11.0), (94.0, 11.0), (0, 0), (85.0, -1.0), (-32.0, -20.0), (114.0, -16.0)]
[(44.0, 238.0), (36.0, 247.0), (52.0, 247.0), (1.0, 216.0), (85.0, 215.0), (19.0, 124.0), (69.0, 123.0), (-25.0, 92.0), (112.0, 94.0), (-9.0, 12.0), (94.0, 12.0), (0, 0), (85.0, 0.0), (-31.0, -18.0), (114.0, -15.0)]
[(44.0, 215.0), (36.0, 225.0), (52.0, 225.0), (1.0, 197.0), (85.0, 196.0), (20.0, 106.0), (69.0, 106.0), (-29.0, 92.0), (113.0, 96.0), (-9.0, 12.0), (94.0, 13.0), (0, 0), (85.0, 1.0), (-32.0, -17.0), (113.0, -14.0)]
[(44.0, 207.0), (35.0, 217.0), (52.0, 217.0), (-0.0, 191.0), (84.0, 190.0), (20.0, 99.0), (68.0, 97.0), (-31.0, 91.0), (114.0, 95.0), (-10.0, 12.0), (92.0, 13.0), (0, 0), (83.0, 1.0), (-31.0, -17.0), (112.0, -14.0)]
[(43.0, 208.0), (34.0, 218.0), (52.0, 218.0), (1.0, 191.0), (84.0, 189.0), (19.0, 98.0), (68.0, 95.0), (-33.0, 90.0), (114.0, 95.0), (-10.0, 12.0), (92.0, 13.0), (0, 0), (83.0, 1.0), (-31.0, -17.0), (112.0, -14.0)]
[(43.0, 208.0), (34.0, 218.0), (52.0, 217.0), (1.0, 190.0), (83.0, 189.0), (19.0, 97.0), (67.0, 95.0), (-33.0, 89.0), (114.0, 95.0), (-9.0, 12.0), (93.0, 12.0), (0, 0), (84.0, 1.0), (-30.0, -18.0), (112.0, -15.0)]
[(43.0, 219.0), (34.0, 228.0), (52.0, 229.0), (1.0, 200.0), (82.0, 200.0), (19.0, 108.0), (67.0, 107.0), (-32.0, 89.0), (113.0, 95.0), (-9.0, 12.0), (93.0, 12.0), (0, 0), (83.0, 1.0), (-30.0, -19.0), (112.0, -16.0)]
[(43.0, 228.0), (34.0, 237.0), (50.0, 237.0), (1.0, 206.0), (82.0, 206.0), (17.0, 113.0), (66.0, 111.0), (-31.0, 90.0), (113.0, 95.0), (-9.0, 12.0), (93.0, 13.0), (0, 0), (83.0, 1.0), (-30.0, -19.0), (113.0, -16.0)]
[(43.0, 231.0), (34.0, 240.0), (50.0, 240.0), (1.0, 210.0), (82.0, 209.0), (16.0, 115.0), (65.0, 114.0), (-31.0, 90.0), (112.0, 95.0), (-9.0, 12.0), (92.0, 13.0), (0, 0), (83.0, 1.0), (-30.0, -19.0), (113.0, -16.0)]
[(43.0, 241.0), (34.0, 250.0), (49.0, 251.0), (1.0, 223.0), (81.0, 221.0), (16.0, 129.0), (65.0, 130.0), (-28.0, 90.0), (111.0, 95.0), (-9.0, 12.0), (92.0, 13.0), (0, 0), (83.0, 1.0), (-30.0, -19.0), (114.0, -15.0)]
[(42.0, 244.0), (34.0, 253.0), (48.0, 253.0), (1.0, 226.0), (81.0, 222.0), (15.0, 131.0), (65.0, 132.0), (-27.0, 90.0), (111.0, 95.0), (-9.0, 12.0), (92.0, 13.0), (0, 0), (84.0, 1.0), (-30.0, -19.0), (114.0, -15.0)]
[(41.0, 262.0), (33.0, 272.0), (48.0, 272.0), (1.0, 241.0), (81.0, 241.0), (15.0, 141.0), (65.0, 142.0), (-26.0, 91.0), (108.0, 97.0), (-9.0, 12.0), (92.0, 13.0), (0, 0), (84.0, 1.0), (-30.0, -19.0), (114.0, -16.0)]
[(41.0, 314.0), (33.0, 322.0), (48.0, 322.0), (-1.0, 278.0), (81.0, 275.0), (15.0, 167.0), (65.0, 168.0), (-22.0, 94.0), (103.0, 102.0), (-9.0, 12.0), (92.0, 13.0), (0, 0), (84.0, 1.0), (-30.0, -18.0), (114.0, -15.0)]
[(40.0, 335.0), (32.0, 344.0), (47.0, 344.0), (-3.0, 300.0), (81.0, 293.0), (13.0, 182.0), (64.0, 182.0), (-18.0, 99.0), (97.0, 104.0), (-9.0, 11.0), (93.0, 12.0), (0, 0), (85.0, 0.0), (-31.0, -19.0), (114.0, -16.0)]
[(40.0, 338.0), (31.0, 346.0), (47.0, 346.0), (-4.0, 301.0), (81.0, 294.0), (13.0, 185.0), (63.0, 184.0), (-17.0, 100.0), (98.0, 104.0), (-9.0, 13.0), (93.0, 13.0), (0, 0), (85.0, 1.0), (-30.0, -18.0), (114.0, -15.0)]
[(41.0, 357.0), (33.0, 366.0), (47.0, 365.0), (-6.0, 320.0), (80.0, 311.0), (11.0, 196.0), (61.0, 196.0), (-12.0, 104.0), (94.0, 106.0), (-9.0, 13.0), (93.0, 13.0), (0, 0), (86.0, 1.0), (-30.0, -19.0), (115.0, -15.0)]
[(41.0, 388.0), (32.0, 397.0), (47.0, 395.0), (-10.0, 344.0), (80.0, 338.0), (11.0, 211.0), (60.0, 211.0), (-4.0, 107.0), (85.0, 111.0), (-8.0, 13.0), (93.0, 14.0), (0, 0), (86.0, 2.0), (-30.0, -19.0), (114.0, -15.0)]