[(36.0, 384.0), (30.0, 392.0), (43.0, 391.0), (-10.0, 338.0), (77.0, 333.0), (9.0, 203.0), (58.0, 204.0), (-10.0, 104.0), (82.0, 107.0), (-8.0, 12.0), (86.0, 12.0), (0, 0), (79.0, -1.0), (-31.0, -18.0), (109.0, -16.0)]
[(36.0, 382.0), (28.0, 390.0), (42.0, 390.0), (-10.0, 338.0), (77.0, 332.0), (9.0, 205.0), (59.0, 205.0), (-9.0, 104.0), (81.0, 108.0), (-8.0, 12.0), (86.0, 11.0), (0, 0), (79.0, -1.0), (-31.0, -19.0), (108.0, -16.0)]
[(35.0, 390.0), (27.0, 399.0), (42.0, 398.0), (-12.0, 344.0), (76.0, 338.0), (7.0, 210.0), (57.0, 210.0), (-6.0, 105.0), (77.0, 110.0), (-8.0, 11.0), (84.0, 10.0), (0, 0), (78.0, -1.0), (-32.0, -20.0), (107.0, -18.0)]
[(35.0, 390.0), (27.0, 399.0), (42.0, 398.0), (-13.0, 345.0), (76.0, 339.0), (7.0, 210.0), (57.0, 210.0), (-6.0, 106.0), (75.0, 110.0), (-7.0, 11.0), (84.0, 10.0), (0, 0), (78.0, 0.0), (-31.0, -22.0), (107.0, -18.0)]
[(36.0, 400.0), (27.0, 409.0), (43.0, 408.0), (-13.0, 348.0), (77.0, 343.0), (8.0, 211.0), (58.0, 212.0), (-1.0, 108.0), (73.0, 111.0), (-6.0, 12.0), (84.0, 11.0), (0, 0), (78.0, 1.0), (-30.0, -22.0), (108.0, -16.0)]
[(36.0, 403.0), (27.0, 412.0), (43.0, 411.0), (-14.0, 346.0), (76.0, 345.0), (10.0, 212.0), (59.0, 215.0), (1.0, 108.0), (72.0, 111.0), (-7.0, 12.0), (84.0, 11.0), (0, 0), (78.0, 1.0), (-30.0, -22.0), (108.0, -16.0)]
[(35.0, 405.0), (26.0, 413.0), (43.0, 413.0), (-14.0, 347.0), (76.0, 347.0), (10.0, 211.0), (59.0, 215.0), (1.0, 107.0), (71.0, 110.0), (-6.0, 12.0), (84.0, 12.0), (0, 0), (78.0, 1.0), (-30.0, -22.0), (108.0, -16.0)]
[(34.0, 404.0), (26.0, 413.0), (43.0, 412.0), (-14.0, 347.0), (75.0, 347.0), (11.0, 211.0), (59.0, 215.0), (1.0, 107.0), (72.0, 110.0), (-6.0, 12.0), (84.0, 12.0), (0, 0), (78.0, 1.0), (-30.0, -23.0), (108.0, -16.0)]
[(33.0, 405.0), (25.0, 414.0), (42.0, 413.0), (-14.0, 347.0), (75.0, 349.0), (11.0, 211.0), (59.0, 215.0), (2.0, 107.0), (71.0, 110.0), (-6.0, 13.0), (84.0, 13.0), (0, 0), (78.0, 2.0), (-30.0, -23.0), (108.0, -16.0)]
[(32.0, 404.0), (24.0, 413.0), (41.0, 412.0), (-14.0, 347.0), (75.0, 348.0), (11.0, 211.0), (59.0, 215.0), (2.0, 107.0), (71.0, 110.0), (-6.0, 13.0), (84.0, 13.0), (0, 0), (78.0, 2.0), (-29.0, -23.0), (108.0, -16.0)]
[(32.0, 404.0), (24.0, 412.0), (41.0, 411.0), (-14.0, 347.0), (74.0, 348.0), (11.0, 212.0), (59.0, 214.0), (2.0, 108.0), (70.0, 110.0), (-6.0, 13.0), (84.0, 14.0), (0, 0), (78.0, 2.0), (-29.0, -23.0), (107.0, -16.0)]
[(32.0, 404.0), (24.0, 412.0), (41.0, 411.0), (-15.0, 347.0), (74.0, 347.0), (11.0, 212.0), (59.0, 214.0), (1.0, 108.0), (70.0, 110.0), (-6.0, 13.0), (84.0, 14.0), (0, 0), (79.0, 2.0), (-29.0, -23.0), (107.0, -16.0)]
[(32.0, 401.0), (24.0, 410.0), (41.0, 409.0), (-15.0, 347.0), (75.0, 345.0), (10.0, 211.0), (59.0, 213.0), (1.0, 108.0), (70.0, 110.0), (-6.0, 13.0), (84.0, 14.0), (0, 0), (79.0, 2.0), (-28.0, -23.0), (107.0, -16.0)]
[(33.0, 399.0), (24.0, 408.0), (41.0, 407.0), (-15.0, 346.0), (75.0, 343.0), (10.0, 210.0), (59.0, 212.0), (-0.0, 108.0), (71.0, 109.0), (-6.0, 13.0), (84.0, 14.0), (0, 0), (79.0, 2.0), (-28.0, -23.0), (107.0, -16.0)]
[(33.0, 399.0), (24.0, 407.0), (42.0, 406.0), (-15.0, 345.0), (76.0, 342.0), (10.0, 210.0), (59.0, 211.0), (-0.0, 108.0), (71.0, 108.0), (-6.0, 13.0), (84.0, 14.0), (0, 0), (78.0, 2.0), (-28.0, -23.0), (107.0, -16.0)]
[(35.0, 395.0), (25.0, 405.0), (42.0, 404.0), (-15.0, 345.0), (77.0, 341.0), (9.0, 209.0), (59.0, 211.0), (-3.0, 105.0), (74.0, 108.0), (-6.0, 13.0), (84.0, 14.0), (0, 0), (79.0, 3.0), (-28.0, -23.0), (107.0, -16.0)]
[(35.0, 393.0), (26.0, 403.0), (42.0, 402.0), (-15.0, 345.0), (77.0, 339.0), (9.0, 209.0), (59.0, 210.0), (-5.0, 103.0), (76.0, 107.0), (-6.0, 13.0), (84.0, 14.0), (0, 0), (79.0, 3.0), (-29.0, -23.0), (107.0, -16.0)]
[(37.0, 383.0), (27.0, 392.0), (44.0, 391.0), (-14.0, 336.0), (78.0, 329.0), (9.0, 203.0), (59.0, 204.0), (-7.0, 102.0), (81.0, 105.0), (-6.0, 13.0), (85.0, 14.0), (0, 0), (79.0, 2.0), (-29.0, -23.0), (107.0, -16.0)]
[(38.0, 342.0), (29.0, 350.0), (44.0, 349.0), (-14.0, 307.0), (77.0, 299.0), (9.0, 179.0), (60.0, 183.0), (-14.0, 99.0), (89.0, 104.0), (-6.0, 13.0), (85.0, 14.0), (0, 0), (78.0, 1.0), (-31.0, -23.0), (107.0, -16.0)]
[(37.0, 314.0), (29.0, 323.0), (43.0, 324.0), (-11.0, 288.0), (78.0, 281.0), (10.0, 168.0), (61.0, 170.0), (-17.0, 98.0), (94.0, 105.0), (-7.0, 12.0), (85.0, 13.0), (0, 0), (78.0, 1.0), (-34.0, -21.0), (107.0, -16.0)]
[(37.0, 318.0), (29.0, 328.0), (43.0, 326.0), (-10.0, 286.0), (78.0, 279.0), (12.0, 167.0), (63.0, 170.0), (-18.0, 98.0), (95.0, 105.0), (-8.0, 13.0), (85.0, 13.0), (0, 0), (78.0, 1.0), (-36.0, -19.0), (107.0, -15.0)]
[(38.0, 298.0), (30.0, 308.0), (44.0, 306.0), (-9.0, 272.0), (78.0, 267.0), (13.0, 157.0), (64.0, 159.0), (-22.0, 96.0), (100.0, 98.0), (-8.0, 12.0), (85.0, 12.0), (0, 0), (78.0, 1.0), (-35.0, -19.0), (107.0, -15.0)]
[(38.0, 258.0), (30.0, 268.0), (45.0, 268.0), (-5.0, 238.0), (79.0, 233.0), (14.0, 138.0), (64.0, 138.0), (-24.0, 93.0), (102.0, 95.0), (-9.0, 11.0), (86.0, 12.0), (0, 0), (78.0, 1.0), (-34.0, -19.0), (107.0, -15.0)]
[(38.0, 233.0), (30.0, 241.0), (45.0, 241.0), (-5.0, 212.0), (79.0, 210.0), (14.0, 120.0), (64.0, 120.0), (-28.0, 91.0), (106.0, 96.0), (-9.0, 11.0), (86.0, 13.0), (0, 0), (78.0, 1.0), (-35.0, -18.0), (107.0, -14.0)]
[(39.0, 219.0), (31.0, 228.0), (47.0, 229.0), (-3.0, 199.0), (81.0, 199.0), (16.0, 109.0), (65.0, 109.0), (-29.0, 90.0), (108.0, 97.0), (-9.0, 10.0), (87.0, 12.0), (0, 0), (79.0, 1.0), (-32.0, -18.0), (107.0, -14.0)]
[(40.0, 210.0), (31.0, 219.0), (47.0, 219.0), (-3.0, 191.0), (81.0, 191.0), (16.0, 100.0), (65.0, 100.0), (-29.0, 91.0), (109.0, 96.0), (-9.0, 11.0), (87.0, 13.0), (0, 0), (79.0, 2.0), (-31.0, -17.0), (107.0, -13.0)]
[(39.0, 210.0), (31.0, 220.0), (48.0, 219.0), (-2.0, 191.0), (81.0, 191.0), (18.0, 99.0), (65.0, 96.0), (-30.0, 90.0), (109.0, 97.0), (-9.0, 11.0), (87.0, 13.0), (0, 0), (79.0, 2.0), (-31.0, -17.0), (107.0, -13.0)]
[(38.0, 203.0), (30.0, 214.0), (47.0, 213.0), (-3.0, 187.0), (80.0, 185.0), (17.0, 95.0), (64.0, 92.0), (-32.0, 90.0), (109.0, 96.0), (-10.0, 11.0), (86.0, 13.0), (0, 0), (78.0, 2.0), (-31.0, -17.0), (106.0, -14.0)]
[(38.0, 208.0), (30.0, 217.0), (47.0, 217.0), (-3.0, 189.0), (80.0, 188.0), (17.0, 99.0), (64.0, 98.0), (-33.0, 90.0), (109.0, 96.0), (-10.0, 11.0), (86.0, 13.0), (0, 0), (78.0, 2.0), (-31.0, -17.0), (106.0, -14.0)]
[(39.0, 215.0), (31.0, 223.0), (48.0, 224.0), (-2.0, 197.0), (80.0, 195.0), (15.0, 106.0), (63.0, 105.0), (-32.0, 90.0), (109.0, 96.0), (-9.0, 11.0), (87.0, 13.0), (0, 0), (79.0, 2.0), (-30.0, -18.0), (108.0, -14.0)]
[(39.0, 217.0), (30.0, 225.0), (47.0, 225.0), (-2.0, 200.0), (80.0, 196.0), (14.0, 109.0), (63.0, 109.0), (-32.0, 91.0), (109.0, 97.0), (-9.0, 12.0), (87.0, 14.0), (0, 0), (79.0, 3.0), (-30.0, -17.0), (108.0, -13.0)]
[(39.0, 232.0), (30.0, 239.0), (46.0, 241.0), (-2.0, 216.0), (79.0, 214.0), (13.0, 123.0), (63.0, 125.0), (-30.0, 90.0), (109.0, 96.0), (-9.0, 12.0), (87.0, 14.0), (0, 0), (79.0, 2.0), (-29.0, -18.0), (109.0, -14.0)]
[(38.0, 257.0), (30.0, 265.0), (46.0, 266.0), (-2.0, 238.0), (77.0, 237.0), (12.0, 138.0), (62.0, 140.0), (-27.0, 90.0), (106.0, 95.0), (-9.0, 12.0), (87.0, 14.0), (0, 0), (79.0, 2.0), (-29.0, -18.0), (109.0, -14.0)]
[(38.0, 258.0), (30.0, 267.0), (45.0, 267.0), (-1.0, 239.0), (75.0, 236.0), (11.0, 138.0), (61.0, 139.0), (-25.0, 89.0), (105.0, 94.0), (-9.0, 11.0), (87.0, 13.0), (0, 0), (79.0, 1.0), (-29.0, -18.0), (109.0, -15.0)]
[(38.0, 278.0), (30.0, 287.0), (46.0, 287.0), (-0.0, 256.0), (76.0, 257.0), (13.0, 148.0), (62.0, 149.0), (-23.0, 92.0), (104.0, 96.0), (-8.0, 12.0), (88.0, 12.0), (0, 0), (80.0, 1.0), (-29.0, -17.0), (110.0, -15.0)]
[(38.0, 277.0), (30.0, 286.0), (46.0, 286.0), (-0.0, 256.0), (75.0, 256.0), (13.0, 149.0), (62.0, 149.0), (-22.0, 91.0), (103.0, 95.0), (-8.0, 11.0), (88.0, 11.0), (0, 0), (81.0, 0.0), (-29.0, -18.0), (111.0, -16.0)]
[(37.0, 301.0), (30.0, 309.0), (46.0, 309.0), (-0.0, 276.0), (76.0, 271.0), (13.0, 159.0), (62.0, 159.0), (-20.0, 97.0), (101.0, 95.0), (-8.0, 11.0), (88.0, 11.0), (0, 0), (81.0, 0.0), (-29.0, -18.0), (111.0, -16.0)]
[(37.0, 350.0), (29.0, 358.0), (45.0, 357.0), (-5.0, 313.0), (76.0, 307.0), (13.0, 188.0), (62.0, 188.0), (-15.0, 100.0), (95.0, 101.0), (-7.0, 10.0), (88.0, 10.0), (0, 0), (81.0, -1.0), (-29.0, -18.0), (111.0, -16.0)]
[(35.0, 373.0), (27.0, 382.0), (43.0, 381.0), (-10.0, 331.0), (75.0, 325.0), (11.0, 198.0), (60.0, 199.0), (-12.0, 103.0), (88.0, 104.0), (-9.0, 11.0), (86.0, 11.0), (0, 0), (79.0, 0.0), (-31.0, -18.0), (109.0, -15.0)]