[(37.0, 373.0), (30.0, 382.0), (46.0, 381.0), (-5.0, 327.0), (85.0, 322.0), (10.0, 201.0), (64.0, 201.0), (-8.0, 108.0), (93.0, 112.0), (-8.0, 13.0), (97.0, 12.0), (0, 0), (89.0, -2.0), (-31.0, -20.0), (118.0, -17.0)]
[(40.0, 386.0), (31.0, 395.0), (49.0, 394.0), (-4.0, 338.0), (86.0, 334.0), (11.0, 206.0), (66.0, 206.0), (-4.0, 107.0), (90.0, 110.0), (-7.0, 13.0), (98.0, 12.0), (0, 0), (91.0, -1.0), (-32.0, -21.0), (120.0, -17.0)]
[(41.0, 393.0), (31.0, 403.0), (49.0, 403.0), (-4.0, 342.0), (86.0, 340.0), (12.0, 208.0), (67.0, 208.0), (-0.0, 106.0), (87.0, 109.0), (-7.0, 13.0), (98.0, 12.0), (0, 0), (91.0, 0.0), (-33.0, -22.0), (119.0, -17.0)]
[(41.0, 394.0), (31.0, 403.0), (49.0, 403.0), (-4.0, 343.0), (87.0, 338.0), (13.0, 207.0), (67.0, 207.0), (1.0, 106.0), (87.0, 109.0), (-7.0, 13.0), (97.0, 12.0), (0, 0), (91.0, 0.0), (-33.0, -22.0), (119.0, -17.0)]
[(41.0, 399.0), (32.0, 408.0), (49.0, 408.0), (-4.0, 343.0), (87.0, 341.0), (15.0, 208.0), (68.0, 208.0), (5.0, 106.0), (84.0, 109.0), (-7.0, 13.0), (97.0, 12.0), (0, 0), (91.0, 1.0), (-33.0, -22.0), (118.0, -16.0)]
[(41.0, 400.0), (32.0, 409.0), (49.0, 409.0), (-4.0, 343.0), (87.0, 343.0), (16.0, 210.0), (68.0, 210.0), (5.0, 107.0), (82.0, 110.0), (-7.0, 13.0), (96.0, 12.0), (0, 0), (91.0, 1.0), (-34.0, -22.0), (118.0, -17.0)]
[(41.0, 399.0), (32.0, 409.0), (50.0, 409.0), (-4.0, 344.0), (87.0, 342.0), (16.0, 209.0), (68.0, 210.0), (5.0, 106.0), (83.0, 110.0), (-7.0, 13.0), (96.0, 12.0), (0, 0), (91.0, 0.0), (-34.0, -22.0), (118.0, -17.0)]
[(40.0, 399.0), (32.0, 408.0), (50.0, 408.0), (-4.0, 344.0), (87.0, 343.0), (18.0, 209.0), (68.0, 210.0), (6.0, 106.0), (83.0, 109.0), (-7.0, 13.0), (95.0, 12.0), (0, 0), (91.0, 0.0), (-34.0, -22.0), (117.0, -17.0)]
[(40.0, 399.0), (32.0, 408.0), (50.0, 408.0), (-4.0, 344.0), (87.0, 343.0), (18.0, 210.0), (68.0, 211.0), (6.0, 107.0), (83.0, 109.0), (-7.0, 13.0), (95.0, 12.0), (0, 0), (91.0, 0.0), (-34.0, -22.0), (117.0, -17.0)]
[(40.0, 399.0), (32.0, 408.0), (50.0, 407.0), (-4.0, 345.0), (87.0, 343.0), (18.0, 211.0), (68.0, 211.0), (5.0, 108.0), (83.0, 110.0), (-7.0, 13.0), (95.0, 13.0), (0, 0), (91.0, 1.0), (-34.0, -21.0), (117.0, -16.0)]
[(40.0, 396.0), (32.0, 405.0), (50.0, 405.0), (-3.0, 344.0), (87.0, 342.0), (18.0, 210.0), (69.0, 210.0), (5.0, 108.0), (84.0, 110.0), (-7.0, 13.0), (95.0, 12.0), (0, 0), (91.0, 1.0), (-35.0, -22.0), (117.0, -16.0)]
[(40.0, 396.0), (32.0, 405.0), (50.0, 405.0), (-3.0, 344.0), (87.0, 342.0), (18.0, 210.0), (69.0, 209.0), (4.0, 108.0), (84.0, 110.0), (-7.0, 13.0), (95.0, 12.0), (0, 0), (91.0, 1.0), (-35.0, -22.0), (117.0, -16.0)]
[(41.0, 393.0), (32.0, 403.0), (50.0, 402.0), (-3.0, 342.0), (87.0, 340.0), (18.0, 209.0), (69.0, 208.0), (-0.0, 108.0), (85.0, 108.0), (-7.0, 13.0), (95.0, 12.0), (0, 0), (91.0, 1.0), (-35.0, -22.0), (117.0, -16.0)]
[(42.0, 374.0), (33.0, 384.0), (50.0, 383.0), (-3.0, 328.0), (88.0, 324.0), (18.0, 195.0), (69.0, 195.0), (-6.0, 106.0), (92.0, 106.0), (-7.0, 14.0), (95.0, 12.0), (0, 0), (90.0, 1.0), (-35.0, -22.0), (118.0, -16.0)]
[(44.0, 355.0), (35.0, 365.0), (51.0, 364.0), (-3.0, 311.0), (88.0, 308.0), (18.0, 184.0), (69.0, 184.0), (-10.0, 102.0), (99.0, 104.0), (-7.0, 13.0), (96.0, 12.0), (0, 0), (90.0, 0.0), (-35.0, -22.0), (118.0, -16.0)]
[(47.0, 353.0), (37.0, 363.0), (53.0, 362.0), (-3.0, 307.0), (90.0, 304.0), (17.0, 182.0), (69.0, 182.0), (-11.0, 100.0), (100.0, 102.0), (-7.0, 12.0), (96.0, 12.0), (0, 0), (91.0, 1.0), (-35.0, -21.0), (118.0, -16.0)]
[(47.0, 322.0), (37.0, 331.0), (53.0, 331.0), (-3.0, 278.0), (90.0, 276.0), (17.0, 165.0), (69.0, 166.0), (-14.0, 95.0), (104.0, 97.0), (-7.0, 11.0), (97.0, 11.0), (0, 0), (91.0, 0.0), (-33.0, -22.0), (118.0, -17.0)]
[(46.0, 301.0), (37.0, 310.0), (53.0, 310.0), (-2.0, 258.0), (91.0, 258.0), (17.0, 152.0), (69.0, 152.0), (-16.0, 94.0), (108.0, 95.0), (-7.0, 11.0), (98.0, 11.0), (0, 0), (91.0, -1.0), (-31.0, -22.0), (118.0, -17.0)]
[(46.0, 279.0), (37.0, 290.0), (53.0, 289.0), (-1.0, 243.0), (91.0, 241.0), (16.0, 142.0), (69.0, 142.0), (-19.0, 91.0), (110.0, 92.0), (-7.0, 11.0), (98.0, 11.0), (0, 0), (91.0, -1.0), (-30.0, -21.0), (121.0, -17.0)]
[(45.0, 279.0), (37.0, 289.0), (53.0, 288.0), (-0.0, 243.0), (91.0, 239.0), (15.0, 147.0), (68.0, 146.0), (-20.0, 90.0), (110.0, 91.0), (-7.0, 11.0), (98.0, 10.0), (0, 0), (91.0, -1.0), (-29.0, -21.0), (121.0, -17.0)]
[(45.0, 261.0), (37.0, 270.0), (53.0, 270.0), (-0.0, 232.0), (89.0, 227.0), (14.0, 137.0), (67.0, 137.0), (-22.0, 88.0), (109.0, 91.0), (-8.0, 11.0), (97.0, 10.0), (0, 0), (89.0, -1.0), (-29.0, -20.0), (120.0, -17.0)]
[(44.0, 260.0), (36.0, 269.0), (52.0, 268.0), (-0.0, 230.0), (88.0, 226.0), (14.0, 137.0), (66.0, 137.0), (-24.0, 88.0), (109.0, 90.0), (-9.0, 11.0), (96.0, 10.0), (0, 0), (88.0, -1.0), (-30.0, -20.0), (119.0, -17.0)]
[(44.0, 245.0), (36.0, 254.0), (52.0, 253.0), (1.0, 220.0), (87.0, 218.0), (16.0, 127.0), (67.0, 127.0), (-24.0, 88.0), (110.0, 90.0), (-9.0, 10.0), (96.0, 9.0), (0, 0), (88.0, -2.0), (-30.0, -21.0), (118.0, -18.0)]
[(44.0, 223.0), (36.0, 231.0), (52.0, 232.0), (1.0, 200.0), (86.0, 199.0), (17.0, 106.0), (67.0, 107.0), (-27.0, 89.0), (112.0, 93.0), (-10.0, 11.0), (96.0, 10.0), (0, 0), (88.0, -1.0), (-30.0, -19.0), (118.0, -17.0)]
[(44.0, 210.0), (36.0, 219.0), (53.0, 219.0), (1.0, 196.0), (84.0, 190.0), (17.0, 99.0), (66.0, 98.0), (-28.0, 89.0), (113.0, 93.0), (-10.0, 11.0), (96.0, 9.0), (0, 0), (87.0, -2.0), (-30.0, -19.0), (118.0, -18.0)]
[(44.0, 211.0), (36.0, 221.0), (53.0, 220.0), (1.0, 193.0), (84.0, 188.0), (18.0, 97.0), (65.0, 96.0), (-28.0, 89.0), (114.0, 93.0), (-10.0, 11.0), (96.0, 10.0), (0, 0), (87.0, -2.0), (-30.0, -19.0), (118.0, -17.0)]
[(44.0, 205.0), (36.0, 215.0), (53.0, 214.0), (2.0, 188.0), (85.0, 184.0), (19.0, 91.0), (66.0, 90.0), (-29.0, 89.0), (115.0, 93.0), (-9.0, 11.0), (97.0, 11.0), (0, 0), (88.0, -2.0), (-29.0, -19.0), (119.0, -17.0)]
[(44.0, 205.0), (36.0, 214.0), (53.0, 214.0), (2.0, 188.0), (84.0, 183.0), (19.0, 91.0), (64.0, 90.0), (-29.0, 89.0), (116.0, 94.0), (-9.0, 11.0), (97.0, 11.0), (0, 0), (88.0, -1.0), (-29.0, -19.0), (119.0, -17.0)]
[(43.0, 202.0), (36.0, 212.0), (52.0, 212.0), (3.0, 186.0), (84.0, 181.0), (19.0, 90.0), (64.0, 88.0), (-30.0, 89.0), (117.0, 94.0), (-9.0, 11.0), (97.0, 11.0), (0, 0), (87.0, -2.0), (-29.0, -19.0), (119.0, -18.0)]
[(43.0, 206.0), (36.0, 215.0), (52.0, 215.0), (3.0, 189.0), (84.0, 185.0), (19.0, 94.0), (64.0, 93.0), (-29.0, 89.0), (118.0, 94.0), (-9.0, 11.0), (97.0, 10.0), (0, 0), (87.0, -2.0), (-29.0, -20.0), (119.0, -18.0)]
[(44.0, 212.0), (36.0, 220.0), (53.0, 220.0), (3.0, 194.0), (83.0, 192.0), (19.0, 99.0), (64.0, 99.0), (-29.0, 89.0), (118.0, 94.0), (-9.0, 11.0), (97.0, 10.0), (0, 0), (87.0, -3.0), (-29.0, -20.0), (119.0, -18.0)]
[(45.0, 213.0), (37.0, 221.0), (53.0, 221.0), (3.0, 196.0), (82.0, 194.0), (19.0, 101.0), (64.0, 101.0), (-28.0, 89.0), (117.0, 94.0), (-9.0, 11.0), (97.0, 10.0), (0, 0), (87.0, -3.0), (-29.0, -20.0), (119.0, -18.0)]
[(44.0, 230.0), (36.0, 239.0), (52.0, 239.0), (3.0, 208.0), (82.0, 211.0), (19.0, 119.0), (65.0, 121.0), (-27.0, 89.0), (117.0, 92.0), (-9.0, 11.0), (97.0, 10.0), (0, 0), (87.0, -3.0), (-29.0, -20.0), (119.0, -18.0)]
[(44.0, 252.0), (36.0, 260.0), (52.0, 260.0), (3.0, 223.0), (82.0, 221.0), (17.0, 129.0), (65.0, 131.0), (-25.0, 87.0), (115.0, 92.0), (-9.0, 11.0), (97.0, 11.0), (0, 0), (88.0, -2.0), (-29.0, -20.0), (119.0, -17.0)]
[(42.0, 271.0), (35.0, 279.0), (50.0, 279.0), (3.0, 240.0), (81.0, 238.0), (15.0, 138.0), (65.0, 140.0), (-24.0, 86.0), (112.0, 90.0), (-9.0, 10.0), (97.0, 9.0), (0, 0), (88.0, -3.0), (-29.0, -20.0), (119.0, -18.0)]
[(42.0, 275.0), (35.0, 283.0), (50.0, 283.0), (3.0, 242.0), (81.0, 240.0), (14.0, 142.0), (65.0, 142.0), (-23.0, 86.0), (112.0, 90.0), (-9.0, 10.0), (97.0, 9.0), (0, 0), (88.0, -3.0), (-29.0, -20.0), (119.0, -18.0)]
[(42.0, 293.0), (35.0, 301.0), (49.0, 301.0), (3.0, 258.0), (81.0, 256.0), (14.0, 153.0), (65.0, 153.0), (-21.0, 88.0), (109.0, 91.0), (-9.0, 10.0), (97.0, 9.0), (0, 0), (88.0, -3.0), (-29.0, -19.0), (119.0, -18.0)]
[(41.0, 292.0), (33.0, 301.0), (48.0, 300.0), (2.0, 259.0), (80.0, 256.0), (12.0, 155.0), (64.0, 154.0), (-22.0, 90.0), (107.0, 91.0), (-10.0, 10.0), (96.0, 9.0), (0, 0), (88.0, -3.0), (-30.0, -19.0), (118.0, -18.0)]
[(38.0, 339.0), (30.0, 347.0), (46.0, 346.0), (-1.0, 293.0), (81.0, 293.0), (12.0, 175.0), (64.0, 178.0), (-17.0, 99.0), (100.0, 105.0), (-10.0, 10.0), (96.0, 10.0), (0, 0), (88.0, -1.0), (-30.0, -19.0), (118.0, -17.0)]
[(39.0, 359.0), (32.0, 368.0), (47.0, 367.0), (-3.0, 311.0), (82.0, 311.0), (13.0, 191.0), (65.0, 191.0), (-12.0, 103.0), (98.0, 103.0), (-8.0, 11.0), (97.0, 11.0), (0, 0), (90.0, -1.0), (-29.0, -21.0), (119.0, -18.0)]