[(40.0, 378.0), (30.0, 387.0), (46.0, 386.0), (-6.0, 342.0), (78.0, 336.0), (14.0, 205.0), (64.0, 207.0), (-4.0, 106.0), (87.0, 109.0), (-7.0, 12.0), (92.0, 12.0), (0, 0), (86.0, 0.0), (-28.0, -20.0), (113.0, -16.0)]
[(39.0, 390.0), (29.0, 399.0), (45.0, 399.0), (-8.0, 350.0), (77.0, 344.0), (13.0, 210.0), (63.0, 212.0), (-2.0, 107.0), (85.0, 110.0), (-7.0, 12.0), (91.0, 12.0), (0, 0), (85.0, 0.0), (-29.0, -20.0), (112.0, -16.0)]
[(38.0, 398.0), (28.0, 408.0), (45.0, 408.0), (-9.0, 349.0), (78.0, 346.0), (13.0, 213.0), (64.0, 215.0), (2.0, 107.0), (80.0, 111.0), (-7.0, 12.0), (91.0, 12.0), (0, 0), (85.0, 1.0), (-30.0, -20.0), (112.0, -16.0)]
[(37.0, 400.0), (28.0, 409.0), (45.0, 409.0), (-10.0, 347.0), (79.0, 346.0), (14.0, 212.0), (64.0, 214.0), (4.0, 107.0), (77.0, 110.0), (-7.0, 12.0), (91.0, 12.0), (0, 0), (85.0, 1.0), (-31.0, -21.0), (112.0, -16.0)]
[(37.0, 400.0), (27.0, 410.0), (45.0, 409.0), (-10.0, 346.0), (79.0, 346.0), (14.0, 212.0), (64.0, 214.0), (4.0, 108.0), (76.0, 109.0), (-7.0, 12.0), (90.0, 13.0), (0, 0), (85.0, 1.0), (-31.0, -21.0), (112.0, -16.0)]
[(36.0, 401.0), (27.0, 411.0), (45.0, 410.0), (-10.0, 345.0), (80.0, 345.0), (14.0, 212.0), (64.0, 214.0), (5.0, 109.0), (74.0, 110.0), (-6.0, 12.0), (90.0, 13.0), (0, 0), (85.0, 2.0), (-31.0, -21.0), (110.0, -16.0)]
[(36.0, 402.0), (27.0, 412.0), (45.0, 411.0), (-10.0, 346.0), (80.0, 346.0), (14.0, 213.0), (64.0, 215.0), (5.0, 110.0), (74.0, 112.0), (-6.0, 13.0), (90.0, 15.0), (0, 0), (85.0, 3.0), (-31.0, -20.0), (110.0, -15.0)]
[(36.0, 403.0), (27.0, 413.0), (45.0, 412.0), (-10.0, 347.0), (80.0, 348.0), (14.0, 212.0), (64.0, 215.0), (4.0, 110.0), (75.0, 111.0), (-6.0, 14.0), (90.0, 15.0), (0, 0), (85.0, 3.0), (-30.0, -20.0), (109.0, -15.0)]
[(37.0, 403.0), (27.0, 413.0), (45.0, 412.0), (-10.0, 348.0), (80.0, 349.0), (15.0, 212.0), (64.0, 214.0), (4.0, 110.0), (75.0, 111.0), (-6.0, 14.0), (90.0, 15.0), (0, 0), (85.0, 3.0), (-30.0, -20.0), (109.0, -15.0)]
[(37.0, 403.0), (28.0, 412.0), (46.0, 411.0), (-10.0, 349.0), (80.0, 349.0), (15.0, 212.0), (64.0, 214.0), (4.0, 110.0), (76.0, 111.0), (-6.0, 14.0), (90.0, 15.0), (0, 0), (85.0, 3.0), (-30.0, -20.0), (110.0, -15.0)]
[(38.0, 403.0), (28.0, 412.0), (46.0, 411.0), (-10.0, 349.0), (80.0, 349.0), (15.0, 212.0), (64.0, 214.0), (4.0, 110.0), (76.0, 111.0), (-6.0, 14.0), (90.0, 15.0), (0, 0), (85.0, 3.0), (-30.0, -20.0), (110.0, -15.0)]
[(37.0, 399.0), (27.0, 409.0), (46.0, 408.0), (-11.0, 347.0), (80.0, 346.0), (14.0, 210.0), (63.0, 212.0), (2.0, 109.0), (75.0, 109.0), (-7.0, 13.0), (89.0, 14.0), (0, 0), (84.0, 2.0), (-31.0, -21.0), (109.0, -16.0)]
[(38.0, 397.0), (28.0, 407.0), (46.0, 406.0), (-11.0, 346.0), (81.0, 345.0), (14.0, 211.0), (63.0, 212.0), (1.0, 110.0), (76.0, 109.0), (-7.0, 14.0), (89.0, 15.0), (0, 0), (83.0, 3.0), (-31.0, -21.0), (109.0, -15.0)]
[(41.0, 387.0), (31.0, 399.0), (49.0, 397.0), (-10.0, 345.0), (83.0, 338.0), (14.0, 209.0), (64.0, 209.0), (-2.0, 109.0), (80.0, 108.0), (-6.0, 14.0), (90.0, 15.0), (0, 0), (84.0, 3.0), (-30.0, -21.0), (110.0, -15.0)]
[(42.0, 384.0), (32.0, 395.0), (50.0, 393.0), (-10.0, 345.0), (84.0, 335.0), (14.0, 208.0), (65.0, 207.0), (-4.0, 109.0), (82.0, 107.0), (-7.0, 14.0), (90.0, 15.0), (0, 0), (84.0, 3.0), (-30.0, -21.0), (110.0, -15.0)]
[(43.0, 369.0), (33.0, 381.0), (50.0, 379.0), (-10.0, 335.0), (85.0, 325.0), (14.0, 199.0), (65.0, 199.0), (-7.0, 106.0), (85.0, 104.0), (-7.0, 14.0), (90.0, 14.0), (0, 0), (84.0, 3.0), (-30.0, -21.0), (110.0, -16.0)]
[(44.0, 367.0), (33.0, 380.0), (51.0, 377.0), (-10.0, 331.0), (85.0, 322.0), (13.0, 195.0), (65.0, 196.0), (-9.0, 105.0), (87.0, 103.0), (-8.0, 14.0), (90.0, 13.0), (0, 0), (83.0, 2.0), (-31.0, -21.0), (110.0, -16.0)]
[(44.0, 356.0), (34.0, 366.0), (51.0, 364.0), (-10.0, 320.0), (85.0, 310.0), (13.0, 188.0), (65.0, 189.0), (-11.0, 100.0), (89.0, 103.0), (-8.0, 13.0), (90.0, 13.0), (0, 0), (83.0, 2.0), (-31.0, -21.0), (110.0, -16.0)]
[(44.0, 314.0), (34.0, 323.0), (51.0, 323.0), (-9.0, 288.0), (85.0, 277.0), (13.0, 169.0), (65.0, 170.0), (-16.0, 101.0), (97.0, 103.0), (-8.0, 13.0), (89.0, 12.0), (0, 0), (81.0, 1.0), (-31.0, -21.0), (109.0, -16.0)]
[(44.0, 291.0), (35.0, 302.0), (51.0, 301.0), (-9.0, 265.0), (85.0, 260.0), (14.0, 160.0), (67.0, 161.0), (-19.0, 100.0), (101.0, 99.0), (-8.0, 12.0), (91.0, 11.0), (0, 0), (83.0, 1.0), (-31.0, -21.0), (109.0, -17.0)]
[(46.0, 290.0), (37.0, 300.0), (53.0, 298.0), (-6.0, 263.0), (87.0, 261.0), (15.0, 158.0), (68.0, 159.0), (-19.0, 100.0), (102.0, 98.0), (-7.0, 12.0), (92.0, 11.0), (0, 0), (85.0, 0.0), (-30.0, -21.0), (111.0, -17.0)]
[(45.0, 258.0), (36.0, 267.0), (53.0, 267.0), (-4.0, 233.0), (87.0, 230.0), (16.0, 140.0), (68.0, 142.0), (-23.0, 95.0), (106.0, 92.0), (-7.0, 12.0), (93.0, 11.0), (0, 0), (85.0, 1.0), (-30.0, -21.0), (111.0, -17.0)]
[(45.0, 238.0), (36.0, 248.0), (53.0, 247.0), (-2.0, 220.0), (88.0, 217.0), (17.0, 129.0), (68.0, 130.0), (-25.0, 92.0), (107.0, 91.0), (-8.0, 11.0), (93.0, 11.0), (0, 0), (85.0, 0.0), (-31.0, -20.0), (111.0, -17.0)]
[(45.0, 224.0), (36.0, 234.0), (53.0, 234.0), (-2.0, 207.0), (88.0, 205.0), (18.0, 118.0), (68.0, 118.0), (-26.0, 92.0), (109.0, 92.0), (-8.0, 11.0), (93.0, 10.0), (0, 0), (85.0, -1.0), (-32.0, -19.0), (111.0, -17.0)]
[(45.0, 227.0), (36.0, 237.0), (53.0, 237.0), (-1.0, 206.0), (88.0, 207.0), (20.0, 116.0), (68.0, 116.0), (-26.0, 92.0), (109.0, 93.0), (-8.0, 11.0), (93.0, 11.0), (0, 0), (85.0, 0.0), (-31.0, -18.0), (111.0, -16.0)]
[(45.0, 205.0), (36.0, 216.0), (53.0, 216.0), (-1.0, 190.0), (88.0, 188.0), (20.0, 105.0), (67.0, 105.0), (-28.0, 91.0), (111.0, 92.0), (-9.0, 11.0), (92.0, 11.0), (0, 0), (84.0, 0.0), (-31.0, -18.0), (111.0, -16.0)]
[(45.0, 200.0), (35.0, 210.0), (53.0, 210.0), (-0.0, 184.0), (88.0, 183.0), (19.0, 96.0), (67.0, 94.0), (-29.0, 91.0), (112.0, 93.0), (-9.0, 11.0), (92.0, 11.0), (0, 0), (84.0, 0.0), (-30.0, -18.0), (111.0, -16.0)]
[(45.0, 200.0), (35.0, 211.0), (53.0, 210.0), (-0.0, 183.0), (86.0, 183.0), (20.0, 92.0), (67.0, 89.0), (-30.0, 91.0), (112.0, 92.0), (-9.0, 12.0), (92.0, 12.0), (0, 0), (84.0, 1.0), (-30.0, -18.0), (111.0, -16.0)]
[(44.0, 200.0), (35.0, 210.0), (53.0, 209.0), (1.0, 182.0), (86.0, 181.0), (20.0, 92.0), (67.0, 88.0), (-30.0, 91.0), (112.0, 93.0), (-9.0, 12.0), (92.0, 12.0), (0, 0), (84.0, 1.0), (-30.0, -18.0), (111.0, -16.0)]
[(44.0, 197.0), (35.0, 208.0), (53.0, 207.0), (1.0, 183.0), (86.0, 180.0), (20.0, 90.0), (67.0, 86.0), (-31.0, 90.0), (112.0, 92.0), (-9.0, 11.0), (92.0, 11.0), (0, 0), (84.0, 0.0), (-29.0, -20.0), (111.0, -18.0)]
[(44.0, 198.0), (35.0, 209.0), (53.0, 208.0), (1.0, 185.0), (85.0, 182.0), (20.0, 94.0), (67.0, 91.0), (-31.0, 90.0), (112.0, 92.0), (-9.0, 11.0), (92.0, 10.0), (0, 0), (84.0, -1.0), (-29.0, -21.0), (111.0, -18.0)]
[(44.0, 210.0), (35.0, 220.0), (52.0, 220.0), (1.0, 194.0), (84.0, 191.0), (19.0, 96.0), (66.0, 96.0), (-31.0, 91.0), (111.0, 93.0), (-9.0, 11.0), (92.0, 10.0), (0, 0), (83.0, -1.0), (-29.0, -21.0), (111.0, -18.0)]
[(42.0, 217.0), (34.0, 226.0), (49.0, 228.0), (1.0, 205.0), (83.0, 204.0), (19.0, 115.0), (66.0, 115.0), (-30.0, 91.0), (110.0, 93.0), (-9.0, 11.0), (92.0, 10.0), (0, 0), (83.0, -1.0), (-29.0, -21.0), (111.0, -18.0)]
[(40.0, 223.0), (33.0, 232.0), (47.0, 233.0), (-0.0, 209.0), (82.0, 208.0), (17.0, 120.0), (66.0, 119.0), (-29.0, 92.0), (110.0, 93.0), (-9.0, 12.0), (92.0, 11.0), (0, 0), (83.0, 0.0), (-29.0, -20.0), (112.0, -17.0)]
[(41.0, 261.0), (33.0, 270.0), (47.0, 270.0), (-0.0, 240.0), (80.0, 238.0), (17.0, 140.0), (66.0, 142.0), (-27.0, 92.0), (107.0, 93.0), (-9.0, 13.0), (92.0, 11.0), (0, 0), (83.0, 0.0), (-30.0, -20.0), (112.0, -17.0)]
[(39.0, 284.0), (32.0, 291.0), (47.0, 292.0), (-0.0, 256.0), (79.0, 259.0), (17.0, 154.0), (66.0, 153.0), (-24.0, 94.0), (105.0, 94.0), (-9.0, 13.0), (92.0, 11.0), (0, 0), (83.0, 0.0), (-32.0, -18.0), (113.0, -15.0)]
[(39.0, 308.0), (31.0, 315.0), (46.0, 316.0), (-3.0, 275.0), (79.0, 271.0), (15.0, 160.0), (65.0, 161.0), (-22.0, 95.0), (101.0, 97.0), (-9.0, 12.0), (92.0, 11.0), (0, 0), (84.0, -1.0), (-31.0, -19.0), (113.0, -16.0)]
[(37.0, 308.0), (30.0, 316.0), (45.0, 317.0), (-3.0, 275.0), (79.0, 273.0), (15.0, 165.0), (65.0, 165.0), (-21.0, 95.0), (101.0, 96.0), (-9.0, 12.0), (92.0, 11.0), (0, 0), (84.0, -1.0), (-33.0, -19.0), (113.0, -16.0)]
[(39.0, 350.0), (31.0, 358.0), (46.0, 358.0), (-5.0, 312.0), (80.0, 304.0), (12.0, 188.0), (63.0, 187.0), (-14.0, 100.0), (95.0, 101.0), (-8.0, 10.0), (93.0, 9.0), (0, 0), (86.0, -3.0), (-31.0, -20.0), (114.0, -18.0)]
[(39.0, 368.0), (31.0, 377.0), (46.0, 375.0), (-8.0, 329.0), (80.0, 322.0), (13.0, 200.0), (63.0, 200.0), (-9.0, 104.0), (89.0, 106.0), (-8.0, 11.0), (93.0, 10.0), (0, 0), (86.0, -2.0), (-31.0, -20.0), (114.0, -17.0)]