[(39.0, 388.0), (31.0, 396.0), (47.0, 396.0), (-7.0, 339.0), (83.0, 335.0), (13.0, 206.0), (66.0, 206.0), (-4.0, 105.0), (89.0, 108.0), (-8.0, 12.0), (98.0, 12.0), (0, 0), (91.0, 0.0), (-30.0, -20.0), (121.0, -17.0)]
[(39.0, 387.0), (31.0, 396.0), (47.0, 396.0), (-7.0, 338.0), (83.0, 337.0), (13.0, 206.0), (66.0, 206.0), (-3.0, 105.0), (88.0, 108.0), (-8.0, 13.0), (98.0, 13.0), (0, 0), (91.0, 1.0), (-31.0, -20.0), (120.0, -17.0)]
[(39.0, 394.0), (30.0, 403.0), (47.0, 403.0), (-7.0, 344.0), (83.0, 341.0), (13.0, 210.0), (66.0, 210.0), (-0.0, 106.0), (84.0, 110.0), (-8.0, 13.0), (97.0, 12.0), (0, 0), (91.0, 1.0), (-32.0, -21.0), (119.0, -17.0)]
[(40.0, 394.0), (31.0, 403.0), (48.0, 403.0), (-6.0, 344.0), (85.0, 340.0), (14.0, 208.0), (67.0, 209.0), (2.0, 106.0), (84.0, 110.0), (-7.0, 12.0), (97.0, 12.0), (0, 0), (92.0, 1.0), (-33.0, -22.0), (117.0, -17.0)]
[(40.0, 398.0), (31.0, 407.0), (48.0, 407.0), (-6.0, 343.0), (85.0, 343.0), (14.0, 211.0), (67.0, 211.0), (4.0, 107.0), (82.0, 111.0), (-7.0, 12.0), (97.0, 12.0), (0, 0), (92.0, 1.0), (-33.0, -22.0), (117.0, -17.0)]
[(40.0, 399.0), (31.0, 408.0), (48.0, 408.0), (-5.0, 345.0), (85.0, 344.0), (14.0, 210.0), (67.0, 210.0), (4.0, 107.0), (81.0, 110.0), (-7.0, 13.0), (97.0, 12.0), (0, 0), (92.0, 1.0), (-33.0, -22.0), (117.0, -17.0)]
[(40.0, 399.0), (31.0, 408.0), (48.0, 408.0), (-5.0, 345.0), (85.0, 345.0), (15.0, 210.0), (67.0, 211.0), (4.0, 107.0), (82.0, 109.0), (-7.0, 13.0), (96.0, 12.0), (0, 0), (92.0, 1.0), (-33.0, -22.0), (117.0, -17.0)]
[(40.0, 400.0), (31.0, 409.0), (48.0, 408.0), (-5.0, 345.0), (85.0, 345.0), (16.0, 210.0), (67.0, 211.0), (5.0, 107.0), (81.0, 109.0), (-7.0, 13.0), (96.0, 12.0), (0, 0), (92.0, 1.0), (-33.0, -22.0), (117.0, -17.0)]
[(40.0, 400.0), (31.0, 409.0), (49.0, 408.0), (-5.0, 345.0), (85.0, 345.0), (16.0, 210.0), (67.0, 210.0), (4.0, 107.0), (81.0, 108.0), (-7.0, 13.0), (96.0, 12.0), (0, 0), (92.0, 1.0), (-32.0, -23.0), (117.0, -17.0)]
[(40.0, 399.0), (31.0, 408.0), (49.0, 408.0), (-5.0, 346.0), (85.0, 344.0), (16.0, 209.0), (67.0, 210.0), (4.0, 108.0), (81.0, 109.0), (-7.0, 14.0), (96.0, 13.0), (0, 0), (92.0, 2.0), (-33.0, -22.0), (117.0, -16.0)]
[(40.0, 396.0), (31.0, 405.0), (49.0, 405.0), (-5.0, 344.0), (85.0, 342.0), (16.0, 209.0), (67.0, 209.0), (3.0, 108.0), (82.0, 109.0), (-7.0, 14.0), (96.0, 13.0), (0, 0), (92.0, 2.0), (-33.0, -22.0), (117.0, -16.0)]
[(40.0, 396.0), (31.0, 405.0), (49.0, 404.0), (-5.0, 344.0), (86.0, 341.0), (16.0, 208.0), (67.0, 209.0), (3.0, 107.0), (83.0, 109.0), (-7.0, 14.0), (96.0, 13.0), (0, 0), (91.0, 2.0), (-33.0, -22.0), (117.0, -16.0)]
[(42.0, 393.0), (33.0, 404.0), (50.0, 402.0), (-5.0, 343.0), (87.0, 337.0), (16.0, 203.0), (67.0, 204.0), (-3.0, 106.0), (85.0, 107.0), (-7.0, 13.0), (96.0, 11.0), (0, 0), (91.0, 0.0), (-33.0, -23.0), (117.0, -17.0)]
[(43.0, 375.0), (33.0, 384.0), (51.0, 383.0), (-5.0, 330.0), (88.0, 325.0), (16.0, 193.0), (67.0, 194.0), (-7.0, 105.0), (91.0, 106.0), (-7.0, 13.0), (96.0, 10.0), (0, 0), (91.0, -1.0), (-33.0, -23.0), (117.0, -17.0)]
[(46.0, 359.0), (36.0, 369.0), (53.0, 367.0), (-5.0, 313.0), (89.0, 310.0), (15.0, 183.0), (67.0, 183.0), (-10.0, 100.0), (99.0, 102.0), (-7.0, 12.0), (97.0, 10.0), (0, 0), (91.0, 0.0), (-33.0, -22.0), (117.0, -16.0)]
[(49.0, 357.0), (38.0, 367.0), (54.0, 365.0), (-5.0, 309.0), (90.0, 306.0), (15.0, 182.0), (67.0, 182.0), (-10.0, 100.0), (101.0, 102.0), (-7.0, 13.0), (98.0, 11.0), (0, 0), (91.0, 0.0), (-33.0, -21.0), (118.0, -16.0)]
[(49.0, 322.0), (38.0, 332.0), (54.0, 331.0), (-4.0, 279.0), (90.0, 279.0), (15.0, 163.0), (68.0, 164.0), (-14.0, 94.0), (105.0, 98.0), (-7.0, 12.0), (98.0, 10.0), (0, 0), (92.0, -1.0), (-32.0, -22.0), (118.0, -17.0)]
[(48.0, 303.0), (39.0, 312.0), (54.0, 312.0), (-3.0, 261.0), (90.0, 262.0), (15.0, 153.0), (68.0, 154.0), (-17.0, 92.0), (109.0, 93.0), (-7.0, 11.0), (98.0, 10.0), (0, 0), (92.0, -1.0), (-30.0, -22.0), (118.0, -17.0)]
[(48.0, 299.0), (39.0, 309.0), (55.0, 308.0), (-1.0, 260.0), (90.0, 259.0), (15.0, 154.0), (68.0, 154.0), (-19.0, 91.0), (109.0, 91.0), (-7.0, 11.0), (99.0, 10.0), (0, 0), (92.0, -1.0), (-30.0, -21.0), (120.0, -17.0)]
[(45.0, 281.0), (37.0, 291.0), (53.0, 290.0), (-1.0, 247.0), (89.0, 244.0), (14.0, 146.0), (67.0, 146.0), (-22.0, 89.0), (109.0, 90.0), (-8.0, 11.0), (98.0, 10.0), (0, 0), (91.0, -1.0), (-30.0, -21.0), (120.0, -17.0)]
[(44.0, 246.0), (37.0, 255.0), (52.0, 255.0), (-0.0, 220.0), (88.0, 218.0), (15.0, 124.0), (66.0, 125.0), (-24.0, 87.0), (112.0, 90.0), (-8.0, 11.0), (98.0, 10.0), (0, 0), (90.0, -1.0), (-30.0, -21.0), (120.0, -18.0)]
[(43.0, 234.0), (36.0, 243.0), (52.0, 243.0), (-0.0, 209.0), (86.0, 213.0), (17.0, 120.0), (67.0, 120.0), (-26.0, 89.0), (113.0, 91.0), (-9.0, 12.0), (97.0, 11.0), (0, 0), (89.0, 0.0), (-31.0, -20.0), (119.0, -17.0)]
[(43.0, 233.0), (36.0, 242.0), (52.0, 241.0), (2.0, 209.0), (85.0, 211.0), (19.0, 121.0), (68.0, 120.0), (-26.0, 89.0), (114.0, 91.0), (-9.0, 12.0), (97.0, 11.0), (0, 0), (89.0, 0.0), (-30.0, -19.0), (119.0, -17.0)]
[(44.0, 222.0), (36.0, 232.0), (52.0, 232.0), (2.0, 203.0), (85.0, 201.0), (20.0, 113.0), (68.0, 112.0), (-26.0, 90.0), (116.0, 93.0), (-9.0, 12.0), (97.0, 12.0), (0, 0), (88.0, 1.0), (-31.0, -18.0), (119.0, -16.0)]
[(44.0, 207.0), (36.0, 217.0), (53.0, 217.0), (2.0, 190.0), (85.0, 188.0), (20.0, 98.0), (68.0, 98.0), (-26.0, 88.0), (117.0, 92.0), (-9.0, 10.0), (97.0, 11.0), (0, 0), (88.0, -1.0), (-31.0, -19.0), (119.0, -17.0)]
[(43.0, 207.0), (35.0, 217.0), (52.0, 217.0), (1.0, 190.0), (84.0, 187.0), (21.0, 97.0), (67.0, 96.0), (-28.0, 89.0), (116.0, 93.0), (-10.0, 11.0), (96.0, 12.0), (0, 0), (87.0, 0.0), (-32.0, -18.0), (118.0, -16.0)]
[(43.0, 205.0), (35.0, 215.0), (52.0, 214.0), (1.0, 187.0), (84.0, 185.0), (21.0, 92.0), (67.0, 92.0), (-29.0, 88.0), (117.0, 93.0), (-10.0, 11.0), (96.0, 13.0), (0, 0), (87.0, 1.0), (-31.0, -20.0), (118.0, -17.0)]
[(43.0, 205.0), (35.0, 215.0), (52.0, 215.0), (2.0, 187.0), (84.0, 186.0), (21.0, 93.0), (67.0, 93.0), (-29.0, 88.0), (118.0, 93.0), (-10.0, 11.0), (96.0, 13.0), (0, 0), (87.0, 1.0), (-31.0, -20.0), (118.0, -17.0)]
[(43.0, 206.0), (35.0, 215.0), (52.0, 215.0), (2.0, 187.0), (84.0, 185.0), (21.0, 94.0), (67.0, 94.0), (-29.0, 88.0), (118.0, 93.0), (-10.0, 11.0), (96.0, 13.0), (0, 0), (87.0, 1.0), (-31.0, -20.0), (118.0, -17.0)]
[(44.0, 213.0), (35.0, 221.0), (52.0, 222.0), (2.0, 195.0), (83.0, 194.0), (21.0, 100.0), (67.0, 101.0), (-29.0, 88.0), (118.0, 93.0), (-10.0, 11.0), (96.0, 13.0), (0, 0), (87.0, 1.0), (-31.0, -21.0), (118.0, -17.0)]
[(44.0, 219.0), (35.0, 228.0), (52.0, 229.0), (2.0, 199.0), (83.0, 197.0), (21.0, 105.0), (67.0, 106.0), (-29.0, 88.0), (117.0, 93.0), (-10.0, 11.0), (96.0, 13.0), (0, 0), (87.0, 1.0), (-31.0, -21.0), (118.0, -17.0)]
[(44.0, 221.0), (35.0, 230.0), (52.0, 230.0), (3.0, 200.0), (83.0, 198.0), (21.0, 106.0), (67.0, 107.0), (-29.0, 87.0), (117.0, 92.0), (-10.0, 10.0), (97.0, 12.0), (0, 0), (87.0, 0.0), (-31.0, -22.0), (119.0, -18.0)]
[(43.0, 230.0), (35.0, 238.0), (52.0, 238.0), (3.0, 206.0), (82.0, 208.0), (20.0, 117.0), (67.0, 119.0), (-28.0, 87.0), (116.0, 91.0), (-10.0, 10.0), (97.0, 11.0), (0, 0), (88.0, -1.0), (-30.0, -23.0), (119.0, -19.0)]
[(43.0, 257.0), (35.0, 266.0), (51.0, 265.0), (3.0, 232.0), (79.0, 230.0), (17.0, 133.0), (66.0, 134.0), (-27.0, 88.0), (114.0, 92.0), (-10.0, 11.0), (97.0, 12.0), (0, 0), (88.0, 0.0), (-31.0, -22.0), (119.0, -17.0)]
[(44.0, 273.0), (36.0, 282.0), (52.0, 281.0), (4.0, 246.0), (80.0, 245.0), (17.0, 143.0), (67.0, 144.0), (-23.0, 89.0), (113.0, 92.0), (-9.0, 11.0), (98.0, 12.0), (0, 0), (89.0, 0.0), (-30.0, -21.0), (120.0, -17.0)]
[(44.0, 275.0), (36.0, 284.0), (52.0, 283.0), (4.0, 246.0), (80.0, 245.0), (16.0, 145.0), (66.0, 146.0), (-22.0, 90.0), (112.0, 92.0), (-9.0, 11.0), (98.0, 11.0), (0, 0), (89.0, -1.0), (-29.0, -20.0), (120.0, -17.0)]
[(43.0, 293.0), (35.0, 301.0), (51.0, 301.0), (4.0, 260.0), (80.0, 259.0), (15.0, 154.0), (66.0, 154.0), (-21.0, 92.0), (110.0, 92.0), (-9.0, 11.0), (98.0, 10.0), (0, 0), (89.0, -1.0), (-28.0, -19.0), (120.0, -17.0)]
[(41.0, 309.0), (33.0, 318.0), (49.0, 318.0), (4.0, 276.0), (81.0, 273.0), (15.0, 164.0), (66.0, 163.0), (-19.0, 93.0), (108.0, 92.0), (-9.0, 11.0), (98.0, 10.0), (0, 0), (89.0, -1.0), (-29.0, -19.0), (120.0, -17.0)]
[(41.0, 312.0), (33.0, 321.0), (48.0, 320.0), (4.0, 278.0), (81.0, 274.0), (14.0, 165.0), (66.0, 164.0), (-19.0, 93.0), (107.0, 92.0), (-9.0, 11.0), (98.0, 10.0), (0, 0), (89.0, 0.0), (-29.0, -19.0), (120.0, -17.0)]
[(41.0, 344.0), (33.0, 353.0), (49.0, 352.0), (3.0, 306.0), (81.0, 304.0), (15.0, 182.0), (66.0, 182.0), (-15.0, 98.0), (103.0, 96.0), (-9.0, 11.0), (98.0, 10.0), (0, 0), (89.0, -1.0), (-29.0, -19.0), (120.0, -17.0)]
[(42.0, 362.0), (33.0, 371.0), (49.0, 370.0), (1.0, 320.0), (81.0, 320.0), (15.0, 193.0), (66.0, 194.0), (-11.0, 103.0), (98.0, 100.0), (-9.0, 11.0), (97.0, 10.0), (0, 0), (89.0, -1.0), (-31.0, -20.0), (120.0, -17.0)]